,video_id,frame_seq,gap,time_seconds,m1,m3,m4,m5,m6,m7,m8,m9,m10,m11,m12,m13,m14,m15,m16,m17,e1,e2,e3,b1,b2,b3,m_0_16,m_1_15,m_2_14,m_3_13
0,36,0,0,0.0,3.1622776601683795,104.0,12.041594578792296,23.021728866442675,27.0,30.0,29.0,67.00746227100382,44.0,42.5,38.0,38.0,9.0,29.0,4.0,1.0,14.142135623730951,14.035668847618199,14.5,51.0,52.0,49.0,282.02836736753983,281.0284683088174,268.00186566514793,248.0
1,36,1,0,0.0333333333333333,3.1622776601683795,104.0,12.041594578792296,23.021728866442675,27.0,30.0,29.0,67.00746227100382,44.0,42.5,38.0,38.0,9.0,29.0,4.0,1.0,14.142135623730951,14.035668847618199,14.5,51.0,52.0,49.0,282.02836736753983,281.0284683088174,268.00186566514793,248.0
2,36,2,0,0.0666666666666666,2.23606797749979,102.00490184299969,13.0,23.0,27.018512172212592,29.0,28.0178514522438,66.0,43.0,42.0,38.0,39.0,10.5,27.5,2.5,1.5,14.142135623730951,13.0,13.5,51.0,50.0,50.039984012787215,279.0017921089397,279.00716836669267,266.01691675530714,247.0323865407125
3,36,3,0,0.0999999999999999,4.123105625617661,102.0196059588548,12.0,22.0,27.0,29.0,28.071337695236398,66.06814663663572,44.10215414239989,42.0,37.0,39.0,10.0,28.0,4.0,0.0,14.142135623730951,14.035668847618199,14.0,50.0,49.0,47.01063709417264,279.0161285660741,276.0163038662753,263.00760445279906,244.0184419260151
4,36,4,0,0.1333333333333332,3.1622776601683795,100.00499987500625,13.0,23.0,27.018512172212592,29.017236257093817,27.073972741361768,66.06814663663572,43.104524124504614,41.5,38.0,39.0,11.5,27.5,2.5,0.5,16.1245154965971,15.033296378372908,15.0,51.0,49.0,49.0,278.01618657912707,275.02908937056094,262.01717500957835,243.03291958086666
5,36,5,0,0.1666666666666665,3.1622776601683795,99.00505037623081,13.0,23.021728866442675,26.0,28.0,27.073972741361768,66.12110101926616,43.104524124504614,41.5,38.0,39.0,11.5,27.5,2.5,0.5,15.033296378372908,14.035668847618199,14.0,50.0,50.0,48.0,274.0072991728505,273.00732590903124,259.0019304947359,241.0082986123092
6,36,6,0,0.1999999999999998,3.1622776601683795,100.0199980003999,13.0,24.020824298928627,26.0,28.0178514522438,27.018512172212592,67.06713054842886,43.04648650006177,41.5,37.0,39.0,11.0,29.0,3.0,0.0,14.035668847618199,14.142135623730951,14.0,48.0,48.0,47.0,271.0,271.0018450121696,259.0019304947359,240.03333101883996
7,36,7,0,0.2333333333333331,3.1622776601683795,101.00495037373169,13.0,23.0,27.0,29.0,26.076809620810597,65.06919393998976,42.1070065428546,40.5,37.0,38.0,11.5,27.5,2.5,0.5,15.033296378372908,14.035668847618199,14.5,48.0,48.0,47.01063709417264,271.0,271.0,257.0,240.01874926763534
8,36,8,0,0.2666666666666664,5.0,98.00510190801293,12.0,23.0,25.0,28.0,26.076809620810597,66.03029607687671,43.04648650006177,40.5,37.0,38.0,11.5,28.5,3.5,0.5,15.033296378372908,13.0,14.0,47.0,47.0,47.01063709417264,267.00187265260894,266.0,254.0019684963091,236.01906702637396
9,36,9,0,0.2999999999999997,5.0,96.0,13.0,23.0,25.019992006393608,27.0,26.019223662515376,67.00746227100382,44.01136216933077,41.5,38.0,38.0,12.0,29.0,4.0,0.0,14.035668847618199,14.035668847618199,14.0,47.0,47.0,47.01063709417264,265.01698058803703,264.0170449043016,252.00793638296395,235.00212764994276
10,36,10,0,0.333333333333333,9.0,96.0,11.0,23.0,24.020824298928627,28.0,26.019223662515376,69.00724599634447,46.010868281309364,41.5,39.0,39.0,13.0,30.0,5.0,3.0,11.0,11.0,11.5,45.0,46.0,45.0,264.0075756488817,264.0170449043016,252.00793638296395,234.00213674238105
11,36,11,0,0.3666666666666663,14.035668847618199,94.0,11.0,22.0,25.0,28.0,23.021728866442675,70.02856560004639,48.041648597857254,41.0,39.0,39.0,16.0,31.0,7.0,6.0,7.0,7.0710678118654755,7.0,46.0,46.0,43.0,263.00760445279906,261.00766272276377,250.00199999200007,233.0
12,36,12,0,0.3999999999999997,17.029386365926403,94.0,10.0,21.0,26.0,28.0,24.020824298928627,72.02777242147643,51.03920062069938,42.5,40.0,40.0,16.0,32.0,9.0,7.0,7.0,6.082762530298219,6.0,47.0,48.0,43.01162633521314,262.03053257206494,260.0173071162764,248.0181444975347,232.0086205294967
13,36,13,0,0.433333333333333,20.024984394500787,95.00526301210897,10.0,22.0,25.0,28.0,24.020824298928627,76.02631123499285,54.037024344425184,44.0,43.0,42.0,18.5,33.5,9.5,8.5,8.0,7.0,7.5,46.0,47.0,45.0111097397076,263.00760445279906,261.00766272276377,249.0020080240318,231.0
14,36,14,0,0.4666666666666663,20.024984394500787,95.00526301210897,10.0,22.0,25.0,28.0,24.020824298928627,76.02631123499285,54.037024344425184,44.0,43.0,42.0,18.5,33.5,9.5,8.5,8.0,7.0,7.5,46.0,47.0,45.0111097397076,263.00760445279906,261.00766272276377,249.0020080240318,231.0
15,36,15,0,0.4999999999999996,22.02271554554524,99.00505037623081,12.0,23.0,27.0,30.0,23.021728866442675,80.02499609497022,57.0350769263968,46.0,44.0,45.0,21.5,35.5,11.5,10.5,11.045361017187261,11.0,11.0,48.0,47.0,48.010415536631214,263.0171097096157,261.01724080987447,248.0181444975347,232.03448019637082
16,36,16,0,0.533333333333333,23.021728866442675,99.02019995940222,11.0,24.0,29.017236257093817,31.0,23.021728866442675,81.02468759581859,57.0350769263968,45.5,42.0,44.0,20.0,38.0,12.0,10.0,12.041594578792296,13.0,12.5,50.0,48.0,48.0,262.03053257206494,261.03064954139006,247.05060210410335,230.10649708341572
17,36,17,0,0.5666666666666663,24.020824298928627,99.02019995940222,11.0,23.0,27.018512172212592,31.0,22.02271554554524,80.02499609497022,57.0350769263968,45.0,42.0,44.0,21.0,37.0,12.0,10.0,13.038404810405298,13.0,13.0,48.0,46.0,45.0,262.03053257206494,260.0480724789169,248.05039810490126,230.07824755939012
18,36,18,0,0.5999999999999996,24.020824298928627,101.01980003939822,11.0,22.02271554554524,28.0178514522438,32.0,23.08679276123039,80.09993757800315,58.077534382926416,46.0,42.0,44.0,20.0,37.0,13.0,10.0,12.041594578792296,12.0,12.0,49.0,46.0,44.01136216933077,262.0686932847951,260.0480724789169,247.05060210410335,230.05434140654683
19,36,19,0,0.633333333333333,25.019992006393608,99.02019995940222,10.0,23.021728866442675,27.018512172212592,31.016124838541646,22.090722034374522,80.09993757800315,57.07889277132134,44.5,41.0,43.0,20.0,38.0,13.0,10.0,12.041594578792296,13.0,13.0,49.0,45.0,43.0,262.0686932847951,261.0689564080724,247.07286374670934,231.10603626906848
20,36,20,0,0.6666666666666663,25.079872407968907,100.07996802557443,11.0,24.0,28.071337695236398,31.016124838541646,22.02271554554524,82.05485969764375,58.077534382926416,45.5,40.0,44.0,20.0,40.0,14.0,9.0,14.142135623730951,13.038404810405298,13.5,49.0,45.0,44.04543109109048,261.04788832702707,260.09421369957465,247.12952069714376,230.17601960239037
21,36,21,0,0.6999999999999996,28.071337695236398,100.07996802557443,10.0,22.02271554554524,29.068883707497267,32.01562118716424,23.08679276123039,83.15046602394962,61.1310068623117,47.0,40.0,44.0,19.0,41.0,17.0,9.0,12.041594578792296,13.0,13.0,48.0,44.0,44.04543109109048,262.1221089492453,260.1230478062257,246.16457909293123,228.21919288263203
22,36,22,0,0.733333333333333,33.015148038438355,100.07996802557443,9.055385138137417,23.0,28.0178514522438,32.0,23.08679276123039,88.09086218218096,65.12296062065974,48.5,42.0,46.0,21.0,44.0,19.0,12.0,14.142135623730951,13.038404810405298,13.0,50.0,45.0,44.04543109109048,260.09421369957465,259.15632348063593,246.24581214713075,228.3703133071372
23,36,23,0,0.7666666666666663,37.013511046643494,101.1236866416568,9.0,23.021728866442675,28.0178514522438,32.01562118716424,22.20360331117452,91.13725912051558,68.11754546370561,49.5,41.0,46.0,21.5,47.5,22.5,12.5,13.152946437965905,13.038404810405298,13.0,51.0,44.0,44.10215414239989,262.0934947685654,260.155722597063,247.24481794367298,227.3719419805355
24,36,24,0,0.7999999999999996,42.01190307520001,102.12247548899312,8.06225774829855,22.02271554554524,28.0178514522438,32.01562118716424,22.02271554554524,94.08506789071261,72.06247289678588,51.0,41.0,46.0,21.5,50.5,25.5,13.5,13.038404810405298,13.038404810405298,13.5,51.0,45.0,43.104524124504614,263.1216448717209,261.1225765804252,246.13004692641653,227.2201575564985
25,36,25,0,0.8333333333333329,44.04543109109048,101.1236866416568,7.0,22.0,28.0178514522438,32.0,24.08318915758459,97.082439194738,75.1065909225016,53.0,42.0,47.0,20.5,52.5,27.5,13.5,14.035668847618199,13.0,13.5,49.0,44.0,43.104524124504614,263.1216448717209,261.15512631384433,247.2023462671825,228.31557108528537
26,36,26,0,0.8666666666666663,38.01315561749642,100.07996802557443,7.0,23.0,27.018512172212592,32.01562118716424,23.08679276123039,91.0494371207203,68.06614430096654,49.0,40.0,44.0,19.0,49.0,23.0,12.0,13.152946437965905,14.0,13.5,50.0,45.0,44.04543109109048,263.1216448717209,261.15512631384433,247.1639132235934,229.2640399190418
27,36,27,0,0.8999999999999996,25.019992006393608,93.04837451562494,9.0,24.0,23.0,28.0,26.019223662515376,84.02380615040002,60.03332407921454,47.5,41.0,44.0,16.5,41.5,15.5,8.5,14.035668847618199,13.038404810405298,13.5,48.0,44.0,45.0111097397076,261.00766272276377,262.01717500957835,248.0181444975347,229.0349318335524
28,36,28,0,0.9333333333333328,25.019992006393608,93.04837451562494,9.0,24.0,23.0,28.0,26.019223662515376,84.02380615040002,60.03332407921454,47.5,41.0,44.0,16.5,41.5,15.5,8.5,14.035668847618199,13.038404810405298,13.5,48.0,44.0,45.0111097397076,261.00766272276377,262.01717500957835,248.0181444975347,229.0349318335524
29,36,29,0,0.9666666666666662,16.0,87.02298546935747,10.0,24.020824298928627,21.0,24.020824298928627,30.14962686336267,80.09993757800315,56.08029957123981,48.0,42.0,44.0,13.0,37.0,11.0,4.0,15.132745950421556,15.0,15.0,50.0,46.0,46.010868281309364,262.01717500957835,263.0304164920856,250.0319979522621,230.07824755939012
30,36,30,0,0.9999999999999996,16.0312195418814,87.02298546935747,10.0,25.0,21.0,25.0,30.066592756745816,81.05553651663777,56.08029957123981,48.0,42.0,44.0,13.0,38.0,11.0,4.0,15.132745950421556,15.033296378372908,15.0,50.0,46.0,46.0,262.03053257206494,262.0477055804916,251.07170290576354,232.1055794245369
31,36,31,0,1.0333333333333328,19.026297590440446,89.02246907382428,11.045361017187261,25.0,23.021728866442675,26.0,27.018512172212592,82.05485969764375,57.07889277132134,47.5,42.0,44.0,16.0,39.0,12.0,6.0,15.132745950421556,14.035668847618199,14.5,50.0,46.0,45.0111097397076,263.00760445279906,263.0171097096157,250.01799935204664,230.0347799790284
32,36,32,0,1.066666666666666,22.02271554554524,94.04786015641186,10.0,25.019992006393608,24.020824298928627,28.0,25.019992006393608,82.05485969764375,57.0350769263968,46.0,41.0,44.0,17.5,39.5,12.5,8.5,15.132745950421556,14.035668847618199,15.0,50.0,47.0,45.044422518220834,264.0170449043016,263.04752422328556,250.09798079952586,229.13969538253298
33,36,33,0,1.0999999999999992,21.02379604162864,95.08417323613851,9.0,23.021728866442675,23.021728866442675,26.019223662515376,26.019223662515376,79.05694150420949,56.0357029044876,45.5,40.0,44.0,16.0,37.0,11.0,7.0,14.142135623730951,14.035668847618199,14.0,50.0,46.0,45.044422518220834,263.04752422328556,262.0477055804916,251.04979585731593,231.07790893982056
34,36,34,0,1.1333333333333324,13.038404810405298,97.082439194738,10.0,23.0,23.021728866442675,26.0,24.020824298928627,70.02856560004639,47.042533945356304,40.5,36.0,40.0,14.0,32.0,7.0,5.0,16.1245154965971,15.033296378372908,15.0,48.0,45.0,45.044422518220834,264.09278672466615,262.0934947685654,251.09759058979438,231.17525819170183
35,36,35,0,1.1666666666666656,12.0,98.08159868191383,10.0,23.0,23.021728866442675,26.019223662515376,25.079872407968907,70.02856560004639,47.042533945356304,41.0,36.0,40.0,13.0,32.0,7.0,4.0,15.132745950421556,14.0,14.5,49.0,45.0,45.044422518220834,264.030301291348,263.0304164920856,251.03187048659777,232.0538730553748
36,36,36,0,1.1999999999999988,15.033296378372908,99.08077512817509,8.0,22.0,24.020824298928627,28.0178514522438,25.019992006393608,70.02856560004639,48.041648597857254,40.5,36.0,40.0,13.0,32.0,8.0,5.0,15.033296378372908,14.035668847618199,14.0,49.0,45.0,45.044422518220834,263.0684321616716,262.0477055804916,250.04999500099976,230.07824755939012
37,36,37,0,1.233333333333332,15.033296378372908,97.082439194738,9.0,23.0,24.08318915758459,26.019223662515376,24.08318915758459,71.06335201775947,48.093658625644196,40.5,37.0,41.0,15.0,32.0,7.0,6.0,15.033296378372908,14.035668847618199,14.5,49.0,44.0,44.04543109109048,264.030301291348,263.04752422328556,251.04979585731593,231.07790893982056
38,36,38,0,1.2666666666666653,16.0312195418814,97.082439194738,9.0,22.02271554554524,24.08318915758459,27.018512172212592,24.020824298928627,71.06335201775947,49.040799340956916,41.0,37.0,41.0,15.0,32.0,7.0,6.0,15.132745950421556,15.0,15.0,49.0,45.0,44.01136216933077,264.030301291348,262.0477055804916,249.0501957437496,231.07790893982056
39,36,39,0,1.2999999999999985,14.035668847618199,98.08159868191383,10.0,22.02271554554524,26.019223662515376,28.0178514522438,23.021728866442675,69.06518659932803,47.042533945356304,40.0,37.0,41.0,16.0,30.0,5.0,7.0,15.132745950421556,15.033296378372908,15.0,48.0,44.0,44.10215414239989,264.06817301598466,262.0686932847951,249.09837414162303,230.10649708341572
40,36,40,0,1.3333333333333317,14.035668847618199,97.12878049270464,10.0,23.021728866442675,25.019992006393608,28.0178514522438,22.090722034374522,69.1158447825099,46.09772228646444,39.0,36.0,41.0,16.5,30.5,5.5,6.5,16.1245154965971,15.033296378372908,15.0,48.0,44.0,44.01136216933077,263.04752422328556,262.0686932847951,249.07227866625382,230.10649708341572
41,36,41,0,1.366666666666665,17.0,97.082439194738,8.06225774829855,21.02379604162864,26.076809620810597,29.017236257093817,22.090722034374522,68.11754546370561,47.095647357266465,38.5,35.0,39.0,15.0,31.0,7.0,7.0,15.132745950421556,14.0,14.5,48.0,45.0,43.04648650006177,264.04734423962685,263.1216448717209,249.1625975141534,231.21634890292685
42,36,42,0,1.399999999999998,20.024984394500787,98.12746812182611,9.055385138137417,22.0,26.076809620810597,29.017236257093817,22.090722034374522,73.10950690573696,51.15662224971465,41.0,36.0,41.0,16.5,34.5,9.5,7.5,16.1245154965971,15.033296378372908,15.5,49.0,46.0,43.04648650006177,263.04752422328556,263.0684321616716,249.12848090894786,230.21728866442677
43,36,43,0,1.4333333333333311,21.095023109728988,98.12746812182611,8.0,22.0,27.073972741361768,30.01666203960727,23.08679276123039,74.10802925459562,52.15361924162119,41.5,36.0,41.0,15.5,35.5,10.5,7.5,16.1245154965971,15.0,15.5,48.0,44.0,43.01162633521314,263.0304164920856,261.0689564080724,249.09837414162303,230.13908837917995
44,36,44,0,1.4666666666666646,20.024984394500787,98.12746812182611,9.055385138137417,23.021728866442675,26.076809620810597,30.01666203960727,22.090722034374522,74.16872656315464,51.15662224971465,41.0,35.0,40.0,15.5,36.5,10.5,6.5,15.132745950421556,15.033296378372908,15.5,48.0,44.0,44.10215414239989,263.1216448717209,261.15512631384433,249.1625975141534,230.2628932329306
45,36,45,0,1.4999999999999978,17.0,99.08077512817509,9.055385138137417,24.020824298928627,27.073972741361768,30.01666203960727,22.090722034374522,72.11102550927978,48.093658625644196,39.5,35.0,39.0,15.0,35.0,9.0,6.0,15.132745950421556,15.033296378372908,15.5,48.0,44.0,43.04648650006177,262.0934947685654,262.0934947685654,250.09798079952586,231.1384866265244
46,36,46,0,1.533333333333331,16.1245154965971,99.12618221237011,9.0,22.02271554554524,28.071337695236398,31.064449134018133,22.090722034374522,69.18092222571191,47.16990566028302,39.0,33.0,38.0,13.5,33.5,8.5,4.5,16.1245154965971,15.0,15.0,49.0,44.0,43.104524124504614,263.0931394012394,262.0934947685654,249.09837414162303,232.13789005675054
47,36,47,0,1.5666666666666642,16.0312195418814,100.12492197250393,9.055385138137417,22.02271554554524,28.071337695236398,31.064449134018133,23.08679276123039,70.178344238091,48.16637831516918,40.0,34.0,39.0,13.5,33.5,8.5,4.5,16.278820596099706,15.033296378372908,15.0,49.0,44.0,43.104524124504614,263.0931394012394,262.1221089492453,249.12848090894786,231.17525819170183
48,36,48,0,1.5999999999999974,15.132745950421556,101.07917688624102,9.0,23.0,28.071337695236398,31.016124838541646,23.08679276123039,70.11419257183242,47.16990566028302,39.5,34.0,38.0,13.0,34.0,8.0,4.0,16.1245154965971,15.033296378372908,15.5,49.0,44.0,43.04648650006177,264.12118430750684,263.1216448717209,251.127457678367,232.17450333746814
49,36,49,0,1.6333333333333306,16.1245154965971,101.1236866416568,9.0,22.02271554554524,29.017236257093817,31.016124838541646,23.194827009486403,70.25667228100119,48.25971404805462,40.0,34.0,39.0,13.5,33.5,9.5,5.5,16.1245154965971,16.0312195418814,16.0,48.0,44.0,43.04648650006177,264.15336454416024,262.1907702418222,249.20072231034965,231.26175645791503
50,36,50,0,1.666666666666664,17.029386365926403,99.12618221237011,9.0,22.02271554554524,29.068883707497267,31.016124838541646,23.08679276123039,71.11258679024411,49.09175083453431,40.5,34.0,39.0,13.5,34.5,9.5,4.5,15.132745950421556,15.0,15.5,50.0,44.0,42.04759208325728,264.2290672882149,262.23081436017395,248.20153101864622,230.31283073246266
51,36,51,0,1.699999999999997,17.029386365926403,98.12746812182611,9.0,23.021728866442675,29.068883707497267,31.016124838541646,23.194827009486403,72.17340230306452,49.16299421312742,40.5,35.0,40.0,14.5,34.5,9.5,5.5,15.132745950421556,15.0,15.0,49.0,43.0,41.10960958218893,264.15336454416024,261.15512631384433,249.12848090894786,231.17525819170183
52,36,52,0,1.7333333333333305,18.110770276274835,100.17983829094555,9.0,23.0,28.071337695236398,31.016124838541646,22.20360331117452,72.17340230306452,49.25444142409901,40.0,34.0,40.0,15.0,35.0,10.0,6.0,15.297058540778355,15.0,14.5,49.0,43.0,41.10960958218893,264.15336454416024,263.1539473388153,251.16130275183716,232.17450333746814
53,36,53,0,1.7666666666666635,18.027756377319946,101.1236866416568,8.0,23.021728866442675,29.068883707497267,31.016124838541646,23.194827009486403,72.17340230306452,49.16299421312742,40.0,35.0,40.0,14.5,34.5,9.5,6.5,15.297058540778355,15.0,15.0,49.0,43.0,43.04648650006177,264.18932605235966,262.1221089492453,249.09837414162303,231.1384866265244
54,36,54,0,1.7999999999999967,16.1245154965971,99.18165152889924,9.0,22.02271554554524,29.068883707497267,31.064449134018133,22.02271554554524,69.1158447825099,47.095647357266465,39.0,33.0,39.0,14.0,33.0,8.0,5.0,15.132745950421556,15.0,14.5,49.0,42.0,42.1070065428546,264.18932605235966,263.1900454044567,251.24092023394596,233.30880823492285
55,36,55,0,1.83333333333333,17.029386365926403,102.17631819555841,10.04987562112089,23.021728866442675,29.068883707497267,32.0624390837628,21.095023109728988,71.17583859709698,48.16637831516918,39.5,33.0,39.0,15.0,35.0,10.0,5.0,14.142135623730951,14.0,14.0,49.0,43.0,43.104524124504614,263.2299375071156,263.2299375071156,251.24092023394596,233.30880823492285
56,36,56,0,1.8666666666666631,24.08318915758459,99.18165152889924,9.0,23.021728866442675,29.068883707497267,32.01562118716424,22.20360331117452,78.23042886243178,55.226805085936306,43.0,36.0,42.0,17.0,39.0,13.0,8.0,12.165525060596439,13.0,13.0,50.0,44.0,42.04759208325728,264.31988196123274,263.32109676210905,249.33912649241395,231.42385356743154
57,36,57,0,1.8999999999999964,30.066592756745816,100.17983829094555,8.06225774829855,24.020824298928627,27.073972741361768,31.016124838541646,24.186773244895647,86.28441342444185,62.289646009589745,47.0,39.0,45.0,18.0,44.0,18.0,10.0,7.0710678118654755,7.0710678118654755,7.0,51.0,44.0,42.1070065428546,262.2746651889961,261.37520922994975,248.39484696748443,229.63013739489858
58,36,58,0,1.9333333333333296,25.019992006393608,100.17983829094555,8.0,23.021728866442675,26.076809620810597,30.066592756745816,24.515301344262525,80.30566605165541,57.3149195236284,44.5,38.0,44.0,17.0,39.0,14.0,9.0,7.0710678118654755,7.0710678118654755,7.0,51.0,44.0,42.1070065428546,262.37377917772193,261.43067914841214,249.51352668743232,231.70023737579555
59,36,59,0,1.9666666666666628,25.019992006393608,99.32270636667126,8.06225774829855,22.02271554554524,25.179356624028344,29.154759474226502,24.186773244895647,79.22752047110903,57.21887800367987,44.5,37.0,45.0,17.0,38.0,13.0,8.0,5.0990195135927845,5.0990195135927845,5.5,51.0,44.0,43.04648650006177,262.32232081925474,262.48809496813374,250.51147678300092,232.6972281742952
60,36,60,0,1.999999999999996,25.019992006393608,99.24716620639605,8.06225774829855,22.02271554554524,26.076809620810597,29.154759474226502,23.345235059857504,78.31347265956222,56.32051136131489,43.5,37.0,44.0,17.5,37.5,12.5,8.5,5.0990195135927845,6.324555320336759,6.0,51.0,44.0,44.10215414239989,263.2299375071156,261.3235542388018,250.39169315294788,231.48650068632512
61,36,61,0,2.033333333333329,26.019223662515376,97.32933781753577,9.055385138137417,22.0,25.179356624028344,29.068883707497267,23.345235059857504,80.22468448052632,58.309518948453004,45.0,39.0,47.0,20.0,37.0,11.0,10.0,7.280109889280518,7.0710678118654755,7.0,51.0,42.0,43.104524124504614,263.48624252510797,264.5467822522134,252.57276179350774,233.77339455121918
62,36,62,0,2.0666666666666624,26.076809620810597,93.43446901438462,9.0,23.021728866442675,25.079872407968907,28.160255680657446,22.360679774997898,80.30566605165541,57.3149195236284,44.0,39.0,48.0,21.5,36.5,9.5,11.5,9.219544457292887,9.055385138137417,9.0,51.0,43.0,42.1070065428546,263.3723599772763,263.4274093559742,251.5094431626773,233.6193485137736
63,36,63,0,2.099999999999996,22.02271554554524,92.34717104492157,10.0,24.020824298928627,23.194827009486403,27.073972741361768,22.360679774997898,78.23042886243178,54.230987451824994,43.0,39.0,47.0,21.0,35.0,8.0,10.0,11.180339887498949,11.045361017187261,11.0,51.0,41.0,43.104524124504614,262.48809496813374,262.6175927084855,250.64716236175505,231.8641843838759
64,36,64,0,2.133333333333329,17.029386365926403,93.34345183246653,11.045361017187261,25.019992006393608,23.08679276123039,26.076809620810597,24.186773244895647,77.23341245859851,52.23983154643591,43.5,40.0,48.0,20.0,33.0,5.0,9.0,12.165525060596439,12.041594578792296,12.0,51.0,41.0,44.10215414239989,263.48624252510797,263.48624252510797,253.57050301641948,232.6972281742952
65,36,65,0,2.166666666666662,11.045361017187261,93.26306878931231,13.038404810405298,26.019223662515376,22.20360331117452,26.076809620810597,24.186773244895647,74.24284477308234,48.25971404805462,42.5,39.0,46.0,18.5,31.5,2.5,5.5,12.165525060596439,12.041594578792296,12.0,51.0,42.0,43.104524124504614,262.5509474368737,263.54885695066105,252.6420392571276,232.6972281742952
66,36,66,0,2.199999999999996,11.045361017187261,92.26592003551474,13.038404810405298,26.019223662515376,22.090722034374522,26.076809620810597,23.194827009486403,73.24616030891995,47.265209192385896,41.5,38.0,45.0,18.5,31.5,2.5,5.5,13.152946437965905,12.0,12.5,52.0,42.0,45.17742799230607,262.48809496813374,264.61292485439935,253.71243564319033,233.94443784796422
67,36,67,0,2.2333333333333285,11.045361017187261,92.43916918709297,13.038404810405298,26.019223662515376,22.090722034374522,26.076809620810597,24.331050121192877,74.33034373659252,48.373546489791295,42.5,39.0,48.0,19.5,30.5,2.5,6.5,13.152946437965905,13.038404810405298,13.0,51.0,41.0,43.104524124504614,262.48809496813374,262.5509474368737,251.6445906432324,231.78006816808042
68,36,68,0,2.2666666666666617,14.142135623730951,91.35097153287424,12.0,25.019992006393608,22.090722034374522,25.079872407968907,23.345235059857504,74.33034373659252,49.36598018878993,42.0,39.0,47.0,20.0,31.0,3.0,8.0,13.152946437965905,13.038404810405298,13.5,50.0,41.0,43.18564576337837,263.3723599772763,263.3723599772763,252.44603383693712,232.62201099638014
69,36,69,0,2.299999999999995,15.033296378372908,93.26306878931231,12.041594578792296,25.019992006393608,22.090722034374522,25.079872407968907,23.194827009486403,75.23961722390672,50.24937810560445,42.5,40.0,47.0,20.5,31.5,3.5,8.5,15.132745950421556,15.0,15.0,51.0,41.0,44.04543109109048,264.42579299304373,264.42579299304373,252.50742563338608,231.70023737579555
70,36,70,0,2.333333333333328,17.029386365926403,94.42986815621421,11.045361017187261,24.020824298928627,24.08318915758459,27.073972741361768,23.345235059857504,75.32595834106593,51.35172830587107,42.5,39.0,48.0,20.5,31.5,4.5,9.5,14.142135623730951,14.035668847618199,14.0,50.0,41.0,42.190046219457976,262.42903802742563,261.48996156640504,250.57733337235433,232.6972281742952
71,36,71,0,2.3666666666666614,17.11724276862369,98.32598842625484,11.045361017187261,24.020824298928627,26.076809620810597,29.154759474226502,23.08679276123039,75.23961722390672,51.24451190127583,42.5,40.0,48.0,21.0,31.0,5.0,10.0,14.142135623730951,13.0,13.0,50.0,41.0,41.048751503547585,264.48440407706465,263.6152499382386,252.6420392571276,233.77339455121918
72,36,72,0,2.3999999999999946,20.223748416156685,100.40418317978589,10.0,24.020824298928627,27.16615541441225,30.066592756745816,21.213203435596427,75.32595834106593,51.35172830587107,41.0,38.0,47.0,21.5,32.5,6.5,10.5,14.035668847618199,14.0,14.0,49.0,40.0,43.104524124504614,263.68541863364385,262.76224995230956,251.87695408671274,234.13244115243833
73,36,73,0,2.433333333333328,24.08318915758459,99.40824915468535,9.055385138137417,23.021728866442675,27.16615541441225,31.144823004794873,22.20360331117452,78.31347265956222,55.326304774492215,43.0,39.0,48.0,21.5,34.5,8.5,11.5,14.142135623730951,14.035668847618199,14.0,50.0,40.0,43.104524124504614,264.6828290615015,262.68802789621,252.7152547829276,232.86047324524614
74,36,74,0,2.466666666666661,23.08679276123039,100.4987562112089,9.055385138137417,24.020824298928627,27.16615541441225,31.144823004794873,22.090722034374522,78.23042886243178,54.230987451824994,42.5,39.0,49.0,22.0,34.0,7.0,12.0,14.142135623730951,14.0,14.0,49.0,41.0,43.104524124504614,264.42579299304373,263.54885695066105,251.6445906432324,232.86047324524614
75,36,75,0,2.4999999999999942,19.026297590440446,99.50376877284599,9.055385138137417,22.02271554554524,26.30589287593181,30.265491900843113,22.090722034374522,72.17340230306452,50.15974481593781,40.5,38.0,48.0,21.0,29.0,3.0,10.0,14.142135623730951,14.035668847618199,14.5,50.0,41.0,43.104524124504614,264.48440407706465,263.6152499382386,252.7152547829276,233.8567937862828
76,36,76,0,2.5333333333333274,16.0312195418814,98.41239759298622,9.055385138137417,22.02271554554524,26.1725046566048,29.274562336608895,21.095023109728988,68.18357573492314,46.17358552246078,38.0,37.0,46.0,20.5,26.5,1.5,10.5,15.132745950421556,15.0,15.0,50.0,42.0,41.048751503547585,263.48624252510797,263.54885695066105,251.6445906432324,232.86047324524614
77,36,77,0,2.5666666666666607,15.132745950421556,97.41663102366043,10.0,22.02271554554524,25.179356624028344,28.160255680657446,22.20360331117452,69.26037828369117,47.265209192385896,39.5,39.0,48.0,21.5,25.5,0.5,10.5,14.142135623730951,14.0,14.0,49.0,41.0,43.104524124504614,263.48624252510797,263.6152499382386,251.79555198613022,231.95258136093247
78,36,78,0,2.599999999999994,18.027756377319946,95.524865872714,9.055385138137417,23.021728866442675,24.186773244895647,27.294688127912362,23.194827009486403,73.24616030891995,50.24937810560445,41.0,39.0,49.0,21.0,29.0,3.0,11.0,15.132745950421556,15.0,14.5,50.0,42.0,41.10960958218893,263.4274093559742,262.48809496813374,251.57503850740042,232.6972281742952
79,36,79,0,2.633333333333327,14.035668847618199,94.19129471453293,10.04987562112089,24.020824298928627,23.194827009486403,26.076809620810597,26.076809620810597,74.16872656315464,50.15974481593781,43.0,42.0,48.0,19.0,29.0,3.0,8.0,15.132745950421556,15.0,15.0,49.0,42.0,43.04648650006177,262.32232081925474,262.37377917772193,251.44780770569466,232.48440807933767
80,36,80,0,2.6666666666666603,3.1622776601683795,94.19129471453293,14.0,25.019992006393608,23.021728866442675,26.019223662515376,29.017236257093817,71.06335201775947,46.04345773288535,44.5,41.0,47.0,15.0,27.0,0.0,2.0,15.132745950421556,14.0,14.0,48.0,42.0,43.04648650006177,263.32109676210905,264.3709515056448,253.50542400508908,234.61670869739862
81,36,81,0,2.699999999999993,2.0,95.13148795220224,15.033296378372908,25.019992006393608,24.020824298928627,27.018512172212592,29.017236257093817,71.06335201775947,46.04345773288535,45.0,43.0,48.0,16.5,25.5,1.5,2.5,16.1245154965971,15.033296378372908,15.0,48.0,42.0,44.0,261.27571643763605,262.23081436017395,251.24092023394596,233.25951213187426
82,36,82,0,2.7333333333333267,5.0990195135927845,97.082439194738,14.0,25.019992006393608,25.019992006393608,29.017236257093817,28.0178514522438,72.06247289678588,47.042533945356304,44.5,43.0,47.0,17.0,27.0,0.0,4.0,15.033296378372908,15.0,15.0,48.0,43.0,44.01136216933077,262.15453457836657,262.1907702418222,250.2418829852429,233.30880823492285
83,36,83,0,2.76666666666666,17.029386365926403,99.04544411531506,11.0,23.0,28.0178514522438,30.01666203960727,24.08318915758459,75.05997601918082,52.08646657242167,43.5,43.0,46.0,20.5,30.5,5.5,9.5,16.1245154965971,16.0312195418814,15.5,49.0,44.0,43.04648650006177,262.15453457836657,262.15453457836657,250.19992006393608,232.2154172315008
84,36,84,0,2.799999999999993,18.027756377319946,101.04454463255303,11.045361017187261,23.021728866442675,30.066592756745816,32.0,22.02271554554524,74.10802925459562,51.088159097779204,42.0,40.0,43.0,19.5,32.5,7.5,8.5,15.033296378372908,15.0,14.5,48.0,44.0,44.01136216933077,262.0686932847951,262.0934947685654,250.09798079952586,233.13729860320507
85,36,85,0,2.8333333333333264,19.026297590440446,101.01980003939822,10.0,23.021728866442675,29.017236257093817,32.0,22.090722034374522,74.10802925459562,51.088159097779204,41.5,40.0,42.0,19.0,33.0,8.0,9.0,15.132745950421556,16.0,15.5,47.0,44.0,43.0,262.03053257206494,261.03064954139006,249.0321264415497,232.0538730553748
86,36,86,0,2.86666666666666,18.027756377319946,101.01980003939822,11.0,24.020824298928627,28.0178514522438,32.01562118716424,22.090722034374522,75.1065909225016,51.088159097779204,42.0,39.0,41.0,18.0,35.0,9.0,8.0,15.132745950421556,15.033296378372908,15.0,46.0,44.0,43.01162633521314,261.0689564080724,262.0934947685654,250.09798079952586,232.13789005675054
87,36,87,0,2.899999999999993,18.110770276274835,101.00495037373169,10.0,23.0,29.017236257093817,32.01562118716424,23.021728866442675,74.06078584514209,51.088159097779204,42.0,39.0,40.0,16.5,34.5,9.5,6.5,14.142135623730951,15.033296378372908,15.0,47.0,44.0,42.01190307520001,262.0477055804916,261.04788832702707,249.07227866625382,231.10603626906848
88,36,88,0,2.933333333333326,15.033296378372908,102.00490184299969,10.0,24.020824298928627,28.0178514522438,32.01562118716424,22.02271554554524,71.06335201775947,47.042533945356304,39.5,36.0,37.0,14.5,34.5,9.5,4.5,15.132745950421556,15.0,15.0,47.0,45.0,42.01190307520001,261.03064954139006,261.03064954139006,250.0319979522621,233.05364189387817
89,36,89,0,2.9666666666666592,16.0312195418814,102.00490184299969,10.0,23.021728866442675,29.017236257093817,32.0,22.02271554554524,71.06335201775947,48.041648597857254,40.0,36.0,37.0,14.5,34.5,9.5,5.5,14.142135623730951,14.035668847618199,14.0,47.0,44.0,42.01190307520001,263.0171097096157,262.03053257206494,249.0180716333656,233.01931250435015
90,36,90,0,2.9999999999999925,17.11724276862369,102.00490184299969,9.0,22.0,29.017236257093817,33.0,22.02271554554524,70.06425622241343,48.093658625644196,39.5,36.0,37.0,14.5,33.5,9.5,5.5,16.0312195418814,15.033296378372908,15.0,47.0,44.0,42.01190307520001,261.01724080987447,262.01717500957835,249.0180716333656,233.01931250435015
91,36,91,0,3.0333333333333257,20.024984394500787,99.04544411531506,9.055385138137417,23.0,29.017236257093817,32.0,22.02271554554524,74.06078584514209,51.088159097779204,41.0,36.0,39.0,15.5,36.5,10.5,6.5,15.033296378372908,15.033296378372908,15.0,47.0,45.0,41.012193308819754,263.0171097096157,261.01724080987447,248.0080643850115,231.01947969814148
92,36,92,0,3.066666666666659,26.019223662515376,96.00520819205592,9.0,25.019992006393608,27.073972741361768,31.0,22.090722034374522,82.09750300709517,57.07889277132134,44.0,40.0,41.0,18.5,41.5,15.5,9.5,15.132745950421556,14.035668847618199,14.0,47.0,45.0,43.01162633521314,261.01724080987447,261.01724080987447,248.0181444975347,230.0195643852931
93,36,93,0,3.099999999999992,26.019223662515376,93.0,8.0,24.0,25.0,27.018512172212592,26.0,84.00595217006948,60.00833275470999,47.0,43.0,43.0,17.0,41.0,16.0,9.0,15.132745950421556,15.033296378372908,15.0,47.0,45.0,43.04648650006177,262.0477055804916,261.03064954139006,248.03225596683993,228.0548179714693
94,36,94,0,3.1333333333333253,7.0710678118654755,92.02173656261873,12.0,23.0,22.0,25.019992006393608,30.066592756745816,72.00694410957877,49.01020301937138,45.5,42.0,40.0,11.0,31.0,7.0,0.0,15.033296378372908,14.035668847618199,14.5,46.0,44.0,43.01162633521314,261.03064954139006,260.0307674103201,249.0321264415497,230.07824755939012
95,36,95,0,3.1666666666666585,2.0,93.00537618869137,13.038404810405298,23.0,23.0,25.019992006393608,31.064449134018133,69.00724599634447,46.010868281309364,45.0,41.0,40.0,9.5,28.5,4.5,1.5,15.132745950421556,14.035668847618199,14.5,47.0,45.0,42.01190307520001,260.0173071162764,261.01724080987447,250.01799935204664,231.03462943896528
96,36,96,0,3.199999999999992,3.0,90.0,12.0,23.0,23.0,25.019992006393608,31.0,69.0,46.0,44.5,41.0,41.0,10.0,28.0,3.0,0.0,16.1245154965971,15.0,15.0,47.0,45.0,43.01162633521314,260.00192306981114,259.0019304947359,246.00203251192866,228.0021929719098
97,36,97,0,3.233333333333325,4.123105625617661,89.0,12.0,25.0,22.0,25.019992006393608,30.0,71.00704190430693,46.010868281309364,44.0,42.0,42.0,12.0,29.0,3.0,1.0,15.132745950421556,15.033296378372908,15.0,47.0,46.0,44.0,259.0,260.00192306981114,248.0020161208372,228.0021929719098
98,36,98,0,3.266666666666658,6.082762530298219,89.00561780022652,12.0,24.0,22.0,25.019992006393608,30.0,72.00694410957877,48.010415536631214,45.0,42.0,43.0,12.5,29.5,3.5,2.5,16.1245154965971,15.033296378372908,15.0,47.0,46.0,45.0111097397076,261.0,260.0,248.0020161208372,228.0021929719098
99,36,99,0,3.2999999999999914,9.0,90.00555538409837,11.0,24.0,22.0,25.0,29.017236257093817,73.00684899377592,49.01020301937138,44.5,41.0,42.0,12.5,31.5,5.5,2.5,15.132745950421556,15.033296378372908,15.0,47.0,46.0,44.01136216933077,261.0019157017818,260.00192306981114,248.0020161208372,228.0
100,36,100,0,3.3333333333333246,8.0,91.0,12.0,24.020824298928627,21.0,25.0,28.0,72.00694410957877,48.0,44.0,40.0,40.0,12.0,32.0,6.0,2.0,16.1245154965971,16.0312195418814,16.5,47.0,46.0,43.01162633521314,260.0076921939041,260.0076921939041,248.0080643850115,230.0195643852931
101,36,101,0,3.366666666666658,9.055385138137417,93.02150289046077,11.0,25.019992006393608,22.0,26.0,26.019223662515376,71.00704190430693,46.0,41.5,37.0,39.0,12.0,33.0,7.0,2.0,15.033296378372908,15.033296378372908,15.0,47.0,46.0,44.01136216933077,262.0019083899963,261.0019157017818,250.0,231.0
102,36,102,0,3.399999999999991,12.041594578792296,93.00537618869137,11.0,25.0,24.0,27.0,23.021728866442675,71.02816342831905,46.04345773288535,40.0,38.0,39.0,15.5,32.5,6.5,5.5,15.132745950421556,14.035668847618199,14.5,47.0,47.0,45.0,261.0019157017818,261.0019157017818,249.0,231.0
103,36,103,0,3.433333333333324,14.0,96.02083107326243,10.0,24.020824298928627,26.0,28.0178514522438,22.02271554554524,70.02856560004639,46.010868281309364,39.0,37.0,39.0,16.0,32.0,6.0,7.0,16.1245154965971,15.033296378372908,15.0,47.0,46.0,45.0,262.0,261.0,249.0020080240318,230.0021739027699
104,36,104,0,3.466666666666657,16.0312195418814,96.02083107326243,9.0,25.0,27.0,30.01666203960727,22.02271554554524,72.02777242147643,47.042533945356304,39.0,37.0,39.0,16.0,34.0,7.0,8.0,15.132745950421556,14.035668847618199,14.5,46.0,45.0,43.01162633521314,261.0,260.00192306981114,248.0,229.00218339570478
105,36,105,0,3.4999999999999907,14.035668847618199,96.02083107326243,10.0,24.020824298928627,27.0,29.017236257093817,22.090722034374522,70.11419257183242,46.09772228646444,39.0,37.0,39.0,16.0,32.0,6.0,8.0,15.132745950421556,16.0312195418814,15.5,47.0,46.0,42.01190307520001,263.0019011338131,261.0019157017818,248.0020161208372,230.00869548780108
106,36,106,0,3.533333333333324,17.029386365926403,98.02040603874276,9.0,23.0,27.018512172212592,30.0,22.090722034374522,71.06335201775947,48.093658625644196,39.5,36.0,38.0,15.0,34.0,9.0,7.0,15.132745950421556,15.033296378372908,15.0,48.0,47.0,42.0,263.0019011338131,261.0019157017818,248.0,231.00216449202375
107,36,107,0,3.566666666666657,19.026297590440446,99.02019995940222,9.0,23.021728866442675,28.0178514522438,31.0,22.090722034374522,73.10950690573696,50.08991914547278,40.5,38.0,40.0,17.0,34.0,9.0,8.0,15.132745950421556,15.033296378372908,15.0,46.0,46.0,44.0,263.0,261.0019157017818,248.0020161208372,230.00869548780108
108,36,108,0,3.5999999999999903,20.09975124224178,99.04544411531506,8.0,23.0,27.018512172212592,30.0,22.02271554554524,73.06161783043132,50.08991914547278,40.0,36.0,39.0,15.5,35.5,10.5,7.5,16.1245154965971,15.033296378372908,15.5,47.0,46.0,44.01136216933077,264.0018939326004,262.0,249.0020080240318,231.0
109,36,109,0,3.633333333333324,20.09975124224178,100.0199980003999,9.0,23.0,28.0178514522438,31.0,21.095023109728988,73.10950690573696,50.15974481593781,40.0,36.0,38.0,16.0,36.0,11.0,7.0,16.1245154965971,16.0312195418814,16.0,48.0,47.0,44.0,263.0019011338131,262.0019083899963,249.0020080240318,231.00216449202375
110,36,110,0,3.6666666666666567,19.026297590440446,99.02019995940222,9.055385138137417,23.0,28.071337695236398,31.0,22.02271554554524,73.06161783043132,50.08991914547278,40.5,36.0,38.0,15.0,36.0,11.0,6.0,16.1245154965971,15.033296378372908,15.5,48.0,47.0,44.0,264.0,262.0,249.0,231.0
111,36,111,0,3.69999999999999,19.026297590440446,100.00499987500625,9.0,23.0,28.0178514522438,31.0,22.02271554554524,73.02739212103907,50.039984012787215,40.5,36.0,37.0,14.5,36.5,11.5,5.5,16.1245154965971,15.033296378372908,15.5,48.0,47.0,44.01136216933077,264.0075756488817,262.0019083899963,250.0079998720041,232.0
112,36,112,0,3.733333333333323,19.026297590440446,100.0199980003999,10.0,24.0,28.0178514522438,32.0,22.20360331117452,75.1065909225016,51.15662224971465,41.5,36.0,38.0,15.0,38.0,12.0,6.0,16.0312195418814,16.0312195418814,15.5,47.0,46.0,43.01162633521314,263.0019011338131,261.0,248.0020161208372,229.0087334579186
113,36,113,0,3.766666666666656,22.02271554554524,100.0199980003999,8.0,23.021728866442675,28.071337695236398,31.016124838541646,23.08679276123039,76.10519036176179,53.08483775994799,42.0,36.0,38.0,14.0,39.0,13.0,6.0,16.1245154965971,15.132745950421556,15.5,49.0,47.0,44.01136216933077,264.0018939326004,261.0,249.0,229.00218339570478
114,36,114,0,3.7999999999999896,20.024984394500787,99.02019995940222,9.0,23.0,29.017236257093817,32.01562118716424,22.02271554554524,74.02702209328699,51.03920062069938,41.0,36.0,38.0,15.0,37.0,12.0,7.0,16.1245154965971,15.033296378372908,15.5,47.0,45.0,44.01136216933077,263.0,262.0019083899963,250.01799935204664,232.0538730553748
115,36,115,0,3.833333333333323,22.02271554554524,99.04544411531506,9.0,22.02271554554524,28.071337695236398,31.0,23.021728866442675,76.05918747922567,54.037024344425184,43.0,37.0,40.0,15.5,37.5,12.5,6.5,16.1245154965971,15.033296378372908,15.0,47.0,45.0,44.04543109109048,264.0075756488817,263.00760445279906,249.00803199896987,231.01947969814148
116,36,116,0,3.866666666666656,19.026297590440446,99.04544411531506,9.0,22.02271554554524,27.018512172212592,30.01666203960727,22.02271554554524,72.06247289678588,50.039984012787215,40.5,37.0,40.0,16.5,33.5,8.5,7.5,15.132745950421556,15.033296378372908,15.5,47.0,46.0,43.01162633521314,262.0019083899963,261.01724080987447,249.0321264415497,230.05434140654683
117,36,117,0,3.899999999999989,13.0,97.02061636580135,11.0,24.020824298928627,25.079872407968907,28.0178514522438,24.020824298928627,72.02777242147643,48.010415536631214,41.5,39.0,41.0,16.0,32.0,6.0,5.0,15.132745950421556,15.033296378372908,15.0,47.0,44.0,43.01162633521314,263.0019011338131,262.01717500957835,250.0319979522621,231.07790893982056
118,36,118,0,3.9333333333333225,9.0,94.04786015641186,13.0,25.0,23.021728866442675,26.019223662515376,25.019992006393608,72.00694410957877,47.01063709417264,42.5,38.0,41.0,14.5,32.5,4.5,2.5,16.1245154965971,15.0,15.0,48.0,45.0,44.0,262.0019083899963,263.0019011338131,250.0079998720041,232.01939574095957
119,36,119,0,3.966666666666656,9.0,95.02105029939419,15.0,26.0,23.021728866442675,26.019223662515376,26.076809620810597,76.02631123499285,50.039984012787215,45.5,41.0,43.0,16.0,34.0,5.0,2.0,16.278820596099706,15.033296378372908,15.0,49.0,45.0,43.01162633521314,261.0689564080724,262.0934947685654,251.127457678367,233.173754955398
120,36,120,0,3.999999999999989,10.0,94.02127418834527,14.035668847618199,26.0,23.021728866442675,26.019223662515376,26.019223662515376,76.02631123499285,50.039984012787215,45.0,41.0,43.0,16.0,34.0,5.0,3.0,15.033296378372908,15.033296378372908,15.0,48.0,45.0,43.01162633521314,261.04788832702707,262.0934947685654,251.127457678367,232.17450333746814
121,36,121,0,4.033333333333323,14.0,95.02105029939419,13.0,25.019992006393608,23.021728866442675,26.019223662515376,24.08318915758459,76.05918747922567,51.03920062069938,44.0,42.0,44.0,19.0,33.0,6.0,6.0,12.165525060596439,12.0,12.0,49.0,47.0,45.0111097397076,263.04752422328556,263.04752422328556,251.07170290576354,232.1055794245369
122,36,122,0,4.066666666666656,14.0,95.02105029939419,13.0,25.019992006393608,23.021728866442675,26.019223662515376,24.08318915758459,76.05918747922567,51.03920062069938,44.0,42.0,44.0,19.0,33.0,6.0,6.0,12.165525060596439,12.0,12.0,49.0,47.0,45.0111097397076,263.04752422328556,263.04752422328556,251.07170290576354,232.1055794245369
123,36,123,0,4.099999999999989,20.024984394500787,96.02083107326243,11.0,23.0,23.021728866442675,27.018512172212592,23.08679276123039,77.05841939723393,54.08326913195984,44.0,42.0,44.0,20.0,34.0,8.0,9.0,8.0,8.06225774829855,7.5,51.0,48.0,45.0111097397076,263.04752422328556,262.0686932847951,250.09798079952586,232.1055794245369
124,36,124,0,4.133333333333322,14.035668847618199,96.04686356149273,11.045361017187261,24.0,24.08318915758459,27.018512172212592,24.186773244895647,73.06161783043132,49.09175083453431,42.0,40.0,43.0,17.5,31.5,5.5,6.5,10.04987562112089,10.04987562112089,10.0,49.0,46.0,46.010868281309364,265.06791582535976,263.0931394012394,251.07170290576354,232.13789005675054
125,36,125,0,4.166666666666655,11.0,96.02083107326243,12.0,24.020824298928627,23.08679276123039,26.019223662515376,25.079872407968907,72.06247289678588,48.041648597857254,42.5,40.0,42.0,16.0,31.0,4.0,4.0,12.041594578792296,13.0,13.0,48.0,45.0,44.0,263.0171097096157,262.03053257206494,251.04979585731593,232.07757323791543
126,36,126,0,4.199999999999989,11.0,97.02061636580135,13.038404810405298,25.019992006393608,23.021728866442675,26.019223662515376,24.020824298928627,73.06161783043132,48.041648597857254,42.5,40.0,42.0,17.0,32.0,5.0,5.0,13.038404810405298,14.035668847618199,13.5,48.0,45.0,43.0,263.0304164920856,263.04752422328556,251.04979585731593,232.1055794245369
127,36,127,0,4.233333333333322,11.0,97.04638066409278,13.038404810405298,26.019223662515376,24.020824298928627,27.018512172212592,24.08318915758459,74.10802925459562,48.093658625644196,42.5,40.0,43.0,17.5,32.5,4.5,5.5,14.142135623730951,15.0,15.0,49.0,47.0,45.0111097397076,262.0477055804916,263.0931394012394,252.0972034751675,233.13729860320507
128,36,128,0,4.266666666666655,13.038404810405298,97.082439194738,12.0,26.0,25.019992006393608,27.018512172212592,24.020824298928627,75.02666192761077,49.040799340956916,42.5,40.0,44.0,18.0,33.0,5.0,6.0,14.142135623730951,14.035668847618199,14.0,49.0,46.0,45.0,263.0171097096157,262.03053257206494,251.04979585731593,232.1055794245369
129,36,129,0,4.299999999999988,14.035668847618199,99.04544411531506,12.0,24.0,24.020824298928627,27.018512172212592,23.021728866442675,73.02739212103907,49.040799340956916,42.0,39.0,42.0,17.5,32.5,5.5,6.5,15.132745950421556,15.033296378372908,15.0,48.0,45.0,45.0,264.0170449043016,264.0170449043016,251.01792764661252,231.01947969814148
130,36,130,0,4.3333333333333215,13.0,98.04590761474952,12.041594578792296,25.0,24.08318915758459,27.073972741361768,24.020824298928627,74.02702209328699,49.040799340956916,42.5,40.0,43.0,17.5,32.5,5.5,5.5,15.132745950421556,15.033296378372908,15.0,48.0,45.0,44.01136216933077,263.04752422328556,262.0686932847951,250.04999500099976,232.07757323791543
131,36,131,0,4.366666666666655,11.0,99.04544411531506,13.0,25.0,25.019992006393608,27.0,24.08318915758459,73.02739212103907,48.041648597857254,42.5,39.0,42.0,16.5,32.5,5.5,3.5,15.132745950421556,14.035668847618199,14.5,48.0,45.0,43.0,263.0304164920856,262.0477055804916,252.07141845120006,233.10512649875378
132,36,132,0,4.399999999999988,10.0,99.02019995940222,13.038404810405298,25.0,24.020824298928627,27.018512172212592,24.08318915758459,72.06247289678588,47.095647357266465,42.0,39.0,41.0,16.0,32.0,5.0,4.0,14.142135623730951,14.0,14.0,48.0,45.0,42.0,263.0684321616716,263.0931394012394,252.0972034751675,234.10467744152402
133,36,133,0,4.433333333333321,11.0,99.02019995940222,12.041594578792296,25.0,24.020824298928627,27.018512172212592,24.020824298928627,72.02777242147643,47.042533945356304,41.5,40.0,42.0,17.0,31.0,4.0,5.0,15.132745950421556,14.035668847618199,14.5,47.0,45.0,43.01162633521314,264.030301291348,264.030301291348,253.04940229133123,234.07691043757393
134,36,134,0,4.466666666666654,13.038404810405298,99.02019995940222,11.0,24.0,25.019992006393608,27.018512172212592,23.08679276123039,71.06335201775947,47.095647357266465,40.5,39.0,41.0,17.0,31.0,5.0,7.0,15.132745950421556,15.033296378372908,15.0,47.0,45.0,44.0,264.0170449043016,263.0304164920856,253.0177859360879,235.03404008781365
135,36,135,0,4.499999999999988,8.0,100.04498987955368,12.041594578792296,24.020824298928627,25.019992006393608,28.0,26.019223662515376,70.06425622241343,46.04345773288535,42.0,38.0,41.0,13.5,30.5,4.5,1.5,15.132745950421556,15.033296378372908,15.0,46.0,44.0,43.01162633521314,263.0171097096157,263.0304164920856,252.04959829366916,235.10423220350586
136,36,136,0,4.533333333333321,1.0,99.04544411531506,14.035668847618199,24.020824298928627,23.021728866442675,26.0,29.017236257093817,68.06614430096654,44.04543109109048,43.5,38.0,41.0,10.5,28.5,2.5,2.5,15.132745950421556,16.0312195418814,15.5,47.0,46.0,44.0,264.0075756488817,264.030301291348,252.03174403237384,236.07625886564705
137,36,137,0,4.566666666666654,2.23606797749979,97.04638066409278,13.0,23.021728866442675,24.08318915758459,26.019223662515376,31.016124838541646,69.06518659932803,46.04345773288535,45.0,38.0,41.0,8.5,29.5,4.5,3.5,14.142135623730951,14.035668847618199,14.0,46.0,45.0,45.0,262.0019083899963,262.01717500957835,251.03187048659777,234.07691043757393
138,36,138,0,4.599999999999987,7.0710678118654755,98.08159868191383,13.0,23.021728866442675,23.08679276123039,26.019223662515376,31.016124838541646,74.06078584514209,51.03920062069938,47.5,39.0,43.0,10.0,33.0,7.0,2.0,15.033296378372908,14.035668847618199,14.5,46.0,46.0,45.0,262.0019083899963,262.01717500957835,250.04999500099976,233.10512649875378
139,36,139,0,4.63333333333332,19.026297590440446,98.02040603874276,11.0,25.0,27.018512172212592,31.0,25.019992006393608,80.02499609497022,55.036351623268054,45.5,41.0,43.0,17.0,38.0,11.0,6.0,16.1245154965971,16.0312195418814,15.5,47.0,47.0,45.0111097397076,263.0,264.0018939326004,250.01799935204664,233.05364189387817
140,36,140,0,4.666666666666654,18.027756377319946,100.00499987500625,11.0,26.0,29.017236257093817,32.0,24.08318915758459,79.05694150420949,53.08483775994799,44.0,41.0,42.0,17.5,37.5,10.5,6.5,15.033296378372908,15.033296378372908,15.0,46.0,46.0,44.01136216933077,264.0018939326004,263.0019011338131,250.0,234.01922997907673
141,36,141,0,4.699999999999987,16.0312195418814,101.00495037373169,10.0,24.0,27.018512172212592,31.0,24.020824298928627,74.02702209328699,50.039984012787215,42.0,39.0,40.0,15.5,34.5,9.5,5.5,15.033296378372908,15.033296378372908,15.0,46.0,46.0,43.0,264.0075756488817,263.00760445279906,251.0019920239678,234.0
142,36,142,0,4.73333333333332,15.033296378372908,102.00490184299969,10.0,22.0,28.0178514522438,31.0,24.020824298928627,71.02816342831905,49.040799340956916,41.5,37.0,38.0,13.5,33.5,9.5,4.5,15.033296378372908,15.033296378372908,15.0,46.0,46.0,43.0,263.0019011338131,262.00763347658403,250.00199999200007,234.00213674238105
143,36,143,0,4.766666666666653,14.035668847618199,102.0196059588548,10.04987562112089,22.0,28.0,31.016124838541646,24.020824298928627,70.06425622241343,48.093658625644196,41.0,36.0,38.0,13.0,33.0,9.0,4.0,16.0312195418814,15.033296378372908,15.5,46.0,46.0,44.01136216933077,264.0018939326004,263.00760445279906,251.00796800101784,234.01922997907673
144,36,144,0,4.7999999999999865,15.132745950421556,101.00495037373169,10.0,22.0,28.0178514522438,31.016124838541646,23.021728866442675,70.06425622241343,48.093658625644196,40.5,36.0,37.0,13.5,33.5,9.5,4.5,15.033296378372908,14.035668847618199,14.5,45.0,45.0,44.0,266.01691675530714,264.0170449043016,253.00790501484337,236.00847442411893
145,36,145,0,4.83333333333332,15.132745950421556,101.00495037373169,10.0,23.0,28.0178514522438,31.0,24.020824298928627,72.06247289678588,49.09175083453431,41.5,36.0,37.0,12.5,35.5,10.5,3.5,15.132745950421556,15.033296378372908,15.0,46.0,46.0,43.0,264.0075756488817,263.00760445279906,251.00796800101784,236.0
146,36,146,0,4.866666666666653,17.029386365926403,99.02019995940222,10.04987562112089,24.0,29.017236257093817,32.0,24.020824298928627,75.05997601918082,51.088159097779204,42.5,38.0,40.0,15.0,36.0,10.0,6.0,16.0312195418814,15.033296378372908,15.5,45.0,45.0,43.0,264.0018939326004,263.00760445279906,250.00199999200007,232.0021551624036
147,36,147,0,4.899999999999986,21.02379604162864,101.00495037373169,11.045361017187261,24.020824298928627,30.01666203960727,33.0,23.021728866442675,79.1012010022604,55.08175741568164,44.5,40.0,41.0,17.5,38.5,12.5,7.5,15.132745950421556,16.0312195418814,16.0,47.0,47.0,43.0,265.0,263.0,249.0020080240318,231.01947969814148
148,36,148,0,4.933333333333319,23.08679276123039,99.00505037623081,9.0,25.0,29.017236257093817,32.0,23.08679276123039,80.09993757800315,55.14526271584895,43.5,40.0,41.0,17.5,39.5,13.5,8.5,16.1245154965971,15.033296378372908,15.0,48.0,47.0,43.01162633521314,264.0075756488817,263.0019011338131,249.00803199896987,230.0347799790284
149,36,149,0,4.966666666666653,23.08679276123039,99.04544411531506,9.0,23.0,29.017236257093817,33.0,22.02271554554524,77.05841939723393,54.08326913195984,42.5,39.0,42.0,18.5,36.5,11.5,9.5,16.1245154965971,15.033296378372908,15.5,47.0,46.0,43.01162633521314,264.0075756488817,263.00760445279906,250.01799935204664,231.05410621756974
150,36,150,0,4.999999999999986,23.08679276123039,99.04544411531506,9.0,23.0,29.017236257093817,32.0,22.090722034374522,77.10382610480494,54.147945482723536,42.5,39.0,42.0,18.5,36.5,11.5,9.5,16.0312195418814,16.1245154965971,16.0,47.0,46.0,42.0,264.0075756488817,263.00760445279906,250.0319979522621,232.0538730553748
151,36,151,0,5.033333333333319,13.038404810405298,98.08159868191383,9.0,21.0,28.0178514522438,31.016124838541646,23.021728866442675,66.03029607687671,45.044422518220834,38.5,35.0,39.0,14.0,29.0,6.0,5.0,17.11724276862369,16.0312195418814,16.5,47.0,46.0,43.0,264.0018939326004,262.0019083899963,249.00803199896987,232.01939574095957
152,36,152,0,5.066666666666652,13.038404810405298,98.08159868191383,9.0,22.0,28.0178514522438,30.01666203960727,22.090722034374522,66.06814663663572,44.10215414239989,37.5,34.0,38.0,14.0,30.0,6.0,5.0,16.1245154965971,16.0312195418814,15.5,47.0,46.0,43.01162633521314,264.0,262.0019083899963,249.0020080240318,231.00865784641059
153,36,153,0,5.099999999999985,9.219544457292887,98.08159868191383,10.0,21.0,26.076809620810597,28.0,24.020824298928627,64.07027391856539,43.104524124504614,38.5,35.0,39.0,13.0,27.0,3.0,3.0,16.0312195418814,16.0312195418814,16.0,48.0,46.0,42.0,263.0304164920856,263.0171097096157,250.0319979522621,233.03433223454437
154,36,154,0,5.133333333333319,9.219544457292887,99.08077512817509,10.0,21.0,26.076809620810597,28.0,24.020824298928627,64.07027391856539,43.104524124504614,38.5,34.0,38.0,12.0,28.0,4.0,2.0,16.1245154965971,16.0312195418814,16.0,47.0,46.0,43.0,264.0170449043016,263.0171097096157,251.01792764661252,233.03433223454437
155,36,155,0,5.166666666666652,9.055385138137417,98.08159868191383,11.0,21.02379604162864,26.019223662515376,28.0178514522438,24.020824298928627,65.06919393998976,44.04543109109048,39.5,35.0,39.0,13.0,28.0,5.0,3.0,16.1245154965971,15.033296378372908,15.5,47.0,46.0,43.0,263.00760445279906,263.00760445279906,250.0079998720041,232.01939574095957
156,36,156,0,5.199999999999985,15.033296378372908,98.08159868191383,10.0,22.0,25.079872407968907,28.0,23.08679276123039,70.06425622241343,48.093658625644196,40.5,37.0,41.0,16.0,31.0,7.0,6.0,17.11724276862369,16.0312195418814,16.0,48.0,46.0,42.01190307520001,264.0170449043016,262.01717500957835,249.0180716333656,230.0347799790284
157,36,157,0,5.233333333333318,20.024984394500787,96.08329719571451,9.0,21.0,26.076809620810597,29.017236257093817,24.08318915758459,74.06078584514209,53.08483775994799,43.0,38.0,42.0,16.0,34.0,10.0,7.0,16.1245154965971,15.033296378372908,15.5,48.0,46.0,41.012193308819754,263.0304164920856,263.0171097096157,251.00796800101784,232.01939574095957
158,36,158,0,5.266666666666652,23.08679276123039,95.04735661763561,9.0,22.0,27.073972741361768,29.0,23.0,77.02596964660685,55.036351623268054,43.5,39.0,42.0,17.5,36.5,11.5,8.5,16.1245154965971,16.0312195418814,16.0,49.0,46.0,43.04648650006177,263.0304164920856,262.01717500957835,249.0321264415497,230.0195643852931
159,36,159,0,5.299999999999985,24.08318915758459,95.04735661763561,9.0,24.0,26.019223662515376,30.01666203960727,24.020824298928627,81.05553651663777,57.07889277132134,45.0,41.0,44.0,18.5,38.5,12.5,9.5,16.0312195418814,16.0312195418814,16.0,48.0,45.0,41.048751503547585,263.04752422328556,263.0304164920856,250.0319979522621,231.05410621756974
160,36,160,0,5.333333333333318,27.073972741361768,94.02127418834527,9.0,23.0,27.018512172212592,30.0,23.08679276123039,82.09750300709517,59.135437767890075,45.5,43.0,45.0,21.0,38.0,12.0,12.0,15.132745950421556,15.033296378372908,15.0,49.0,46.0,46.010868281309364,264.030301291348,263.0304164920856,250.0319979522621,232.0538730553748
161,36,161,0,5.366666666666651,28.0178514522438,96.08329719571451,9.0,24.020824298928627,26.019223662515376,30.01666203960727,24.08318915758459,85.09406559801923,61.07372593840988,47.0,43.0,47.0,21.0,40.0,14.0,12.0,15.033296378372908,16.0312195418814,16.0,49.0,46.0,43.04648650006177,263.04752422328556,263.0304164920856,250.0319979522621,230.05434140654683
162,36,162,0,5.399999999999984,30.066592756745816,96.04686356149273,10.0,24.0,27.073972741361768,31.0,23.08679276123039,87.09190547921202,63.12685640834652,48.0,44.0,47.0,22.5,41.5,15.5,12.5,16.0312195418814,16.0,15.5,49.0,45.0,44.04543109109048,263.04752422328556,262.0477055804916,250.04999500099976,231.07790893982056
163,36,163,0,5.433333333333318,33.06055050963308,96.08329719571451,10.0,25.019992006393608,28.071337695236398,32.01562118716424,23.08679276123039,91.13725912051558,66.12110101926616,49.5,45.0,49.0,24.0,44.0,17.0,14.0,15.033296378372908,15.033296378372908,15.0,48.0,45.0,44.0,264.12118430750684,263.1216448717209,249.1625975141534,230.21728866442677
164,36,164,0,5.466666666666651,38.01315561749642,97.082439194738,10.04987562112089,25.019992006393608,28.0178514522438,32.01562118716424,23.08679276123039,96.13012014972206,71.11258679024411,52.0,45.0,49.0,24.0,49.0,22.0,14.0,15.033296378372908,15.0,15.0,50.0,46.0,42.01190307520001,266.092089322475,263.0931394012394,249.09837414162303,229.17678765529462
165,36,165,0,5.499999999999984,41.012193308819754,97.082439194738,10.0,25.019992006393608,28.071337695236398,32.01562118716424,23.194827009486403,99.12618221237011,74.10802925459562,53.5,46.0,50.0,25.0,51.0,23.0,15.0,15.132745950421556,14.0,14.5,49.0,46.0,42.01190307520001,265.04716561397146,263.0684321616716,249.09837414162303,229.10696191953662
166,36,166,0,5.533333333333317,42.01190307520001,99.18165152889924,10.04987562112089,26.019223662515376,27.16615541441225,31.016124838541646,24.08318915758459,102.12247548899312,76.10519036176179,55.0,46.0,52.0,25.0,53.0,25.0,14.0,15.033296378372908,15.033296378372908,15.5,49.0,45.0,44.04543109109048,265.1527861441399,264.15336454416024,249.20072231034965,230.21728866442677
167,36,167,0,5.56666666666665,43.04648650006177,99.12618221237011,9.0,25.0,27.073972741361768,31.016124838541646,24.186773244895647,101.1236866416568,76.16429609731846,54.5,45.0,50.0,23.5,53.5,26.5,13.5,14.142135623730951,14.035668847618199,14.5,49.0,46.0,43.01162633521314,266.04698833100895,264.04734423962685,250.09798079952586,231.10603626906848
168,36,168,0,5.599999999999984,39.05124837953327,101.17806086301516,8.0,24.020824298928627,27.073972741361768,31.016124838541646,25.179356624028344,96.18731725128839,72.17340230306452,52.5,44.0,50.0,22.0,49.0,22.0,13.0,14.142135623730951,14.0,14.5,50.0,47.0,43.01162633521314,265.06791582535976,264.09278672466615,250.12796724876648,232.2154172315008
169,36,169,0,5.633333333333317,32.01562118716424,100.17983829094555,8.0,24.020824298928627,27.073972741361768,32.01562118716424,24.186773244895647,88.14193099768123,64.1248781675256,48.0,40.0,46.0,19.0,45.0,18.0,11.0,15.132745950421556,15.0,15.0,48.0,45.0,43.0,264.09278672466615,264.09278672466615,251.16130275183716,233.25951213187426
170,36,170,0,5.66666666666665,32.01562118716424,101.04454463255303,8.0,23.021728866442675,27.073972741361768,31.0,25.317977802344327,88.20430828479978,65.19202405202648,49.0,44.0,47.0,20.5,42.5,17.5,11.5,14.142135623730951,15.0,15.0,48.0,46.0,43.01162633521314,264.030301291348,264.06817301598466,251.127457678367,233.21449354617735
171,36,171,0,5.699999999999983,28.071337695236398,98.02040603874276,9.0,24.0,26.019223662515376,30.0,24.08318915758459,85.09406559801923,61.1310068623117,47.0,43.0,45.0,20.0,41.0,15.0,11.0,15.033296378372908,15.033296378372908,15.0,47.0,46.0,42.0,264.0018939326004,263.0171097096157,251.01792764661252,232.0538730553748
172,36,172,0,5.7333333333333165,17.029386365926403,94.02127418834527,11.0,25.0,24.020824298928627,28.0178514522438,26.076809620810597,79.05694150420949,54.08326913195984,45.5,44.0,46.0,19.0,34.0,8.0,8.0,14.142135623730951,15.033296378372908,15.0,47.0,47.0,41.0,263.0,262.0,249.0020080240318,231.01947969814148
173,36,173,0,5.76666666666665,4.123105625617661,92.0,13.0,24.0,23.0,26.0,31.0,72.00694410957877,48.010415536631214,46.0,45.0,45.0,14.0,27.0,1.0,2.0,15.033296378372908,14.035668847618199,14.5,44.0,46.0,45.0111097397076,262.0,263.0019011338131,250.00199999200007,233.0085835328819
174,36,174,0,5.799999999999983,3.0,92.00543462209176,14.0,23.0,22.02271554554524,25.019992006393608,30.01666203960727,70.00714249274856,47.01063709417264,45.5,46.0,45.0,15.5,24.5,0.5,3.5,15.033296378372908,14.142135623730951,14.5,45.0,48.0,43.01162633521314,260.0076921939041,261.00766272276377,250.00199999200007,233.0
175,36,175,0,5.833333333333316,7.0710678118654755,95.00526301210897,14.0,23.0,25.0,28.0178514522438,29.017236257093817,73.02739212103907,50.039984012787215,46.5,47.0,46.0,17.5,26.5,2.5,4.5,15.033296378372908,14.035668847618199,14.5,44.0,47.0,44.04543109109048,262.0477055804916,262.0477055804916,250.0719896349849,232.0538730553748
176,36,176,0,5.866666666666649,25.0,98.02040603874276,11.0,23.0,26.0,30.066592756745816,25.019992006393608,84.00595217006948,61.00819617067857,48.5,48.0,46.0,22.0,37.0,13.0,12.0,15.033296378372908,15.132745950421556,15.0,44.0,48.0,44.01136216933077,263.0684321616716,262.0686932847951,249.07227866625382,229.05457864884517
177,36,177,0,5.899999999999983,26.019223662515376,97.0051545022222,11.045361017187261,24.020824298928627,27.0,30.01666203960727,22.02271554554524,83.0,59.00847396772772,46.0,44.0,43.0,21.5,39.5,14.5,11.5,15.033296378372908,15.132745950421556,15.5,44.0,48.0,43.01162633521314,261.0938528575501,260.1230478062257,248.12899870833317,230.10649708341572
178,36,178,0,5.933333333333316,20.024984394500787,101.01980003939822,10.04987562112089,24.0,28.0178514522438,31.064449134018133,23.021728866442675,77.00649323271382,53.009433122794285,43.0,43.0,41.0,19.0,35.0,10.0,10.0,15.033296378372908,15.033296378372908,15.0,45.0,48.0,43.01162633521314,262.0686932847951,262.0934947685654,249.12848090894786,232.1055794245369
179,36,179,0,5.966666666666649,15.033296378372908,100.0199980003999,11.0,22.0,28.0,30.066592756745816,22.02271554554524,70.02856560004639,48.041648597857254,40.5,40.0,38.0,17.0,31.0,8.0,7.0,15.033296378372908,14.142135623730951,14.5,43.0,46.0,42.04759208325728,263.0304164920856,262.0686932847951,250.0719896349849,233.0772404161333
180,36,180,0,5.999999999999982,15.0,101.04454463255303,11.0,23.0,28.0,31.064449134018133,22.02271554554524,71.00704190430693,48.010415536631214,40.5,41.0,38.0,17.5,31.5,7.5,7.5,15.033296378372908,15.033296378372908,15.5,44.0,48.0,42.04759208325728,263.04752422328556,262.0934947685654,251.127457678367,234.10467744152402
181,36,181,0,6.033333333333316,15.033296378372908,102.0196059588548,11.0,22.0,29.017236257093817,31.016124838541646,22.02271554554524,70.02856560004639,48.041648597857254,40.5,39.0,37.0,16.0,32.0,9.0,7.0,14.0,14.035668847618199,14.0,44.0,48.0,42.04759208325728,264.06817301598466,263.1216448717209,250.12796724876648,234.13671220037236
182,36,182,0,6.066666666666649,16.0312195418814,101.01980003939822,11.0,23.0,28.0,30.01666203960727,22.090722034374522,72.06247289678588,49.09175083453431,41.0,40.0,38.0,17.0,33.0,9.0,7.0,14.035668847618199,14.035668847618199,14.5,44.0,47.0,42.01190307520001,263.1216448717209,262.15453457836657,251.127457678367,234.10467744152402
183,36,183,0,6.099999999999982,20.024984394500787,99.0,10.0,24.0,27.018512172212592,30.01666203960727,22.02271554554524,76.02631123499285,52.03844732503075,42.0,41.0,41.0,19.0,35.0,10.0,9.0,15.0,15.033296378372908,15.0,45.0,47.0,45.0111097397076,263.04752422328556,262.0477055804916,250.04999500099976,233.03433223454437
184,36,184,0,6.133333333333315,18.027756377319946,96.00520819205592,9.0,23.0,23.0,27.018512172212592,27.0,77.00649323271382,54.00925846556311,45.0,45.0,44.0,17.5,32.5,8.5,8.5,15.033296378372908,14.035668847618199,14.5,44.0,47.0,43.01162633521314,262.03053257206494,262.0477055804916,250.0719896349849,232.03448019637082
185,36,185,0,6.166666666666648,3.1622776601683795,96.02083107326243,14.0,22.0,23.021728866442675,25.079872407968907,31.016124838541646,70.0,48.0,46.5,45.0,43.0,13.0,26.0,2.0,1.0,14.035668847618199,14.035668847618199,14.5,43.0,46.0,44.04543109109048,261.03064954139006,263.0304164920856,252.03174403237384,235.03404008781365
186,36,186,0,6.1999999999999815,1.4142135623730951,94.00531899844816,13.0,21.0,23.0,25.019992006393608,32.01562118716424,67.0,46.0,45.5,44.0,43.0,11.5,23.5,1.5,0.5,15.033296378372908,14.035668847618199,14.5,44.0,47.0,42.01190307520001,261.03064954139006,262.01717500957835,251.03187048659777,235.01914815605983
187,36,187,0,6.233333333333315,3.1622776601683795,95.02105029939419,14.0,22.0,23.0,26.019223662515376,31.016124838541646,70.0,48.0,46.5,45.0,43.0,13.0,26.0,2.0,1.0,14.035668847618199,14.035668847618199,14.0,44.0,46.0,44.01136216933077,261.01724080987447,263.0171097096157,251.00796800101784,234.00854685246006
188,36,188,0,6.266666666666648,8.06225774829855,94.00531899844816,12.0,24.020824298928627,21.02379604162864,25.019992006393608,31.0,75.0,51.0098029794274,47.0,45.0,44.0,13.5,30.5,5.5,3.5,9.055385138137417,9.055385138137417,9.5,44.0,48.0,44.01136216933077,260.0307674103201,262.03053257206494,250.0319979522621,233.0085835328819
189,36,189,0,6.299999999999981,15.033296378372908,93.00537618869137,10.0,22.02271554554524,23.0,26.019223662515376,28.0178514522438,75.0066663703967,53.03772242470448,45.5,44.0,43.0,15.5,31.5,7.5,6.5,7.0,7.0,7.0,46.0,48.0,44.04543109109048,261.04788832702707,262.0477055804916,252.04959829366916,234.03418553707064
190,36,190,0,6.333333333333314,13.038404810405298,92.00543462209176,11.045361017187261,24.0,22.0,26.0,28.0178514522438,76.00657866263946,52.009614495783374,45.5,44.0,43.0,15.5,32.5,7.5,5.5,6.0,7.0,6.5,45.0,47.0,44.01136216933077,262.01717500957835,263.0304164920856,253.07113624433742,236.05296015936761
191,36,191,0,6.366666666666648,11.0,93.02150289046077,12.0,24.0,22.0,26.0,29.017236257093817,76.00657866263946,52.009614495783374,46.5,45.0,43.0,15.0,32.0,6.0,4.0,10.0,9.0,9.5,46.0,48.0,43.04648650006177,263.0304164920856,262.01717500957835,251.03187048659777,232.01939574095957
192,36,192,0,6.399999999999981,9.0,92.00543462209176,14.0,25.0,22.0,25.0,28.0178514522438,76.00657866263946,51.0098029794274,46.5,44.0,43.0,15.5,32.5,5.5,2.5,10.04987562112089,10.04987562112089,10.0,44.0,47.0,44.01136216933077,263.0171097096157,264.030301291348,252.01785651020842,233.01931250435015
193,36,193,0,6.433333333333314,10.04987562112089,93.00537618869137,13.0,25.019992006393608,22.0,25.0,28.0178514522438,76.00657866263946,51.03920062069938,46.0,44.0,43.0,15.5,32.5,5.5,3.5,11.0,10.04987562112089,10.0,45.0,46.0,43.01162633521314,263.04752422328556,262.03053257206494,251.03187048659777,233.03433223454437
194,36,194,0,6.466666666666647,9.055385138137417,94.02127418834527,13.0,25.019992006393608,24.0,27.018512172212592,28.0,75.0,50.00999900019995,45.5,44.0,42.0,15.0,32.0,5.0,3.0,12.041594578792296,14.035668847618199,14.0,45.0,47.0,43.04648650006177,263.00760445279906,262.00763347658403,251.0019920239678,232.0
195,36,195,0,6.4999999999999805,14.035668847618199,96.0,12.0,25.0,24.020824298928627,27.018512172212592,25.019992006393608,76.02631123499285,51.03920062069938,44.0,42.0,42.0,17.0,34.0,8.0,6.0,14.035668847618199,13.038404810405298,13.5,45.0,47.0,43.01162633521314,264.0075756488817,263.0171097096157,250.01799935204664,232.0086205294967
196,36,196,0,6.533333333333314,20.024984394500787,97.0051545022222,10.0,24.0,26.0,29.017236257093817,24.020824298928627,78.02563681252464,54.037024344425184,44.0,41.0,42.0,17.5,36.5,10.5,7.5,15.033296378372908,14.035668847618199,14.0,46.0,47.0,44.01136216933077,264.0018939326004,263.0019011338131,250.0079998720041,232.0021551624036
197,36,197,0,6.566666666666647,22.090722034374522,98.0,9.0,24.0,27.018512172212592,30.0,24.020824298928627,79.05694150420949,55.08175741568164,44.0,42.0,42.0,18.0,37.0,12.0,9.0,13.038404810405298,14.035668847618199,14.0,46.0,47.0,42.0,263.0019011338131,262.00763347658403,248.0080643850115,231.0
198,36,198,0,6.59999999999998,24.020824298928627,99.00505037623081,10.0,24.0,27.018512172212592,30.0,24.08318915758459,82.05485969764375,58.077534382926416,46.0,41.0,42.0,17.5,40.5,14.5,8.5,13.038404810405298,14.035668847618199,14.0,45.0,45.0,42.0,263.0019011338131,263.00760445279906,250.0079998720041,232.0021551624036
199,36,199,0,6.633333333333313,25.079872407968907,100.0,10.0,24.0,28.0178514522438,31.0,23.021728866442675,82.05485969764375,58.077534382926416,45.5,42.0,42.0,19.0,40.0,14.0,9.0,14.035668847618199,13.038404810405298,13.5,47.0,47.0,42.01190307520001,263.0019011338131,262.00763347658403,249.00803199896987,232.0021551624036
200,36,200,0,6.666666666666647,25.019992006393608,98.0,10.0,24.0,28.0178514522438,32.01562118716424,23.08679276123039,82.05485969764375,58.077534382926416,45.5,41.0,41.0,18.0,41.0,15.0,8.0,13.038404810405298,13.038404810405298,13.5,46.0,46.0,42.0,264.0075756488817,263.0171097096157,249.00803199896987,231.00865784641059
201,36,201,0,6.69999999999998,25.019992006393608,99.00505037623081,10.0,24.0,28.0178514522438,31.0,24.08318915758459,83.05419917138447,59.07622195096772,46.5,42.0,43.0,18.5,40.5,15.5,9.5,14.035668847618199,14.035668847618199,14.0,47.0,47.0,42.01190307520001,264.0018939326004,262.0019083899963,248.0,230.0
202,36,202,0,6.733333333333313,25.019992006393608,99.0,10.0,25.0,27.0,31.016124838541646,24.08318915758459,84.0535543567314,59.07622195096772,46.5,42.0,42.0,18.0,42.0,15.0,9.0,15.132745950421556,14.035668847618199,14.0,46.0,45.0,40.0,265.0,263.0,250.0,231.00865784641059
203,36,203,0,6.766666666666646,26.076809620810597,100.00499987500625,10.0,25.019992006393608,28.0178514522438,31.0,24.020824298928627,85.0235261559999,60.07495318350236,47.0,44.0,43.0,19.5,41.5,14.5,9.5,14.035668847618199,15.033296378372908,15.0,46.0,46.0,41.012193308819754,263.0171097096157,262.01717500957835,248.03225596683993,230.0195643852931
204,36,204,0,6.799999999999979,29.017236257093817,100.0,10.0,24.0,27.0,31.0,24.08318915758459,87.05170877128145,63.071388124885914,48.5,44.0,44.0,20.0,43.0,17.0,11.0,15.033296378372908,15.033296378372908,15.0,46.0,45.0,41.012193308819754,263.0019011338131,262.0019083899963,249.00803199896987,231.0
205,36,205,0,6.833333333333313,30.01666203960727,99.0,11.0,25.0,27.0,32.01562118716424,23.08679276123039,89.05054744357274,64.07027391856539,49.0,45.0,45.0,22.0,44.0,18.0,12.0,15.033296378372908,15.033296378372908,15.0,47.0,45.0,44.0,263.0,261.0,248.0020161208372,230.0021739027699
206,36,206,0,6.866666666666646,39.05124837953327,99.08077512817509,10.0,26.0,28.071337695236398,33.015148038438355,24.020824298928627,99.04544411531506,73.06161783043132,53.5,46.0,50.0,24.0,51.0,22.0,13.0,15.033296378372908,15.033296378372908,15.0,48.0,46.0,42.01190307520001,263.0171097096157,262.00763347658403,249.00803199896987,230.0347799790284
207,36,207,0,6.899999999999979,41.012193308819754,99.08077512817509,10.04987562112089,25.019992006393608,28.0178514522438,32.01562118716424,24.020824298928627,100.07996802557443,75.05997601918082,54.5,47.0,51.0,25.0,51.0,23.0,15.0,15.033296378372908,15.0,15.0,48.0,46.0,44.01136216933077,264.06817301598466,263.0684321616716,249.0501957437496,230.10649708341572
208,36,208,0,6.933333333333312,30.01666203960727,100.07996802557443,10.0,25.019992006393608,27.073972741361768,31.016124838541646,26.076809620810597,91.08786966440702,66.06814663663572,51.0,44.0,48.0,20.0,45.0,18.0,10.0,15.132745950421556,14.0,14.0,48.0,45.0,42.0,263.1216448717209,262.1907702418222,249.24285345822858,232.31013753170566
209,36,209,0,6.9666666666666455,16.0,100.04498987955368,12.0,23.021728866442675,24.08318915758459,28.0178514522438,29.154759474226502,80.09993757800315,57.07889277132134,49.0,43.0,46.0,15.5,35.5,10.5,3.5,14.142135623730951,15.0,15.0,49.0,45.0,44.0,262.0477055804916,262.0934947685654,250.09798079952586,233.173754955398
210,36,210,0,6.999999999999979,17.029386365926403,100.04498987955368,11.0,22.0,25.079872407968907,28.0178514522438,30.066592756745816,80.05623023850174,58.077534382926416,49.5,44.0,47.0,15.5,34.5,10.5,4.5,15.033296378372908,15.0,14.5,49.0,46.0,44.01136216933077,262.03053257206494,263.0684321616716,250.09798079952586,233.173754955398
211,36,211,0,7.033333333333312,15.033296378372908,100.04498987955368,12.041594578792296,23.0,25.079872407968907,28.0178514522438,30.01666203960727,80.05623023850174,57.07889277132134,49.5,44.0,47.0,15.5,34.5,9.5,3.5,14.035668847618199,15.0,14.5,48.0,45.0,43.0,262.0477055804916,262.0686932847951,250.09798079952586,233.173754955398
212,36,212,0,7.066666666666645,1.0,97.082439194738,14.035668847618199,21.02379604162864,22.02271554554524,24.020824298928627,31.016124838541646,67.06713054842886,46.04345773288535,45.5,39.0,43.0,10.0,26.0,2.0,3.0,16.1245154965971,15.0,15.5,48.0,45.0,43.01162633521314,262.0686932847951,262.0934947685654,252.0972034751675,235.17227727774377
213,36,213,0,7.099999999999978,2.0,98.12746812182611,14.035668847618199,21.02379604162864,22.090722034374522,25.019992006393608,30.066592756745816,67.11929677819934,46.09772228646444,45.0,39.0,44.0,11.5,25.5,1.5,2.5,14.035668847618199,14.0,14.5,48.0,45.0,44.01136216933077,261.1225765804252,262.15453457836657,252.1983346495373,235.25730594393875
214,36,214,0,7.133333333333312,5.385164807134504,100.12492197250393,13.0,22.0,23.08679276123039,27.018512172212592,29.068883707497267,69.1158447825099,47.16990566028302,44.5,39.0,44.0,12.5,27.5,2.5,0.5,15.132745950421556,15.033296378372908,15.0,48.0,44.0,45.0,262.1221089492453,262.15453457836657,252.1606630701942,234.2584043316269
215,36,215,0,7.166666666666645,18.027756377319946,100.17983829094555,11.045361017187261,23.021728866442675,25.079872407968907,28.0178514522438,24.08318915758459,76.16429609731846,53.150729063673246,44.0,38.0,44.0,17.0,35.0,10.0,5.0,15.033296378372908,15.033296378372908,15.0,50.0,45.0,44.01136216933077,263.1216448717209,263.1539473388153,252.1983346495373,234.2584043316269
216,36,216,0,7.199999999999978,17.029386365926403,104.17293314484334,11.0,24.020824298928627,28.071337695236398,31.016124838541646,24.186773244895647,76.16429609731846,52.15361924162119,43.5,37.0,43.0,16.0,36.0,10.0,5.0,15.132745950421556,15.0,15.0,49.0,45.0,44.01136216933077,263.0931394012394,263.1216448717209,250.1619475459847,233.21449354617735
217,36,217,0,7.233333333333311,16.1245154965971,103.23759005323593,10.0,23.021728866442675,29.154759474226502,32.01562118716424,23.08679276123039,72.17340230306452,49.16299421312742,41.0,35.0,42.0,15.5,33.5,8.5,4.5,15.132745950421556,14.0,14.5,48.0,44.0,43.01162633521314,262.15453457836657,262.23081436017395,251.24092023394596,234.30749027719963
218,36,218,0,7.266666666666644,15.132745950421556,103.23759005323593,10.0,23.08679276123039,30.066592756745816,32.0624390837628,24.186773244895647,72.3394774656273,49.25444142409901,41.5,34.0,41.0,13.5,34.5,8.5,3.5,14.142135623730951,14.0,14.5,48.0,43.0,43.04648650006177,263.1539473388153,263.2299375071156,251.24092023394596,235.35929979501554
219,36,219,0,7.299999999999978,14.142135623730951,103.31021246711285,10.0,25.079872407968907,29.068883707497267,33.015148038438355,23.08679276123039,72.24956747275377,47.16990566028302,40.0,33.0,41.0,14.0,35.0,8.0,4.0,15.132745950421556,14.0,14.5,48.0,43.0,44.04543109109048,262.1907702418222,263.2299375071156,251.24092023394596,234.3608329051593
220,36,220,0,7.333333333333311,16.1245154965971,102.23991392797629,10.04987562112089,25.019992006393608,29.154759474226502,32.01562118716424,23.08679276123039,74.24284477308234,49.25444142409901,41.0,34.0,41.0,14.5,36.5,8.5,4.5,15.132745950421556,15.0,15.0,48.0,42.0,43.01162633521314,263.2736219221364,262.32232081925474,251.3901350490906,233.4823333787805
221,36,221,0,7.366666666666644,17.11724276862369,102.3132444994293,10.04987562112089,24.020824298928627,30.066592756745816,33.06055050963308,22.02271554554524,73.17103251970687,49.16299421312742,40.5,34.0,42.0,16.0,35.0,8.0,6.0,15.132745950421556,15.0,15.5,47.0,42.0,44.04543109109048,263.1900454044567,263.2736219221364,250.28783430282823,232.42202993692314
222,36,222,0,7.399999999999977,20.09975124224178,103.23759005323593,9.0,25.019992006393608,29.154759474226502,33.06055050963308,22.090722034374522,76.16429609731846,51.15662224971465,41.0,35.0,42.0,16.5,37.5,9.5,6.5,15.132745950421556,14.0,14.0,49.0,44.0,43.01162633521314,263.2299375071156,263.32109676210905,250.28783430282823,233.36237914453991
223,36,223,0,7.4333333333333105,22.090722034374522,102.17631819555841,9.055385138137417,25.019992006393608,28.071337695236398,32.01562118716424,22.090722034374522,78.23042886243178,53.23532661682466,42.0,36.0,42.0,17.0,39.0,12.0,8.0,16.278820596099706,15.0,15.5,48.0,42.0,42.04759208325728,264.2290672882149,263.32109676210905,250.44959572736389,232.48440807933767
224,36,224,0,7.466666666666644,22.02271554554524,100.17983829094555,9.055385138137417,25.019992006393608,28.071337695236398,31.064449134018133,22.090722034374522,78.16009211867653,53.150729063673246,42.0,37.0,43.0,18.0,38.0,10.0,9.0,15.132745950421556,15.0,15.0,48.0,43.0,42.01190307520001,263.1900454044567,262.2746651889961,249.33912649241395,230.4886114323222
225,36,225,0,7.499999999999977,23.021728866442675,98.18350166906862,8.06225774829855,25.019992006393608,26.1725046566048,31.064449134018133,22.02271554554524,78.10249675906654,53.08483775994799,41.5,37.0,43.0,18.0,38.0,10.0,9.0,15.132745950421556,14.0,14.5,48.0,42.0,44.04543109109048,263.1900454044567,262.23081436017395,250.3377718203947,231.5534495532295
226,36,226,0,7.53333333333331,22.090722034374522,96.25487000666512,9.0,23.021728866442675,25.179356624028344,28.160255680657446,22.090722034374522,76.16429609731846,53.150729063673246,42.0,38.0,45.0,19.5,34.5,8.5,9.5,14.142135623730951,14.0,14.0,48.0,42.0,43.01162633521314,263.1900454044567,262.32232081925474,250.39169315294788,232.6972281742952
227,36,227,0,7.566666666666643,21.02379604162864,97.18538984847466,9.055385138137417,21.02379604162864,24.186773244895647,27.018512172212592,21.095023109728988,72.17340230306452,51.15662224971465,40.5,37.0,43.0,19.0,32.0,9.0,9.0,15.132745950421556,14.0,14.5,49.0,44.0,42.04759208325728,264.18932605235966,263.2299375071156,252.23996511258878,234.30749027719963
228,36,228,0,7.599999999999976,16.0312195418814,96.13012014972206,9.055385138137417,21.02379604162864,25.179356624028344,28.071337695236398,22.090722034374522,68.18357573492314,47.16990566028302,39.0,37.0,42.0,17.5,28.5,4.5,7.5,15.033296378372908,15.0,15.5,49.0,45.0,43.04648650006177,263.1216448717209,262.1221089492453,251.19912420229494,232.26062946612367
229,36,229,0,7.63333333333331,13.152946437965905,97.12878049270464,11.0,22.02271554554524,25.179356624028344,27.018512172212592,22.090722034374522,68.18357573492314,46.17358552246078,39.5,37.0,42.0,17.5,28.5,4.5,6.5,15.132745950421556,14.0,14.5,48.0,44.0,44.04543109109048,265.06791582535976,263.0931394012394,252.1606630701942,233.25951213187426
230,36,230,0,7.666666666666643,14.142135623730951,95.13148795220224,11.0,23.0,25.179356624028344,27.073972741361768,22.090722034374522,70.11419257183242,47.16990566028302,40.0,38.0,43.0,18.5,29.5,4.5,6.5,14.035668847618199,14.0,14.5,48.0,44.0,43.04648650006177,263.1216448717209,262.15453457836657,251.24092023394596,231.42385356743154
231,36,231,0,7.699999999999976,16.1245154965971,93.1933474020544,12.0,23.0,23.08679276123039,25.019992006393608,22.090722034374522,73.10950690573696,50.15974481593781,42.0,40.0,46.0,21.0,30.0,4.0,9.0,16.0312195418814,16.0,16.0,49.0,45.0,42.01190307520001,263.1900454044567,263.1900454044567,252.28555249954366,231.36551169091732
232,36,232,0,7.733333333333309,14.035668847618199,92.04890004774636,12.0,25.0,23.021728866442675,26.0,26.076809620810597,77.05841939723393,52.08646657242167,45.0,43.0,46.0,18.5,32.5,5.5,6.5,15.033296378372908,15.0,15.0,49.0,44.0,43.04648650006177,263.0931394012394,263.1216448717209,251.127457678367,231.21634890292685
233,36,233,0,7.766666666666643,9.0,92.04890004774636,14.035668847618199,25.019992006393608,22.02271554554524,24.020824298928627,29.017236257093817,77.05841939723393,52.03844732503075,47.5,44.0,47.0,16.5,31.5,4.5,3.5,15.132745950421556,15.0,15.5,49.0,44.0,44.01136216933077,261.1225765804252,262.15453457836657,251.24092023394596,232.36393868240398
234,36,234,0,7.799999999999976,4.123105625617661,92.02173656261873,14.0,24.0,21.02379604162864,23.0,32.0624390837628,74.06078584514209,50.08991914547278,48.0,45.0,47.0,14.0,28.0,3.0,1.0,16.0312195418814,15.0,15.5,49.0,44.0,44.01136216933077,261.0938528575501,261.1225765804252,250.1619475459847,231.26175645791503
235,36,235,0,7.833333333333309,3.0,93.02150289046077,14.035668847618199,22.02271554554524,21.02379604162864,24.020824298928627,32.01562118716424,71.06335201775947,49.040799340956916,47.5,45.0,47.0,14.0,25.0,1.0,1.0,16.0312195418814,16.0,16.0,47.0,42.0,44.01136216933077,262.0934947685654,261.0938528575501,249.1625975141534,231.26175645791503
236,36,236,0,7.866666666666642,1.0,94.02127418834527,15.033296378372908,22.0,22.0,25.0,32.01562118716424,70.02856560004639,48.041648597857254,47.5,45.0,47.0,14.0,24.0,0.0,1.0,16.1245154965971,15.0,15.5,48.0,43.0,43.04648650006177,261.19150062741323,261.15512631384433,248.12899870833317,232.2154172315008
237,36,237,0,7.899999999999975,3.1622776601683795,96.02083107326243,15.0,22.02271554554524,23.021728866442675,26.0,31.016124838541646,71.06335201775947,49.040799340956916,47.5,45.0,47.0,15.0,25.0,1.0,1.0,16.1245154965971,15.0,15.5,47.0,43.0,43.01162633521314,260.1230478062257,262.15453457836657,249.1625975141534,232.2154172315008
238,36,238,0,7.933333333333309,10.04987562112089,98.04590761474952,13.038404810405298,23.021728866442675,24.020824298928627,28.0178514522438,28.0178514522438,74.10802925459562,51.088159097779204,46.0,44.0,47.0,17.5,28.5,3.5,5.5,17.11724276862369,16.0312195418814,16.0,47.0,43.0,43.01162633521314,261.15512631384433,260.1230478062257,247.1639132235934,231.21634890292685
239,36,239,0,7.966666666666642,21.095023109728988,97.082439194738,10.0,24.0,25.079872407968907,29.0,26.076809620810597,81.09870529176159,57.14017850864661,46.5,45.0,49.0,21.0,34.0,8.0,11.0,16.1245154965971,15.0,15.5,47.0,43.0,43.0,263.0931394012394,261.0938528575501,248.12899870833317,230.17601960239037
240,36,240,0,7.999999999999975,21.095023109728988,96.08329719571451,10.0,24.0,25.079872407968907,29.017236257093817,25.079872407968907,80.09993757800315,56.142675390472796,45.5,44.0,48.0,21.0,34.0,8.0,11.0,16.1245154965971,15.0,15.0,48.0,44.0,42.0,262.0934947685654,262.0934947685654,249.12848090894786,231.17525819170183
241,36,241,0,8.033333333333308,19.1049731745428,98.04590761474952,9.0,23.0,25.079872407968907,28.0,25.079872407968907,76.10519036176179,53.150729063673246,43.5,43.0,46.0,19.5,31.5,6.5,9.5,14.142135623730951,15.0,14.5,46.0,43.0,41.0,262.0477055804916,260.0480724789169,247.05060210410335,230.10649708341572
242,36,242,0,8.066666666666642,18.027756377319946,97.0051545022222,10.0,22.0,22.090722034374522,26.019223662515376,24.08318915758459,74.06078584514209,52.08646657242167,43.0,42.0,43.0,18.5,31.5,7.5,8.5,15.132745950421556,14.035668847618199,14.0,47.0,44.0,43.0,261.04788832702707,261.04788832702707,248.07257002740147,231.10603626906848
243,36,243,0,8.099999999999975,17.11724276862369,94.02127418834527,10.0,24.0,24.020824298928627,27.018512172212592,24.08318915758459,75.1065909225016,51.15662224971465,42.5,43.0,45.0,20.0,31.0,5.0,10.0,14.142135623730951,15.0,15.0,47.0,44.0,43.0,260.0307674103201,260.0173071162764,248.0181444975347,231.01947969814148
244,36,244,0,8.133333333333308,17.029386365926403,95.00526301210897,11.0,23.0,25.019992006393608,27.0,24.186773244895647,75.1065909225016,52.15361924162119,43.5,44.0,45.0,20.5,30.5,5.5,9.5,13.152946437965905,14.035668847618199,13.5,46.0,44.0,42.0,261.03064954139006,260.0173071162764,248.0020161208372,230.00869548780108
245,36,245,0,8.166666666666641,13.038404810405298,92.00543462209176,11.0,24.020824298928627,23.021728866442675,25.019992006393608,25.079872407968907,73.10950690573696,49.09175083453431,42.5,43.0,44.0,18.5,29.5,3.5,7.5,8.06225774829855,9.0,8.5,47.0,45.0,43.0,259.09457732650446,258.0697580112788,246.05080776132397,230.07824755939012
246,36,246,0,8.199999999999974,3.0,92.0,14.0,23.021728866442675,23.0,25.0,28.0178514522438,68.0294054067798,45.0111097397076,43.5,43.0,43.0,15.0,25.0,0.0,2.0,8.0,8.0,8.0,47.0,45.0,43.0,258.0697580112788,257.0311265197272,246.0081299469593,232.0086205294967
247,36,247,0,8.233333333333308,3.0,94.0,13.038404810405298,22.02271554554524,23.021728866442675,25.0,29.017236257093817,67.06713054842886,45.044422518220834,43.5,44.0,44.0,15.0,23.0,1.0,2.0,7.0,8.06225774829855,7.5,47.0,44.0,44.01136216933077,257.0175091311874,258.0174412709342,247.00809703327542,232.0021551624036
248,36,248,0,8.26666666666664,3.1622776601683795,95.00526301210897,14.035668847618199,24.0,24.020824298928627,26.0,28.0,69.02897942168927,45.044422518220834,43.5,44.0,45.0,16.5,24.5,1.5,2.5,9.0,9.055385138137417,9.0,46.0,43.0,42.0,259.09457732650446,260.0480724789169,248.03225596683993,233.03433223454437
249,36,249,0,8.299999999999974,18.110770276274835,99.02019995940222,11.0,22.02271554554524,26.076809620810597,29.0,24.020824298928627,75.1065909225016,53.08483775994799,44.0,43.0,45.0,20.0,31.0,7.0,9.0,12.041594578792296,13.038404810405298,12.5,47.0,44.0,44.01136216933077,261.04788832702707,260.0307674103201,248.0181444975347,232.03448019637082
250,36,250,0,8.333333333333307,19.1049731745428,99.02019995940222,10.0,22.0,26.076809620810597,28.0,25.079872407968907,76.10519036176179,54.147945482723536,44.5,44.0,46.0,20.0,31.0,7.0,9.0,12.041594578792296,12.0,11.5,47.0,44.0,44.0,261.04788832702707,260.0307674103201,247.01821795163207,231.01947969814148
251,36,251,0,8.36666666666664,20.024984394500787,99.02019995940222,9.055385138137417,21.0,26.076809620810597,29.017236257093817,24.08318915758459,74.10802925459562,53.150729063673246,43.0,43.0,45.0,20.0,30.0,7.0,10.0,12.041594578792296,12.041594578792296,12.0,48.0,44.0,43.01162633521314,260.0480724789169,259.0308861892728,246.01829200285087,231.03462943896528
252,36,252,0,8.399999999999974,21.02379604162864,98.02040603874276,9.0,23.0,26.076809620810597,29.0,24.08318915758459,77.05841939723393,54.08326913195984,43.5,43.0,45.0,20.0,33.0,9.0,10.0,14.035668847618199,14.035668847618199,13.5,46.0,43.0,44.0,260.06922155457,259.0308861892728,246.01829200285087,229.01964981197574
253,36,253,0,8.433333333333307,18.027756377319946,97.04638066409278,10.0,22.02271554554524,24.08318915758459,27.0,26.076809620810597,76.10519036176179,54.08326913195984,45.0,44.0,47.0,19.5,30.5,6.5,9.5,14.142135623730951,14.0,14.0,47.0,43.0,43.0,259.0694887477103,259.0308861892728,247.0323865407125,230.0347799790284
254,36,254,0,8.46666666666664,8.06225774829855,97.02061636580135,11.0,22.0,23.08679276123039,25.0,30.01666203960727,71.02816342831905,49.040799340956916,45.0,44.0,46.0,15.0,26.0,3.0,4.0,14.035668847618199,14.035668847618199,14.0,47.0,43.0,42.0,258.0697580112788,258.0174412709342,246.0081299469593,230.0021739027699
255,36,255,0,8.499999999999973,2.23606797749979,95.00526301210897,13.0,21.02379604162864,23.0,25.019992006393608,31.016124838541646,67.00746227100382,46.0,45.0,44.0,45.0,13.5,22.5,0.5,1.5,15.033296378372908,15.0,14.5,47.0,43.0,43.01162633521314,259.09457732650446,260.0480724789169,248.0181444975347,231.01947969814148
256,36,256,0,8.533333333333307,4.123105625617661,98.00510190801293,13.038404810405298,22.0,24.020824298928627,26.0,29.0,68.0294054067798,46.04345773288535,44.0,43.0,44.0,14.5,24.5,0.5,2.5,14.035668847618199,14.035668847618199,14.5,46.0,43.0,42.01190307520001,259.0694887477103,260.0480724789169,248.0080643850115,232.01939574095957
257,36,257,0,8.56666666666664,13.152946437965905,97.04638066409278,11.0,21.0,25.079872407968907,27.018512172212592,26.019223662515376,71.06335201775947,50.08991914547278,43.5,42.0,45.0,17.5,27.5,4.5,6.5,15.033296378372908,14.035668847618199,14.0,48.0,44.0,44.01136216933077,259.0694887477103,260.0480724789169,248.03225596683993,231.03462943896528
258,36,258,0,8.599999999999973,17.11724276862369,101.01980003939822,10.0,22.0,26.019223662515376,28.0,24.08318915758459,73.10950690573696,51.15662224971465,42.5,41.0,43.0,18.0,31.0,7.0,8.0,14.035668847618199,15.033296378372908,14.5,48.0,44.0,43.0,259.0694887477103,260.0307674103201,248.0181444975347,231.01947969814148
259,36,259,0,8.633333333333306,19.1049731745428,100.04498987955368,9.0,22.0,25.079872407968907,29.0,24.186773244895647,74.16872656315464,52.23983154643591,42.5,40.0,43.0,17.5,32.5,8.5,7.5,14.035668847618199,14.035668847618199,14.0,48.0,44.0,42.01190307520001,261.0938528575501,260.06922155457,248.0181444975347,231.03462943896528
260,36,260,0,8.66666666666664,19.1049731745428,101.04454463255303,9.0,23.0,27.073972741361768,30.01666203960727,23.194827009486403,74.16872656315464,51.24451190127583,41.5,39.0,42.0,17.5,33.5,8.5,8.5,14.035668847618199,14.035668847618199,14.5,48.0,44.0,43.01162633521314,260.06922155457,260.0307674103201,248.0181444975347,231.01947969814148
261,36,261,0,8.699999999999973,23.08679276123039,99.04544411531506,9.0,22.02271554554524,25.079872407968907,29.017236257093817,22.090722034374522,76.16429609731846,54.147945482723536,42.5,40.0,43.0,19.5,34.5,10.5,10.5,14.035668847618199,14.035668847618199,14.0,48.0,43.0,41.012193308819754,262.0934947685654,261.0689564080724,248.03225596683993,232.07757323791543
262,36,262,0,8.733333333333306,23.08679276123039,96.04686356149273,9.0,22.0,25.079872407968907,28.0178514522438,22.090722034374522,76.10519036176179,54.147945482723536,42.5,41.0,44.0,20.5,33.5,9.5,11.5,15.033296378372908,15.033296378372908,14.5,48.0,43.0,43.01162633521314,261.0689564080724,260.0480724789169,248.03225596683993,230.0347799790284
263,36,263,0,8.766666666666639,23.021728866442675,95.13148795220224,9.055385138137417,24.020824298928627,24.08318915758459,28.0178514522438,21.095023109728988,77.1621668954417,53.150729063673246,41.5,40.0,45.0,21.5,34.5,8.5,11.5,15.132745950421556,16.0312195418814,16.0,46.0,42.0,43.0,260.0480724789169,259.01737393464555,247.00809703327542,230.00869548780108
264,36,264,0,8.799999999999972,23.08679276123039,94.08506789071261,8.0,23.0,24.08318915758459,28.0178514522438,22.20360331117452,76.16429609731846,53.23532661682466,41.5,40.0,44.0,20.0,34.0,9.0,11.0,14.035668847618199,15.033296378372908,15.0,46.0,42.0,43.0,260.0480724789169,259.01737393464555,246.0081299469593,229.00218339570478
265,36,265,0,8.833333333333306,21.02379604162864,95.13148795220224,10.0,24.020824298928627,24.08318915758459,28.071337695236398,21.213203435596427,76.16429609731846,52.15361924162119,41.5,40.0,45.0,21.5,33.5,7.5,10.5,14.142135623730951,15.033296378372908,15.0,48.0,43.0,42.01190307520001,260.09421369957465,259.0694887477103,247.07286374670934,230.05434140654683
266,36,266,0,8.866666666666639,20.09975124224178,93.13431161500041,10.0,24.0,24.08318915758459,27.073972741361768,21.213203435596427,75.16648189186454,51.24451190127583,41.0,40.0,45.0,21.5,32.5,6.5,10.5,15.033296378372908,15.0,15.0,48.0,43.0,42.01190307520001,258.1240012087214,258.0949437706985,246.0995733437992,229.13969538253298
267,36,267,0,8.899999999999972,11.045361017187261,92.0869154657707,12.041594578792296,25.0,22.090722034374522,26.019223662515376,25.019992006393608,73.06161783043132,48.093658625644196,42.5,41.0,45.0,18.0,30.0,3.0,6.0,15.132745950421556,15.033296378372908,15.0,47.0,43.0,43.01162633521314,260.06922155457,260.0480724789169,248.0181444975347,230.0347799790284
268,36,268,0,8.933333333333305,2.0,93.04837451562494,14.035668847618199,25.019992006393608,22.02271554554524,24.020824298928627,28.0178514522438,69.06518659932803,44.04543109109048,43.0,41.0,44.0,14.5,26.5,0.5,0.5,15.132745950421556,15.0,15.5,47.0,43.0,43.01162633521314,260.1230478062257,260.1230478062257,248.07257002740147,232.07757323791543
269,36,269,0,8.966666666666638,1.0,93.04837451562494,14.035668847618199,24.020824298928627,21.02379604162864,24.0,30.0,69.02897942168927,45.0111097397076,44.5,42.0,45.0,13.5,25.5,0.5,0.5,15.132745950421556,15.033296378372908,15.0,47.0,43.0,42.0,258.0949437706985,259.0694887477103,248.03225596683993,231.05410621756974
270,36,270,0,8.999999999999972,1.0,94.02127418834527,14.0,24.020824298928627,21.02379604162864,24.020824298928627,30.01666203960727,69.02897942168927,45.0111097397076,44.5,42.0,44.0,13.0,26.0,0.0,0.0,15.132745950421556,15.033296378372908,15.0,47.0,43.0,45.0,258.1240012087214,259.12352266824405,248.07257002740147,231.10603626906848
271,36,271,0,9.033333333333305,3.1622776601683795,94.04786015641186,14.035668847618199,23.021728866442675,22.02271554554524,25.019992006393608,30.01666203960727,70.11419257183242,47.095647357266465,45.5,42.0,45.0,13.5,26.5,1.5,0.5,15.132745950421556,15.0,15.5,48.0,43.0,43.0,259.15632348063593,260.09421369957465,247.07286374670934,229.10696191953662
272,36,272,0,9.066666666666638,12.041594578792296,98.04590761474952,12.041594578792296,23.021728866442675,25.079872407968907,28.0178514522438,28.0,75.05997601918082,52.03844732503075,46.0,43.0,46.0,16.5,30.5,5.5,4.5,15.132745950421556,15.0,15.5,49.0,44.0,43.01162633521314,260.155722597063,260.1230478062257,248.12899870833317,231.1384866265244
273,36,273,0,9.099999999999971,19.026297590440446,98.08159868191383,11.045361017187261,23.021728866442675,26.019223662515376,29.017236257093817,24.020824298928627,77.10382610480494,54.08326913195984,44.5,44.0,48.0,22.0,31.0,6.0,11.0,16.1245154965971,15.033296378372908,15.0,48.0,43.0,43.01162633521314,261.19150062741323,260.1922366251537,247.1639132235934,230.17601960239037
274,36,274,0,9.133333333333304,20.09975124224178,100.12492197250393,10.0,22.0,27.073972741361768,29.017236257093817,23.08679276123039,75.1065909225016,53.150729063673246,43.0,41.0,46.0,20.5,31.5,7.5,9.5,15.033296378372908,15.0,15.0,47.0,42.0,42.01190307520001,262.1907702418222,260.2325882744127,249.20072231034965,231.26175645791503
275,36,275,0,9.166666666666638,18.110770276274835,99.12618221237011,10.0,22.02271554554524,27.073972741361768,30.066592756745816,24.08318915758459,74.16872656315464,52.15361924162119,43.0,40.0,45.0,18.5,31.5,6.5,7.5,15.132745950421556,16.0,15.5,48.0,42.0,41.048751503547585,260.155722597063,261.19150062741323,250.19992006393608,233.25951213187426
276,36,276,0,9.19999999999997,19.1049731745428,99.12618221237011,11.0,23.0,27.073972741361768,29.068883707497267,22.090722034374522,75.1065909225016,52.15361924162119,42.5,39.0,44.0,19.5,33.5,8.5,8.5,14.142135623730951,15.0,15.0,48.0,42.0,40.049968789001575,262.23081436017395,262.2746651889961,250.28783430282823,233.30880823492285
277,36,277,0,9.233333333333304,19.026297590440446,100.17983829094555,11.045361017187261,22.02271554554524,27.073972741361768,31.016124838541646,22.090722034374522,74.16872656315464,52.15361924162119,42.5,38.0,44.0,19.0,33.0,9.0,8.0,15.132745950421556,15.0,15.0,50.0,43.0,42.04759208325728,263.2736219221364,262.2746651889961,250.3377718203947,231.42385356743154
278,36,278,0,9.266666666666636,21.02379604162864,101.17806086301516,10.04987562112089,22.090722034374522,28.160255680657446,31.064449134018133,23.08679276123039,76.23647421018367,54.147945482723536,43.5,38.0,44.0,18.0,35.0,10.0,7.0,15.132745950421556,15.0,15.0,50.0,42.0,43.04648650006177,261.37520922994975,260.43233286210835,248.45321491178174,232.55106965997814
279,36,279,0,9.29999999999997,20.09975124224178,102.3132444994293,11.045361017187261,23.021728866442675,28.160255680657446,32.0624390837628,22.02271554554524,76.16429609731846,53.150729063673246,43.0,36.0,44.0,18.0,36.0,11.0,6.0,15.132745950421556,15.033296378372908,15.0,50.0,41.0,41.10960958218893,262.42903802742563,261.43067914841214,248.51559307214507,232.55106965997814
280,36,280,0,9.333333333333304,21.02379604162864,102.23991392797629,10.04987562112089,22.090722034374522,28.160255680657446,31.064449134018133,23.08679276123039,76.23647421018367,54.147945482723536,43.5,37.0,44.0,17.5,35.5,10.5,6.5,15.132745950421556,15.033296378372908,15.0,49.0,40.0,43.18564576337837,261.48996156640504,261.5530538915575,250.64716236175505,232.7767170487633
281,36,281,0,9.366666666666635,19.1049731745428,103.31021246711285,10.04987562112089,23.08679276123039,28.160255680657446,31.064449134018133,23.08679276123039,75.32595834106593,52.23983154643591,42.5,36.0,44.0,17.0,35.0,9.0,6.0,14.142135623730951,15.0,15.0,51.0,42.0,42.1070065428546,262.48809496813374,261.48996156640504,250.44959572736389,233.6193485137736
282,36,282,0,9.39999999999997,20.024984394500787,103.31021246711285,10.04987562112089,23.021728866442675,28.160255680657446,32.0624390837628,24.186773244895647,77.23341245859851,54.230987451824994,44.0,36.0,44.0,16.0,37.0,12.0,5.0,15.132745950421556,15.033296378372908,15.0,51.0,42.0,40.11234224026316,262.48809496813374,261.48996156640504,249.51352668743232,233.6193485137736
283,36,283,0,9.433333333333303,19.1049731745428,104.30723848324239,11.0,22.090722034374522,29.154759474226502,31.064449134018133,23.08679276123039,75.23961722390672,53.150729063673246,43.5,36.0,44.0,17.0,35.0,10.0,5.0,15.132745950421556,15.0,14.5,52.0,42.0,43.04648650006177,262.42903802742563,261.43067914841214,250.51147678300092,233.54871012274933
284,36,284,0,9.466666666666637,17.11724276862369,103.23759005323593,11.045361017187261,23.021728866442675,28.160255680657446,31.064449134018133,23.08679276123039,74.24284477308234,51.24451190127583,42.5,36.0,43.0,16.5,34.5,9.5,5.5,14.142135623730951,14.0,14.0,50.0,41.0,42.190046219457976,263.48624252510797,261.48996156640504,249.51352668743232,233.54871012274933
285,36,285,0,9.49999999999997,20.09975124224178,103.23759005323593,10.04987562112089,22.02271554554524,28.160255680657446,32.0624390837628,23.08679276123039,75.23961722390672,53.23532661682466,43.0,36.0,43.0,16.5,35.5,10.5,5.5,15.132745950421556,15.033296378372908,15.0,51.0,41.0,40.11234224026316,261.48996156640504,260.5551764981844,248.58197842965205,232.62201099638014
286,36,286,0,9.533333333333305,22.090722034374522,103.23759005323593,11.045361017187261,24.08318915758459,28.160255680657446,32.0624390837628,22.090722034374522,79.30952023559341,55.226805085936306,44.0,37.0,44.0,18.5,38.5,12.5,6.5,15.132745950421556,16.0,16.0,51.0,41.0,42.04759208325728,261.48996156640504,260.49184248263896,249.51352668743232,232.62201099638014
287,36,287,0,9.566666666666636,23.08679276123039,103.23759005323593,11.045361017187261,23.021728866442675,30.066592756745816,33.06055050963308,22.090722034374522,79.22752047110903,56.22277118748239,44.5,38.0,45.0,19.5,37.5,11.5,8.5,14.142135623730951,15.033296378372908,14.5,50.0,41.0,41.10960958218893,262.42903802742563,262.48809496813374,249.51352668743232,232.62201099638014
288,36,288,0,9.59999999999997,25.079872407968907,104.23531071570709,11.045361017187261,24.020824298928627,30.066592756745816,33.06055050963308,24.020824298928627,84.1486779456457,60.13318551349163,47.5,41.0,48.0,20.5,39.5,13.5,9.5,15.132745950421556,15.033296378372908,15.0,51.0,41.0,43.18564576337837,262.37377917772193,261.37520922994975,248.39484696748443,231.42385356743154
289,36,289,0,9.633333333333304,30.01666203960727,101.24228365658294,11.045361017187261,24.020824298928627,29.154759474226502,33.06055050963308,23.08679276123039,88.14193099768123,64.1248781675256,49.0,43.0,50.0,23.5,41.5,14.5,11.5,15.132745950421556,16.0,15.5,50.0,42.0,43.104524124504614,261.37520922994975,261.37520922994975,249.39326374222702,231.42385356743154
290,36,290,0,9.666666666666636,34.0147027033899,101.17806086301516,10.04987562112089,24.020824298928627,29.154759474226502,33.015148038438355,24.08318915758459,92.13576938409967,68.11754546370561,51.0,46.0,52.0,25.0,43.0,17.0,14.0,14.142135623730951,15.0,15.0,50.0,42.0,42.1070065428546,262.32232081925474,260.27677575995904,247.24481794367298,229.2640399190418
291,36,291,0,9.699999999999967,32.0624390837628,102.17631819555841,11.045361017187261,25.0,28.160255680657446,32.01562118716424,23.08679276123039,91.13725912051558,66.18912297349165,50.0,44.0,50.0,24.0,44.0,17.0,12.0,15.033296378372908,15.0,15.0,50.0,42.0,42.1070065428546,260.37665025881256,260.3247971285102,247.29132617218906,230.3670983452281
292,36,292,0,9.733333333333302,32.01562118716424,102.12247548899312,10.04987562112089,24.020824298928627,28.071337695236398,32.01562118716424,24.08318915758459,90.13878188659973,66.12110101926616,50.0,44.0,49.0,22.5,43.5,17.5,11.5,14.142135623730951,15.0,15.0,50.0,42.0,41.048751503547585,261.3235542388018,261.27571643763605,249.28898892650673,231.3114783144148
293,36,293,0,9.766666666666636,27.018512172212592,103.12128781197411,10.04987562112089,24.020824298928627,29.068883707497267,32.01562118716424,24.186773244895647,85.21150157109074,61.204574992397426,47.5,42.0,47.0,20.5,40.5,14.5,9.5,14.142135623730951,14.0,14.0,49.0,41.0,41.10960958218893,261.27571643763605,261.23169792351007,249.24285345822858,232.31013753170566
294,36,294,0,9.799999999999969,20.09975124224178,103.07764064044152,10.04987562112089,24.020824298928627,28.071337695236398,32.01562118716424,24.08318915758459,78.23042886243178,54.230987451824994,44.0,40.0,44.0,18.0,36.0,10.0,7.0,15.132745950421556,15.033296378372908,14.5,48.0,42.0,42.04759208325728,261.19150062741323,260.1922366251537,247.2023462671825,232.26062946612367
295,36,295,0,9.833333333333302,19.1049731745428,104.0768946500615,10.0,24.020824298928627,29.154759474226502,32.01562118716424,24.186773244895647,77.23341245859851,53.23532661682466,43.5,40.0,44.0,18.0,35.0,9.0,7.0,15.132745950421556,15.033296378372908,14.5,48.0,42.0,43.01162633521314,259.19297829995315,260.1922366251537,249.20072231034965,233.21449354617735
296,36,296,0,9.866666666666635,17.11724276862369,104.12012293500234,10.04987562112089,23.021728866442675,28.071337695236398,31.016124838541646,23.021728866442675,73.17103251970687,50.15974481593781,41.5,38.0,43.0,17.5,32.5,7.5,7.5,15.132745950421556,14.0,14.5,48.0,43.0,42.04759208325728,260.09421369957465,260.1230478062257,250.09798079952586,233.13729860320507
297,36,297,0,9.899999999999968,17.029386365926403,105.04284840006957,10.04987562112089,21.02379604162864,27.073972741361768,31.016124838541646,24.08318915758459,72.17340230306452,51.15662224971465,42.5,39.0,42.0,16.5,31.5,8.5,5.5,15.033296378372908,14.035668847618199,14.5,47.0,42.0,40.049968789001575,262.15453457836657,261.1225765804252,248.0987706539474,233.13729860320507
298,36,298,0,9.933333333333302,16.1245154965971,104.04326023342406,11.0,22.02271554554524,28.0178514522438,31.0,22.090722034374522,71.17583859709698,49.16299421312742,41.0,38.0,41.0,17.5,31.5,8.5,6.5,15.132745950421556,14.0,14.5,47.0,43.0,39.01281840626232,260.09421369957465,259.04825805243314,248.05039810490126,232.07757323791543
299,36,299,0,9.966666666666637,15.132745950421556,104.04326023342406,11.045361017187261,22.0,28.071337695236398,31.016124838541646,23.021728866442675,71.11258679024411,49.16299421312742,41.5,38.0,41.0,16.5,31.5,8.5,5.5,15.033296378372908,14.0,14.5,47.0,43.0,40.01249804748511,261.0938528575501,259.0694887477103,248.05039810490126,233.0772404161333
300,36,300,0,9.999999999999968,16.1245154965971,103.04368005850722,11.045361017187261,23.021728866442675,28.071337695236398,31.016124838541646,23.021728866442675,73.17103251970687,50.15974481593781,42.0,38.0,41.0,16.5,33.5,8.5,5.5,16.1245154965971,15.0,15.0,46.0,42.0,40.01249804748511,261.1225765804252,260.09421369957465,247.07286374670934,233.13729860320507
301,36,301,0,10.0333333333333,17.029386365926403,104.01922899156675,11.045361017187261,23.021728866442675,28.0178514522438,32.0,22.090722034374522,73.17103251970687,50.15974481593781,41.5,39.0,41.0,18.0,33.0,8.0,7.0,15.033296378372908,15.0,15.0,47.0,44.0,41.0,261.0689564080724,260.0480724789169,248.03225596683993,232.0538730553748
302,36,302,0,10.066666666666634,19.026297590440446,103.01941564578979,11.045361017187261,24.020824298928627,28.071337695236398,31.016124838541646,23.021728866442675,77.10382610480494,53.08483775994799,43.5,40.0,42.0,18.0,36.0,10.0,7.0,15.033296378372908,14.035668847618199,14.0,46.0,43.0,40.0,261.0689564080724,260.0480724789169,247.0323865407125,231.05410621756974
303,36,303,0,10.099999999999968,20.09975124224178,101.01980003939822,11.0,23.0,27.073972741361768,31.016124838541646,22.02271554554524,76.05918747922567,53.08483775994799,43.0,40.0,42.0,19.0,35.0,10.0,8.0,16.0312195418814,15.0,15.0,47.0,44.0,40.01249804748511,260.06922155457,259.04825805243314,247.0323865407125,230.0347799790284
304,36,304,0,10.1333333333333,21.02379604162864,100.04498987955368,9.055385138137417,23.021728866442675,28.0178514522438,31.016124838541646,23.021728866442675,76.10519036176179,53.08483775994799,42.5,39.0,42.0,17.5,35.5,10.5,8.5,15.033296378372908,15.0,15.0,47.0,44.0,40.01249804748511,259.0694887477103,258.0484450641003,246.01829200285087,230.0195643852931
305,36,305,0,10.166666666666634,23.08679276123039,99.02019995940222,9.0,22.0,27.073972741361768,31.016124838541646,22.090722034374522,76.10519036176179,54.147945482723536,42.5,41.0,43.0,20.0,34.0,10.0,11.0,15.132745950421556,14.0,14.0,46.0,43.0,41.012193308819754,261.0689564080724,259.04825805243314,246.03251817595168,229.05457864884517
306,36,306,0,10.199999999999967,25.079872407968907,97.04638066409278,8.0,22.0,25.079872407968907,29.017236257093817,22.02271554554524,77.05841939723393,55.08175741568164,42.5,42.0,45.0,21.5,33.5,9.5,12.5,15.132745950421556,15.0,14.5,47.0,43.0,42.01190307520001,261.0689564080724,259.04825805243314,246.03251817595168,228.0350850198276
307,36,307,0,10.2333333333333,20.024984394500787,94.04786015641186,10.0,23.021728866442675,23.021728866442675,26.019223662515376,24.08318915758459,77.10382610480494,54.08326913195984,44.0,44.0,47.0,21.5,31.5,6.5,11.5,16.1245154965971,16.0,15.5,47.0,44.0,42.01190307520001,259.0308861892728,259.0308861892728,247.01821795163207,228.0350850198276
308,36,308,0,10.266666666666634,4.0,93.02150289046077,15.033296378372908,24.020824298928627,22.02271554554524,24.020824298928627,28.0178514522438,71.00704190430693,47.0,45.0,43.0,45.0,16.0,27.0,1.0,2.0,15.033296378372908,15.0,15.0,46.0,43.0,41.012193308819754,259.0694887477103,259.0308861892728,247.01821795163207,230.0347799790284
309,36,309,0,10.299999999999969,2.0,90.0222194794152,14.0,25.0,22.0,24.0,29.0,70.0,45.0,44.0,43.0,45.0,15.0,26.0,0.0,2.0,15.132745950421556,15.0,15.0,47.0,43.0,41.048751503547585,257.0486335306998,258.0484450641003,247.01821795163207,229.0349318335524
310,36,310,0,10.3333333333333,3.0,88.02272433866155,15.033296378372908,25.0,21.02379604162864,24.0,27.018512172212592,70.0,45.0,43.5,43.0,45.0,17.0,26.0,1.0,2.0,15.132745950421556,15.0,15.0,47.0,44.0,41.0,258.0697580112788,259.04825805243314,247.05060210410335,229.05457864884517
311,36,311,0,10.366666666666632,6.082762530298219,85.05292469985967,15.0,26.019223662515376,20.024984394500787,23.021728866442675,27.018512172212592,74.06078584514209,48.041648597857254,45.0,44.0,47.0,18.5,28.5,0.5,3.5,16.1245154965971,15.033296378372908,15.0,47.0,44.0,42.0,257.0486335306998,258.0697580112788,247.07286374670934,229.10696191953662
312,36,312,0,10.399999999999968,7.0,84.0535543567314,13.038404810405298,26.019223662515376,20.024984394500787,22.02271554554524,30.01666203960727,76.00657866263946,50.0,46.5,45.0,48.0,16.5,29.5,2.5,3.5,16.1245154965971,16.0,15.5,47.0,43.0,43.01162633521314,258.0697580112788,258.0949437706985,247.07286374670934,229.10696191953662
313,36,313,0,10.4333333333333,5.0990195135927845,88.02272433866155,13.0,24.0,21.02379604162864,23.021728866442675,32.01562118716424,74.02702209328699,50.039984012787215,47.5,45.0,47.0,14.0,28.0,2.0,2.0,15.132745950421556,15.0,15.5,48.0,44.0,42.01190307520001,257.0486335306998,258.0697580112788,247.07286374670934,228.07893370497854
314,36,314,0,10.466666666666631,1.4142135623730951,92.02173656261873,14.0,22.02271554554524,21.02379604162864,24.020824298928627,33.015148038438355,70.06425622241343,48.041648597857254,47.5,44.0,46.0,12.0,25.0,1.0,1.0,16.0312195418814,15.0,15.5,48.0,44.0,42.01190307520001,257.07002936943076,259.09457732650446,247.09917037497314,230.13908837917995
315,36,315,0,10.499999999999966,3.0,92.0869154657707,13.038404810405298,20.024984394500787,21.02379604162864,23.0,32.01562118716424,68.06614430096654,48.041648597857254,46.5,42.0,46.0,12.0,24.0,1.0,0.0,15.132745950421556,15.0,15.0,48.0,45.0,43.0,257.09531306501873,258.0949437706985,247.09917037497314,229.17678765529462
316,36,316,0,10.5333333333333,3.1622776601683795,93.08598175880189,13.0,22.0,21.02379604162864,23.021728866442675,32.14031735997639,70.11419257183242,48.16637831516918,46.5,42.0,46.0,12.0,26.0,2.0,0.0,16.1245154965971,15.033296378372908,15.0,48.0,44.0,43.01162633521314,259.09457732650446,260.09421369957465,249.07227866625382,231.1384866265244
317,36,317,0,10.566666666666633,11.045361017187261,95.13148795220224,13.038404810405298,23.0,23.021728866442675,26.019223662515376,29.068883707497267,76.10519036176179,53.150729063673246,47.5,41.0,46.0,14.5,32.5,6.5,1.5,16.278820596099706,15.0,15.0,49.0,44.0,43.0,259.15632348063593,259.15632348063593,247.1639132235934,229.21823662178366
318,36,318,0,10.599999999999966,23.08679276123039,94.13288479590966,10.0,22.02271554554524,25.019992006393608,28.0,25.019992006393608,80.09993757800315,58.077534382926416,46.5,41.0,46.0,18.5,36.5,11.5,8.5,15.132745950421556,16.0312195418814,15.5,49.0,44.0,42.01190307520001,260.155722597063,261.15512631384433,248.12899870833317,228.1403077055872
319,36,319,0,10.6333333333333,24.08318915758459,95.08417323613851,10.0,23.021728866442675,26.076809620810597,29.017236257093817,24.08318915758459,81.15417426109393,58.137767414994535,46.0,42.0,46.0,20.0,37.0,12.0,10.0,15.132745950421556,16.0,16.0,49.0,45.0,41.048751503547585,262.0934947685654,260.06922155457,247.05060210410335,229.05457864884517
320,36,320,0,10.666666666666632,24.020824298928627,96.08329719571451,9.0,23.021728866442675,26.019223662515376,30.01666203960727,25.179356624028344,81.15417426109393,58.137767414994535,46.0,41.0,45.0,18.0,38.0,13.0,9.0,15.132745950421556,16.0,16.0,48.0,44.0,43.04648650006177,262.0934947685654,261.0938528575501,248.07257002740147,229.0785891348207
321,36,321,0,10.699999999999966,22.02271554554524,96.13012014972206,9.055385138137417,22.0,26.019223662515376,29.0,24.08318915758459,77.10382610480494,55.14526271584895,44.0,39.0,44.0,17.5,35.5,10.5,8.5,16.1245154965971,15.0,15.5,49.0,44.0,42.04759208325728,260.06922155457,260.06922155457,247.05060210410335,230.05434140654683
322,36,322,0,10.7333333333333,19.1049731745428,95.08417323613851,10.0,22.0,26.019223662515376,29.0,24.08318915758459,75.1065909225016,53.150729063673246,43.5,40.0,44.0,18.0,33.0,9.0,8.0,16.0312195418814,15.033296378372908,15.5,49.0,45.0,40.01249804748511,261.0938528575501,260.06922155457,249.0501957437496,230.07824755939012
323,36,323,0,10.766666666666632,15.132745950421556,95.08417323613851,11.0,22.0,26.076809620810597,29.017236257093817,24.08318915758459,72.11102550927978,50.15974481593781,42.5,39.0,43.0,17.0,31.0,7.0,6.0,16.0312195418814,16.0312195418814,15.5,48.0,44.0,41.012193308819754,261.1225765804252,261.1225765804252,249.09837414162303,230.10649708341572
324,36,324,0,10.799999999999963,11.045361017187261,95.08417323613851,11.0,21.02379604162864,25.079872407968907,28.0,26.076809620810597,69.1158447825099,48.093658625644196,42.5,38.0,42.0,14.0,29.0,5.0,3.0,15.132745950421556,15.033296378372908,15.0,49.0,45.0,42.01190307520001,261.0938528575501,261.0938528575501,250.0719896349849,232.13789005675054
325,36,325,0,10.833333333333298,4.123105625617661,96.08329719571451,13.0,21.02379604162864,25.019992006393608,26.0,28.071337695236398,66.12110101926616,45.09988913511872,43.0,38.0,42.0,12.0,26.0,2.0,0.0,16.1245154965971,15.033296378372908,15.0,49.0,44.0,43.04648650006177,259.23348549136165,261.23169792351007,250.19992006393608,233.21449354617735
326,36,326,0,10.866666666666632,1.0,98.12746812182611,14.035668847618199,21.02379604162864,23.021728866442675,25.019992006393608,29.017236257093817,64.1248781675256,43.104524124504614,43.0,37.0,42.0,10.5,24.5,1.5,2.5,16.0312195418814,16.0,15.5,49.0,44.0,42.01190307520001,261.0938528575501,261.0689564080724,250.0719896349849,233.10512649875378
327,36,327,0,10.899999999999965,1.4142135623730951,99.08077512817509,15.0,22.02271554554524,21.02379604162864,23.0,28.071337695236398,64.1248781675256,42.1070065428546,42.5,38.0,42.0,12.0,24.0,1.0,2.0,16.1245154965971,15.0,15.0,50.0,44.0,42.01190307520001,259.19297829995315,260.155722597063,249.1625975141534,233.173754955398
328,36,328,0,10.933333333333298,4.123105625617661,100.07996802557443,15.0,19.0,21.02379604162864,23.021728866442675,26.1725046566048,64.1248781675256,45.17742799230607,43.0,37.0,41.0,13.0,25.0,4.0,1.0,15.132745950421556,15.033296378372908,15.0,50.0,45.0,42.01190307520001,259.19297829995315,261.19150062741323,251.16130275183716,235.1361307838504
329,36,329,0,10.966666666666631,12.0,103.12128781197411,14.0,17.029386365926403,23.08679276123039,25.019992006393608,24.186773244895647,67.11929677819934,50.08991914547278,44.0,36.0,41.0,14.5,28.5,8.5,0.5,10.04987562112089,11.0,11.0,49.0,44.0,45.0111097397076,260.2325882744127,262.1907702418222,252.1606630701942,236.17154782064668
330,36,330,0,10.999999999999964,9.055385138137417,103.12128781197411,14.0,19.0,23.08679276123039,25.019992006393608,25.179356624028344,67.11929677819934,48.16637831516918,43.5,37.0,42.0,14.5,27.5,6.5,0.5,11.045361017187261,11.0,11.0,49.0,44.0,44.04543109109048,261.3235542388018,262.23081436017395,253.1975513309716,237.21087664776252
331,36,331,0,11.033333333333298,10.04987562112089,102.12247548899312,13.0,20.0,24.08318915758459,27.018512172212592,24.331050121192877,67.1863081289633,47.265209192385896,42.0,38.0,43.0,16.5,26.5,4.5,3.5,6.0,7.0710678118654755,6.5,51.0,47.0,43.01162633521314,261.19150062741323,260.1922366251537,249.1625975141534,235.2126697267815
332,36,332,0,11.066666666666633,5.0990195135927845,101.1236866416568,15.0,24.0,25.079872407968907,28.0,23.345235059857504,67.1863081289633,43.289721643826724,40.5,40.0,45.0,19.5,24.5,1.5,4.5,7.0,8.06225774829855,8.0,51.0,46.0,42.01190307520001,262.1907702418222,261.19150062741323,249.1625975141534,234.17301296263838
333,36,333,0,11.099999999999964,18.027756377319946,98.12746812182611,11.045361017187261,23.021728866442675,26.076809620810597,29.017236257093817,22.20360331117452,74.24284477308234,51.24451190127583,42.0,42.0,47.0,22.5,29.5,3.5,10.5,7.0,7.0710678118654755,6.5,51.0,45.0,42.01190307520001,261.19150062741323,261.19150062741323,248.20153101864622,232.26062946612367
334,36,334,0,11.133333333333296,28.071337695236398,96.13012014972206,11.0,24.0,27.073972741361768,31.064449134018133,22.20360331117452,85.14693182963201,61.204574992397426,47.0,45.0,50.0,25.5,37.5,11.5,13.5,8.06225774829855,9.0,8.5,51.0,46.0,43.01162633521314,264.18932605235966,262.1907702418222,248.20153101864622,230.21728866442677
335,36,335,0,11.16666666666663,37.05401462729781,97.12878049270464,11.0,25.0,28.071337695236398,33.015148038438355,22.20360331117452,95.13148795220224,70.178344238091,51.5,49.0,54.0,29.5,43.5,16.5,17.5,11.045361017187261,11.0,11.0,50.0,46.0,44.0,263.1900454044567,262.15453457836657,248.07257002740147,230.05434140654683
336,36,336,0,11.199999999999964,40.01249804748511,97.12878049270464,11.045361017187261,25.019992006393608,28.071337695236398,32.01562118716424,22.02271554554524,98.08159868191383,73.06161783043132,53.0,51.0,56.0,31.5,44.5,17.5,19.5,11.045361017187261,12.0,12.0,51.0,46.0,46.010868281309364,263.2299375071156,262.1907702418222,249.12848090894786,231.1384866265244
337,36,337,0,11.233333333333295,42.04759208325728,98.12746812182611,11.0,25.0,28.071337695236398,33.015148038438355,22.090722034374522,100.07996802557443,75.1065909225016,54.0,51.0,56.0,31.5,46.5,18.5,19.5,12.041594578792296,12.0,12.0,52.0,47.0,46.0,264.18932605235966,262.1221089492453,247.09917037497314,229.10696191953662
338,36,338,0,11.26666666666663,41.012193308819754,100.07996802557443,11.0,25.019992006393608,29.068883707497267,33.015148038438355,23.08679276123039,100.07996802557443,75.05997601918082,54.5,51.0,55.0,30.0,47.0,20.0,18.0,13.152946437965905,13.0,12.5,50.0,47.0,43.01162633521314,264.06817301598466,262.0686932847951,248.05039810490126,230.05434140654683
339,36,339,0,11.299999999999963,41.012193308819754,101.04454463255303,11.045361017187261,24.0,29.017236257093817,33.015148038438355,23.0,99.02019995940222,75.02666192761077,54.5,51.0,54.0,29.5,46.5,20.5,18.5,13.038404810405298,14.0,13.5,51.0,47.0,45.0111097397076,264.06817301598466,262.0477055804916,247.01821795163207,230.0195643852931
340,36,340,0,11.333333333333297,39.01281840626232,103.04368005850722,10.0,24.0,28.0178514522438,33.015148038438355,24.020824298928627,97.02061636580135,73.02739212103907,53.5,50.0,53.0,27.5,45.5,19.5,16.5,13.038404810405298,13.0,13.0,51.0,47.0,45.0111097397076,264.04734423962685,263.0304164920856,249.00803199896987,232.0086205294967
341,36,341,0,11.36666666666663,38.0,101.00495037373169,11.045361017187261,24.0,28.0,32.0,22.0,95.00526301210897,71.00704190430693,52.0,50.0,51.0,28.5,44.5,18.5,17.5,13.038404810405298,13.0,13.0,50.0,47.0,45.0,262.0477055804916,261.03064954139006,246.00203251192866,229.00218339570478
342,36,342,0,11.399999999999965,38.01315561749642,102.0196059588548,11.0,25.0,29.017236257093817,33.0,22.02271554554524,96.02083107326243,71.02816342831905,52.0,49.0,51.0,28.0,46.0,20.0,17.0,13.038404810405298,13.0,13.5,49.0,47.0,44.01136216933077,263.04752422328556,261.01724080987447,247.00202428320299,231.00865784641059
343,36,343,0,11.433333333333296,39.01281840626232,102.0196059588548,11.045361017187261,24.0,29.017236257093817,34.0147027033899,22.0,96.02083107326243,72.02777242147643,52.5,50.0,52.0,29.0,45.0,19.0,18.0,13.038404810405298,13.038404810405298,13.5,49.0,46.0,45.0111097397076,264.0170449043016,262.00763347658403,248.0,230.0021739027699
344,36,344,0,11.46666666666663,40.01249804748511,102.00490184299969,10.0,24.0,29.017236257093817,33.0,22.02271554554524,96.02083107326243,72.02777242147643,52.0,50.0,51.0,28.5,45.5,20.5,17.5,13.038404810405298,13.0,13.0,50.0,48.0,43.0,263.00760445279906,262.0019083899963,247.00202428320299,230.0021739027699
345,36,345,0,11.499999999999964,32.01562118716424,100.0199980003999,10.0,23.0,26.076809620810597,30.0,21.095023109728988,86.05230967266364,63.071388124885914,47.0,47.0,49.0,27.0,38.0,13.0,16.0,13.038404810405298,14.035668847618199,13.5,48.0,47.0,42.01190307520001,263.00760445279906,262.0019083899963,249.0,232.0
346,36,346,0,11.533333333333296,19.026297590440446,100.04498987955368,10.0,21.0,26.076809620810597,29.017236257093817,21.095023109728988,71.06335201775947,50.08991914547278,40.5,42.0,45.0,22.5,27.5,4.5,11.5,14.035668847618199,14.035668847618199,14.5,47.0,47.0,42.04759208325728,262.01717500957835,262.00763347658403,250.0,233.0
347,36,347,0,11.56666666666663,12.041594578792296,101.01980003939822,11.0,22.0,26.019223662515376,29.017236257093817,20.09975124224178,65.06919393998976,43.104524124504614,37.0,40.0,42.0,21.0,24.0,0.0,10.0,14.035668847618199,14.035668847618199,14.0,47.0,47.0,43.01162633521314,262.0019083899963,262.0019083899963,250.0,234.00213674238105
348,36,348,0,11.599999999999962,12.041594578792296,100.07996802557443,11.0,22.0,28.0178514522438,30.01666203960727,20.09975124224178,65.06919393998976,43.104524124504614,37.0,39.0,43.0,21.0,24.0,0.0,10.0,14.035668847618199,14.035668847618199,14.0,47.0,46.0,43.04648650006177,263.00760445279906,262.0,250.00199999200007,233.00214591286493
349,36,349,0,11.633333333333296,19.026297590440446,101.04454463255303,10.0,24.020824298928627,28.071337695236398,32.0624390837628,21.213203435596427,74.16872656315464,50.15974481593781,40.5,42.0,45.0,22.5,30.5,4.5,11.5,14.035668847618199,15.033296378372908,15.0,48.0,47.0,41.012193308819754,262.01717500957835,262.0019083899963,251.0019920239678,233.00214591286493
350,36,350,0,11.666666666666629,20.024984394500787,100.04498987955368,10.0,23.021728866442675,28.071337695236398,31.016124838541646,20.09975124224178,73.10950690573696,50.08991914547278,40.0,41.0,44.0,22.5,30.5,5.5,11.5,15.033296378372908,15.033296378372908,15.0,48.0,46.0,43.01162633521314,263.00760445279906,263.0019011338131,251.0,233.0
351,36,351,0,11.699999999999962,22.090722034374522,101.01980003939822,10.0,24.0,28.071337695236398,32.01562118716424,21.095023109728988,77.10382610480494,53.150729063673246,42.0,43.0,45.0,23.0,33.0,7.0,13.0,15.033296378372908,15.033296378372908,15.0,48.0,47.0,42.0,264.0075756488817,262.00763347658403,251.00796800101784,233.01931250435015
352,36,352,0,11.733333333333295,22.090722034374522,101.01980003939822,9.0,24.0,29.068883707497267,32.01562118716424,22.090722034374522,77.10382610480494,53.150729063673246,42.0,44.0,46.0,23.0,32.0,6.0,13.0,14.035668847618199,14.0,14.0,47.0,46.0,42.0,263.00760445279906,262.0019083899963,250.00199999200007,232.0086205294967
353,36,353,0,11.766666666666628,14.035668847618199,99.02019995940222,10.04987562112089,22.0,24.020824298928627,27.018512172212592,26.019223662515376,72.06247289678588,50.08991914547278,43.0,43.0,45.0,18.0,28.0,4.0,8.0,14.035668847618199,15.0,15.0,48.0,46.0,43.01162633521314,263.0171097096157,263.0171097096157,251.01792764661252,234.05341270744162
354,36,354,0,11.799999999999962,14.035668847618199,100.00499987500625,10.0,22.0,25.019992006393608,28.0,26.076809620810597,72.06247289678588,50.08991914547278,43.0,44.0,45.0,18.5,27.5,3.5,8.5,15.033296378372908,14.0,14.5,48.0,46.0,43.01162633521314,262.03053257206494,262.00763347658403,251.00796800101784,233.0085835328819
355,36,355,0,11.833333333333297,2.0,97.04638066409278,15.033296378372908,21.02379604162864,25.019992006393608,27.018512172212592,27.0,65.03076195155643,44.01136216933077,43.0,41.0,44.0,15.5,22.5,1.5,1.5,15.033296378372908,14.035668847618199,14.5,47.0,45.0,41.0,263.0304164920856,262.03053257206494,250.0319979522621,233.0772404161333
356,36,356,0,11.866666666666628,2.0,97.02061636580135,14.035668847618199,21.02379604162864,24.020824298928627,26.0,28.0,65.03076195155643,44.01136216933077,43.0,42.0,44.0,15.0,22.0,1.0,1.0,15.033296378372908,14.0,14.5,48.0,46.0,42.01190307520001,264.04734423962685,263.04752422328556,251.04979585731593,234.07691043757393
357,36,357,0,11.89999999999996,6.324555320336759,98.04590761474952,13.0,22.0,25.019992006393608,28.0,28.0,69.02897942168927,47.042533945356304,44.0,42.0,45.0,15.5,25.5,0.5,3.5,14.035668847618199,14.0,14.5,48.0,46.0,42.0,263.0171097096157,263.0304164920856,250.0319979522621,233.05364189387817
358,36,358,0,11.933333333333294,23.021728866442675,99.04544411531506,10.0,24.0,27.018512172212592,30.01666203960727,24.08318915758459,81.05553651663777,57.07889277132134,45.5,43.0,46.0,20.5,36.5,10.5,10.5,14.035668847618199,15.0,15.0,49.0,47.0,41.0,263.00760445279906,262.01717500957835,251.03187048659777,233.0772404161333
359,36,359,0,11.966666666666628,25.019992006393608,100.0199980003999,9.0,24.0,27.018512172212592,31.0,23.021728866442675,81.02468759581859,57.0350769263968,44.5,42.0,44.0,20.0,38.0,12.0,11.0,14.035668847618199,14.0,14.0,49.0,46.0,41.0,264.0170449043016,263.0171097096157,250.01799935204664,233.03433223454437
360,36,360,0,11.99999999999996,25.079872407968907,99.04544411531506,9.0,25.0,27.018512172212592,30.0,23.021728866442675,82.05485969764375,57.07889277132134,44.5,42.0,45.0,20.5,38.5,12.5,11.5,15.033296378372908,15.0,15.0,49.0,47.0,41.0,265.0075470623431,263.0171097096157,251.01792764661252,233.03433223454437
361,36,361,0,12.033333333333294,22.02271554554524,100.0199980003999,10.0,24.0,26.076809620810597,30.01666203960727,22.02271554554524,78.02563681252464,54.037024344425184,43.0,42.0,44.0,21.0,35.0,9.0,11.0,14.142135623730951,15.033296378372908,14.5,48.0,46.0,42.01190307520001,265.03018695990085,263.0304164920856,251.03187048659777,233.05364189387817
362,36,362,0,12.066666666666627,19.026297590440446,95.13148795220224,11.0,23.0,26.076809620810597,29.068883707497267,20.223748416156685,73.10950690573696,50.15974481593781,40.5,39.0,44.0,21.5,31.5,5.5,10.5,15.033296378372908,15.0,15.0,47.0,44.0,44.01136216933077,264.030301291348,263.0171097096157,250.01799935204664,232.03448019637082
363,36,363,0,12.09999999999996,15.033296378372908,93.08598175880189,13.0,26.019223662515376,26.076809620810597,28.0178514522438,20.223748416156685,74.16872656315464,48.16637831516918,40.5,40.0,44.0,22.0,32.0,4.0,9.0,15.132745950421556,15.0,14.5,48.0,46.0,42.01190307520001,265.04716561397146,265.03018695990085,252.03174403237384,234.03418553707064
364,36,364,0,12.133333333333294,11.045361017187261,91.13725912051558,15.0,27.018512172212592,23.021728866442675,26.019223662515376,22.20360331117452,75.16648189186454,48.16637831516918,42.5,41.0,46.0,21.5,31.5,2.5,7.5,14.142135623730951,14.0,14.0,48.0,46.0,43.0,265.01698058803703,263.00760445279906,251.01792764661252,233.01931250435015
365,36,365,0,12.166666666666629,9.055385138137417,89.05054744357274,15.0,27.018512172212592,22.02271554554524,26.0,24.08318915758459,75.1065909225016,48.093658625644196,43.5,42.0,45.0,19.5,31.5,2.5,5.5,15.132745950421556,15.033296378372908,14.5,49.0,46.0,43.0,263.0931394012394,262.0934947685654,250.09798079952586,233.10512649875378
366,36,366,0,12.19999999999996,8.06225774829855,88.05112151472007,14.0,27.0,21.02379604162864,25.0,26.076809620810597,75.05997601918082,48.093658625644196,44.0,42.0,45.0,17.5,31.5,2.5,3.5,15.132745950421556,14.035668847618199,14.0,49.0,46.0,42.0,262.0477055804916,263.0304164920856,251.03187048659777,234.03418553707064
367,36,367,0,12.233333333333292,8.06225774829855,89.05054744357274,14.0,27.018512172212592,21.02379604162864,24.0,27.073972741361768,76.10519036176179,49.09175083453431,45.0,42.0,45.0,16.5,32.5,3.5,2.5,15.132745950421556,14.035668847618199,14.5,50.0,46.0,43.01162633521314,262.0934947685654,262.15453457836657,249.1625975141534,231.26175645791503
368,36,368,0,12.266666666666628,7.0710678118654755,91.08786966440702,14.0,26.0,21.02379604162864,25.019992006393608,28.071337695236398,75.05997601918082,49.09175083453431,45.5,42.0,46.0,16.0,31.0,3.0,2.0,15.132745950421556,15.033296378372908,15.0,50.0,45.0,43.01162633521314,263.0931394012394,263.0931394012394,251.127457678367,233.173754955398
369,36,369,0,12.29999999999996,7.0710678118654755,91.08786966440702,15.0,27.0,21.02379604162864,25.019992006393608,27.16615541441225,76.10519036176179,49.16299421312742,45.5,42.0,46.0,17.0,32.0,3.0,3.0,15.132745950421556,15.0,15.0,50.0,46.0,43.0,263.0931394012394,263.0931394012394,251.07170290576354,232.13789005675054
370,36,370,0,12.333333333333291,16.0312195418814,99.18165152889924,12.041594578792296,23.0,26.076809620810597,29.017236257093817,24.08318915758459,75.1065909225016,52.15361924162119,44.0,40.0,46.0,19.0,32.0,6.0,7.0,14.142135623730951,15.033296378372908,15.0,50.0,45.0,43.01162633521314,263.1216448717209,263.1216448717209,251.127457678367,234.13671220037236
371,36,371,0,12.366666666666626,17.029386365926403,99.12618221237011,10.04987562112089,24.0,27.073972741361768,31.016124838541646,24.08318915758459,75.1065909225016,51.15662224971465,42.5,40.0,45.0,18.5,32.5,6.5,7.5,14.142135623730951,15.033296378372908,15.0,49.0,44.0,44.04543109109048,264.04734423962685,263.04752422328556,251.01792764661252,233.05364189387817
372,36,372,0,12.39999999999996,17.029386365926403,99.18165152889924,10.04987562112089,24.020824298928627,26.076809620810597,30.01666203960727,24.08318915758459,75.16648189186454,51.15662224971465,42.5,39.0,45.0,18.0,33.0,7.0,8.0,15.033296378372908,14.035668847618199,14.0,49.0,44.0,45.0111097397076,263.0931394012394,263.0684321616716,250.04999500099976,233.05364189387817
373,36,373,0,12.433333333333293,20.024984394500787,99.12618221237011,8.06225774829855,23.021728866442675,27.073972741361768,30.01666203960727,24.08318915758459,75.16648189186454,52.15361924162119,42.0,40.0,45.0,18.5,32.5,7.5,9.5,15.033296378372908,15.033296378372908,15.0,50.0,46.0,44.01136216933077,265.09243670840556,264.06817301598466,251.04979585731593,234.07691043757393
374,36,374,0,12.466666666666626,18.110770276274835,99.08077512817509,10.0,22.0,26.076809620810597,29.068883707497267,22.090722034374522,72.11102550927978,50.15974481593781,41.0,39.0,43.0,19.0,31.0,6.0,9.0,15.132745950421556,15.033296378372908,15.0,50.0,45.0,43.04648650006177,263.0931394012394,264.12118430750684,252.0972034751675,234.13671220037236
375,36,375,0,12.49999999999996,15.033296378372908,99.08077512817509,9.0,22.0,25.079872407968907,27.073972741361768,22.090722034374522,68.06614430096654,46.09772228646444,38.5,38.0,42.0,18.0,28.0,3.0,8.0,15.033296378372908,15.0,15.0,48.0,44.0,42.01190307520001,263.04752422328556,263.0304164920856,251.01792764661252,233.03433223454437
376,36,376,0,12.533333333333292,12.041594578792296,98.08159868191383,10.0,23.0,25.019992006393608,27.018512172212592,23.194827009486403,68.11754546370561,45.17742799230607,39.0,38.0,42.0,17.0,28.0,3.0,7.0,15.132745950421556,15.033296378372908,15.5,50.0,45.0,42.0,264.06817301598466,263.04752422328556,251.04979585731593,234.05341270744162
377,36,377,0,12.566666666666626,11.045361017187261,97.082439194738,11.0,23.0,26.076809620810597,28.0,23.08679276123039,68.06614430096654,45.09988913511872,39.5,38.0,42.0,17.0,28.0,3.0,6.0,16.1245154965971,15.033296378372908,15.0,49.0,44.0,43.01162633521314,262.0686932847951,263.0684321616716,251.07170290576354,232.1055794245369
378,36,378,0,12.59999999999996,11.045361017187261,95.04735661763561,13.0,24.0,24.08318915758459,26.019223662515376,21.095023109728988,69.06518659932803,45.09988913511872,39.5,39.0,42.0,19.5,28.5,2.5,6.5,15.132745950421556,16.0312195418814,15.5,50.0,45.0,43.01162633521314,263.1539473388153,263.1539473388153,251.127457678367,233.13729860320507
379,36,379,0,12.633333333333292,13.038404810405298,93.08598175880189,12.041594578792296,24.0,25.019992006393608,28.0,24.08318915758459,73.10950690573696,49.16299421312742,42.5,42.0,46.0,20.0,29.0,3.0,9.0,15.132745950421556,15.033296378372908,15.0,49.0,44.0,43.01162633521314,263.2299375071156,263.1900454044567,251.19912420229494,233.25951213187426
380,36,380,0,12.666666666666623,14.035668847618199,91.0494371207203,13.0,24.0,22.02271554554524,25.0,26.076809620810597,77.05841939723393,53.08483775994799,46.0,44.0,47.0,19.5,31.5,5.5,7.5,15.132745950421556,15.0,15.0,51.0,45.0,42.01190307520001,262.23081436017395,263.2299375071156,251.19912420229494,234.21357774475842
381,36,381,0,12.699999999999958,7.0710678118654755,93.08598175880189,14.0,23.021728866442675,21.02379604162864,24.0,30.066592756745816,74.10802925459562,51.088159097779204,47.5,44.0,48.0,16.0,28.0,3.0,3.0,15.132745950421556,14.0,14.5,50.0,44.0,42.1070065428546,261.23169792351007,261.23169792351007,249.28898892650673,231.42385356743154
382,36,382,0,12.733333333333292,1.4142135623730951,95.13148795220224,14.0,20.024984394500787,22.02271554554524,24.020824298928627,33.06055050963308,68.11754546370561,48.093658625644196,47.5,42.0,47.0,11.5,23.5,1.5,1.5,16.1245154965971,15.0,15.0,50.0,43.0,42.04759208325728,261.3235542388018,261.37520922994975,250.39169315294788,233.4823333787805
383,36,383,0,12.766666666666625,1.0,97.25224933131366,14.035668847618199,19.026297590440446,22.02271554554524,24.020824298928627,33.06055050963308,66.18912297349165,47.16990566028302,47.0,41.0,48.0,11.5,21.5,0.5,1.5,16.1245154965971,15.0,15.0,51.0,43.0,44.04543109109048,261.43067914841214,262.48809496813374,250.51147678300092,233.69424468736923
384,36,384,0,12.799999999999958,0.0,97.25224933131366,13.038404810405298,19.026297590440446,22.02271554554524,24.020824298928627,34.132096331752024,66.18912297349165,47.16990566028302,47.0,41.0,48.0,10.5,21.5,0.5,1.5,15.132745950421556,14.035668847618199,14.5,50.0,42.0,41.10960958218893,261.37520922994975,261.48996156640504,250.51147678300092,233.6193485137736
385,36,385,0,12.833333333333291,2.23606797749979,98.32598842625484,14.0,19.026297590440446,23.08679276123039,25.079872407968907,33.13608305156178,68.18357573492314,49.16299421312742,48.0,41.0,49.0,12.0,23.0,1.0,2.0,15.132745950421556,15.033296378372908,15.0,50.0,42.0,43.104524124504614,259.5573154430443,261.5530538915575,249.57964660604839,233.69424468736923
386,36,386,0,12.866666666666625,14.142135623730951,100.31948963187563,13.0,22.02271554554524,24.08318915758459,27.073972741361768,28.284271247461902,77.31752712031083,55.326304774492215,48.0,40.0,48.0,16.0,33.0,8.0,4.0,15.132745950421556,15.0,15.0,50.0,42.0,44.04543109109048,262.42903802742563,262.42903802742563,250.44959572736389,232.55106965997814
387,36,387,0,12.899999999999958,22.090722034374522,100.4987562112089,11.0,22.02271554554524,26.076809620810597,30.066592756745816,25.179356624028344,80.22468448052632,58.215118311311535,47.0,39.0,49.0,19.0,36.0,11.0,8.0,15.132745950421556,15.0,15.0,51.0,43.0,43.104524124504614,262.42903802742563,262.48809496813374,249.51352668743232,231.62469643800938
388,36,388,0,12.933333333333293,23.08679276123039,101.40019723846694,10.04987562112089,23.021728866442675,27.073972741361768,30.066592756745816,25.179356624028344,81.30190649671138,58.309518948453004,46.5,39.0,48.0,18.5,37.5,11.5,8.5,14.142135623730951,15.0,15.0,51.0,42.0,42.190046219457976,264.48440407706465,262.42903802742563,249.45139807184887,231.5534495532295
389,36,389,0,12.966666666666624,23.08679276123039,103.31021246711285,11.0,23.08679276123039,28.071337695236398,31.064449134018133,24.186773244895647,81.30190649671138,58.215118311311535,46.5,38.0,46.0,18.0,39.0,13.0,7.0,14.142135623730951,15.0,15.5,51.0,43.0,43.104524124504614,264.48440407706465,263.54885695066105,250.57733337235433,233.6193485137736
390,36,390,0,12.999999999999956,24.08318915758459,102.3132444994293,10.04987562112089,24.020824298928627,27.073972741361768,30.066592756745816,24.08318915758459,82.21921916437786,58.215118311311535,46.0,38.0,46.0,18.0,40.0,14.0,7.0,14.142135623730951,15.0,15.0,51.0,43.0,43.04648650006177,264.48440407706465,263.4274093559742,249.39326374222702,232.48440807933767
391,36,391,0,13.03333333333329,25.079872407968907,104.30723848324239,10.04987562112089,23.021728866442675,28.160255680657446,32.0624390837628,24.08318915758459,82.21921916437786,59.21148537234985,46.5,37.0,45.0,17.0,41.0,16.0,6.0,14.142135623730951,16.0,16.0,52.0,44.0,42.1070065428546,262.42903802742563,262.42903802742563,250.39169315294788,233.54871012274933
392,36,392,0,13.066666666666624,24.08318915758459,104.30723848324239,10.0,23.021728866442675,28.071337695236398,31.064449134018133,25.317977802344327,82.29823813423954,59.30430001273095,47.0,37.0,45.0,16.0,41.0,16.0,6.0,14.142135623730951,14.0,14.5,51.0,42.0,44.10215414239989,263.48624252510797,263.48624252510797,250.44959572736389,233.6193485137736
393,36,393,0,13.099999999999955,24.08318915758459,104.30723848324239,10.04987562112089,24.08318915758459,28.160255680657446,31.064449134018133,25.079872407968907,83.2946576918352,59.21148537234985,47.0,37.0,45.0,16.0,42.0,15.0,6.0,14.142135623730951,14.0,14.5,52.0,43.0,42.190046219457976,263.54885695066105,263.54885695066105,251.6445906432324,235.76683396949622
394,36,394,0,13.13333333333329,25.179356624028344,103.31021246711285,10.04987562112089,24.020824298928627,28.071337695236398,32.01562118716424,24.186773244895647,83.38465086573187,59.413803110051795,46.5,37.0,45.0,17.0,42.0,15.0,7.0,15.132745950421556,15.0,14.5,51.0,42.0,43.04648650006177,263.54885695066105,263.54885695066105,251.57503850740042,234.7701003109212
395,36,395,0,13.166666666666623,25.079872407968907,105.38500842150178,11.045361017187261,24.08318915758459,28.071337695236398,32.0624390837628,23.194827009486403,83.38465086573187,59.30430001273095,46.5,35.0,44.0,16.5,43.5,17.5,5.5,15.132745950421556,16.0,16.0,51.0,42.0,42.1070065428546,264.3709515056448,263.3723599772763,251.3901350490906,234.48027635602958
396,36,396,0,13.199999999999957,22.090722034374522,105.23307464861035,10.04987562112089,22.02271554554524,29.154759474226502,32.0624390837628,23.08679276123039,77.23341245859851,55.226805085936306,44.0,35.0,42.0,15.5,38.5,13.5,4.5,15.132745950421556,15.0,15.5,51.0,42.0,44.04543109109048,264.3709515056448,263.3723599772763,251.24092023394596,234.30749027719963
397,36,397,0,13.23333333333329,17.11724276862369,106.30145812734649,11.045361017187261,22.02271554554524,29.154759474226502,32.0624390837628,23.194827009486403,73.33484846919642,51.35172830587107,42.5,34.0,42.0,15.0,35.0,10.0,4.0,16.1245154965971,16.0312195418814,16.0,51.0,42.0,43.104524124504614,265.42418879973997,263.3723599772763,252.28555249954366,235.35929979501554
398,36,398,0,13.266666666666625,15.132745950421556,105.30432089900205,10.04987562112089,22.090722034374522,29.068883707497267,32.0624390837628,24.08318915758459,71.34423592694787,49.25444142409901,41.5,33.0,41.0,13.0,34.0,10.0,3.0,16.1245154965971,15.0,15.0,51.0,42.0,43.04648650006177,264.48440407706465,262.37377917772193,251.3901350490906,236.47621444872632
399,36,399,0,13.299999999999956,16.1245154965971,105.30432089900205,10.04987562112089,23.021728866442675,29.154759474226502,32.01562118716424,23.194827009486403,72.3394774656273,49.36598018878993,41.0,33.0,41.0,14.0,35.0,10.0,3.0,15.132745950421556,16.0,16.0,51.0,42.0,41.048751503547585,264.3709515056448,264.42579299304373,252.38858928247924,236.47621444872632
400,36,400,0,13.33333333333329,21.095023109728988,104.23531071570709,10.04987562112089,24.020824298928627,29.068883707497267,32.01562118716424,24.08318915758459,79.22752047110903,55.226805085936306,44.5,37.0,44.0,16.5,38.5,12.5,6.5,15.132745950421556,15.0,15.0,51.0,43.0,43.104524124504614,265.27155897306443,264.27258654654287,251.19912420229494,235.25730594393875
401,36,401,0,13.366666666666625,28.160255680657446,102.23991392797629,10.0,26.019223662515376,29.068883707497267,33.015148038438355,24.186773244895647,88.2779700718135,62.289646009589745,48.0,40.0,47.0,19.5,44.5,16.5,8.5,15.132745950421556,15.033296378372908,15.5,50.0,43.0,43.04648650006177,265.31867631209076,263.32109676210905,250.3377718203947,233.42022191746798
402,36,402,0,13.399999999999956,29.068883707497267,102.23991392797629,11.045361017187261,25.079872407968907,29.068883707497267,33.015148038438355,23.08679276123039,88.2779700718135,63.198101237299845,48.5,41.0,48.0,21.5,43.5,15.5,10.5,14.317821063276353,15.0,15.0,51.0,43.0,42.1070065428546,262.32232081925474,262.32232081925474,250.28783430282823,232.42202993692314
403,36,403,0,13.43333333333329,28.071337695236398,103.23759005323593,10.0,25.079872407968907,30.066592756745816,33.015148038438355,23.194827009486403,86.28441342444185,61.204574992397426,47.0,40.0,47.0,20.5,42.5,15.5,10.5,15.132745950421556,15.0,15.0,51.0,43.0,44.04543109109048,265.31867631209076,264.3709515056448,251.3364279208249,234.4184293096428
404,36,404,0,13.466666666666622,21.095023109728988,103.12128781197411,11.045361017187261,23.021728866442675,29.068883707497267,33.0,23.08679276123039,78.23042886243178,55.226805085936306,44.5,38.0,43.0,17.5,37.5,12.5,6.5,14.142135623730951,15.0,15.0,49.0,42.0,42.1070065428546,264.2290672882149,264.27258654654287,252.23996511258878,236.30488780387088
405,36,405,0,13.499999999999956,17.11724276862369,104.12012293500234,10.0,22.02271554554524,29.068883707497267,32.01562118716424,24.08318915758459,73.17103251970687,51.15662224971465,42.5,36.0,41.0,14.5,34.5,10.5,4.5,15.033296378372908,15.033296378372908,15.0,50.0,44.0,41.048751503547585,263.1900454044567,262.1907702418222,252.1983346495373,236.21176939348302
406,36,406,0,13.533333333333289,15.132745950421556,104.17293314484334,10.04987562112089,21.02379604162864,30.066592756745816,32.0,23.08679276123039,69.26037828369117,48.25971404805462,40.5,33.0,39.0,13.0,33.0,10.0,3.0,15.132745950421556,15.033296378372908,15.0,49.0,44.0,42.04759208325728,263.1900454044567,263.1539473388153,252.1269521491108,236.13555429032706
407,36,407,0,13.566666666666622,18.027756377319946,102.07840124139877,10.04987562112089,23.021728866442675,29.068883707497267,31.0,23.08679276123039,74.16872656315464,51.15662224971465,42.0,36.0,40.0,15.0,36.0,11.0,5.0,15.132745950421556,15.033296378372908,15.0,49.0,44.0,42.01190307520001,263.1539473388153,262.15453457836657,250.1619475459847,235.17227727774377
408,36,408,0,13.599999999999955,19.1049731745428,102.04410811016969,10.04987562112089,22.02271554554524,29.017236257093817,32.0,23.08679276123039,74.24284477308234,52.23983154643591,42.5,38.0,41.0,16.5,34.5,10.5,6.5,15.132745950421556,15.0,14.5,48.0,43.0,41.048751503547585,263.1539473388153,263.1539473388153,250.12796724876648,233.173754955398
409,36,409,0,13.633333333333288,21.02379604162864,101.04454463255303,10.04987562112089,22.02271554554524,30.01666203960727,33.015148038438355,22.090722034374522,75.16648189186454,53.150729063673246,42.5,37.0,40.0,16.5,36.5,12.5,6.5,10.04987562112089,10.0,9.5,50.0,45.0,43.01162633521314,264.12118430750684,262.15453457836657,250.12796724876648,233.173754955398
410,36,410,0,13.666666666666622,19.1049731745428,101.04454463255303,10.0,22.02271554554524,29.068883707497267,32.0,23.08679276123039,74.16872656315464,52.15361924162119,42.5,37.0,40.0,15.5,35.5,11.5,5.5,8.06225774829855,8.06225774829855,8.0,50.0,46.0,41.048751503547585,262.0686932847951,260.0480724789169,248.05039810490126,233.0772404161333
411,36,411,0,13.699999999999957,17.11724276862369,101.04454463255303,10.0,22.02271554554524,28.071337695236398,31.0,23.08679276123039,72.17340230306452,50.15974481593781,41.5,37.0,40.0,15.5,33.5,10.5,5.5,9.055385138137417,8.0,8.5,51.0,47.0,41.048751503547585,261.0938528575501,260.09421369957465,248.07257002740147,233.10512649875378
412,36,412,0,13.733333333333288,19.1049731745428,101.04454463255303,10.0,22.02271554554524,28.071337695236398,31.0,22.090722034374522,73.17103251970687,51.15662224971465,41.5,37.0,40.0,16.5,34.5,10.5,5.5,8.06225774829855,8.246211251235321,8.0,51.0,47.0,40.01249804748511,261.1225765804252,260.09421369957465,249.07227866625382,234.10467744152402
413,36,413,0,13.76666666666662,17.11724276862369,100.04498987955368,10.0,21.02379604162864,27.018512172212592,31.0,22.090722034374522,70.178344238091,49.16299421312742,40.5,37.0,40.0,16.5,31.5,8.5,6.5,7.0,7.0710678118654755,6.5,50.0,47.0,41.012193308819754,262.0934947685654,261.0938528575501,250.0719896349849,233.10512649875378
414,36,414,0,13.799999999999956,17.11724276862369,97.082439194738,9.055385138137417,21.0,26.076809620810597,29.017236257093817,22.090722034374522,69.18092222571191,48.25971404805462,39.5,37.0,41.0,17.0,30.0,7.0,8.0,11.0,11.0,10.5,49.0,44.0,42.01190307520001,263.1216448717209,261.0938528575501,250.09798079952586,233.13729860320507
415,36,415,0,13.833333333333288,17.029386365926403,98.04590761474952,10.04987562112089,22.02271554554524,27.073972741361768,30.01666203960727,22.090722034374522,71.17583859709698,49.16299421312742,40.5,38.0,41.0,17.5,31.5,7.5,7.5,10.04987562112089,10.04987562112089,10.5,49.0,45.0,41.012193308819754,263.1216448717209,262.0934947685654,251.09759058979438,233.13729860320507
416,36,416,0,13.86666666666662,19.1049731745428,97.04638066409278,9.0,22.02271554554524,27.073972741361768,30.01666203960727,22.090722034374522,72.17340230306452,50.15974481593781,40.5,39.0,42.0,18.5,31.5,7.5,9.5,12.041594578792296,12.0,12.0,48.0,44.0,42.01190307520001,262.0934947685654,262.0934947685654,250.0719896349849,233.13729860320507
417,36,417,0,13.899999999999954,18.110770276274835,97.12878049270464,9.0,23.0,27.073972741361768,29.017236257093817,22.20360331117452,72.17340230306452,49.25444142409901,40.0,39.0,44.0,19.5,30.5,5.5,10.5,14.142135623730951,15.0,15.0,48.0,44.0,41.012193308819754,261.04788832702707,260.0307674103201,249.0321264415497,233.03433223454437
418,36,418,0,13.933333333333287,17.11724276862369,95.13148795220224,9.0,24.020824298928627,26.076809620810597,29.017236257093817,22.090722034374522,72.17340230306452,48.16637831516918,39.5,38.0,43.0,18.5,31.5,5.5,8.5,14.142135623730951,14.0,14.5,48.0,44.0,41.012193308819754,263.0684321616716,261.04788832702707,250.0319979522621,233.0772404161333
419,36,419,0,13.96666666666662,14.142135623730951,92.0869154657707,11.0,24.0,26.019223662515376,29.0,22.090722034374522,71.11258679024411,47.16990566028302,40.0,39.0,43.0,19.0,30.0,4.0,8.0,15.132745950421556,14.0,14.0,48.0,44.0,41.012193308819754,262.0477055804916,262.03053257206494,249.0180716333656,232.0086205294967
420,36,420,0,13.999999999999954,14.035668847618199,93.08598175880189,12.041594578792296,24.020824298928627,26.076809620810597,28.0,21.095023109728988,71.17583859709698,47.16990566028302,40.0,39.0,43.0,20.0,30.0,4.0,8.0,15.033296378372908,14.0,14.5,48.0,45.0,41.012193308819754,261.0689564080724,261.04788832702707,249.0321264415497,232.01939574095957
421,36,421,0,14.033333333333289,9.055385138137417,90.0499861188218,15.0,27.018512172212592,23.0,27.018512172212592,22.090722034374522,73.10950690573696,46.09772228646444,41.5,40.0,43.0,19.5,31.5,2.5,5.5,14.142135623730951,15.033296378372908,14.5,47.0,44.0,43.0,260.0307674103201,261.01724080987447,249.0020080240318,232.0086205294967
422,36,422,0,14.06666666666662,7.0710678118654755,87.05170877128145,15.033296378372908,26.0,22.02271554554524,25.0,25.079872407968907,73.10950690573696,47.16990566028302,43.5,41.0,44.0,17.5,30.5,2.5,3.5,14.142135623730951,15.033296378372908,15.0,47.0,45.0,42.0,260.06922155457,260.06922155457,249.07227866625382,232.13789005675054
423,36,423,0,14.099999999999952,6.324555320336759,88.02272433866155,15.0,27.0,22.02271554554524,25.0,26.019223662515376,74.06078584514209,47.095647357266465,44.0,42.0,44.0,17.0,31.0,2.0,3.0,15.033296378372908,15.033296378372908,15.0,47.0,45.0,44.0,260.0480724789169,259.0308861892728,248.03225596683993,230.07824755939012
424,36,424,0,14.133333333333288,6.082762530298219,88.02272433866155,15.0,26.0,22.02271554554524,25.019992006393608,26.076809620810597,73.06161783043132,47.095647357266465,44.0,42.0,44.0,17.0,30.0,2.0,3.0,15.132745950421556,15.033296378372908,15.0,47.0,45.0,43.0,260.06922155457,261.04788832702707,248.05039810490126,231.07790893982056
425,36,425,0,14.16666666666662,9.055385138137417,90.0499861188218,14.0,25.019992006393608,23.021728866442675,26.0,25.079872407968907,73.10950690573696,48.093658625644196,43.5,42.0,45.0,18.5,29.5,2.5,4.5,15.132745950421556,15.0,15.0,47.0,45.0,43.01162633521314,261.04788832702707,260.0307674103201,248.03225596683993,231.03462943896528
426,36,426,0,14.199999999999951,18.027756377319946,93.02150289046077,12.041594578792296,24.020824298928627,25.019992006393608,28.0,23.0,77.05841939723393,53.03772242470448,44.0,43.0,45.0,21.0,33.0,7.0,9.0,15.033296378372908,14.035668847618199,14.0,48.0,45.0,43.01162633521314,261.0689564080724,260.0480724789169,248.05039810490126,230.05434140654683
427,36,427,0,14.233333333333286,29.068883707497267,93.02150289046077,10.0,25.0,27.018512172212592,31.0,23.08679276123039,87.09190547921202,62.12889826803627,47.5,45.0,47.0,23.0,41.0,14.0,13.0,14.035668847618199,14.0,14.0,48.0,46.0,43.01162633521314,261.03064954139006,260.0307674103201,246.01829200285087,228.01973598791838
428,36,428,0,14.26666666666662,38.05259518088089,93.02150289046077,10.0,26.0,27.018512172212592,31.0,22.090722034374522,96.08329719571451,70.11419257183242,51.0,49.0,51.0,28.0,46.0,18.0,17.0,15.033296378372908,15.0,15.0,49.0,46.0,44.01136216933077,261.0689564080724,261.0689564080724,247.05060210410335,228.0548179714693
429,36,429,0,14.299999999999953,40.01249804748511,94.02127418834527,10.04987562112089,26.019223662515376,27.018512172212592,31.016124838541646,23.08679276123039,99.12618221237011,73.10950690573696,53.0,50.0,52.0,28.0,48.0,20.0,18.0,14.035668847618199,15.0,15.0,48.0,45.0,42.04759208325728,263.0931394012394,260.0480724789169,247.01821795163207,226.01991062736045
430,36,430,0,14.333333333333286,39.05124837953327,94.04786015641186,10.0,26.019223662515376,27.073972741361768,31.0,23.08679276123039,98.12746812182611,72.11102550927978,52.5,50.0,53.0,28.5,46.5,18.5,17.5,15.033296378372908,15.0,15.0,49.0,46.0,44.01136216933077,262.0686932847951,261.03064954139006,247.0323865407125,227.01982292302142
431,36,431,0,14.36666666666662,25.079872407968907,93.02150289046077,12.0,24.020824298928627,24.0,28.0,26.076809620810597,87.14355971613737,63.12685640834652,50.5,45.0,47.0,20.0,41.0,15.0,9.0,15.132745950421556,14.0,14.5,48.0,45.0,42.01190307520001,260.0307674103201,261.04788832702707,248.05039810490126,229.0785891348207
432,36,432,0,14.399999999999952,5.385164807134504,94.04786015641186,13.0,21.0,22.02271554554524,25.019992006393608,31.016124838541646,70.06425622241343,49.09175083453431,46.5,41.0,44.0,11.5,27.5,4.5,0.5,16.0312195418814,15.0,15.0,47.0,44.0,42.01190307520001,261.00766272276377,261.00766272276377,250.00199999200007,231.01947969814148
433,36,433,0,14.433333333333286,3.1622776601683795,95.02105029939419,14.0,20.0,22.0,25.0,30.01666203960727,67.02984409947557,47.042533945356304,45.5,40.0,42.0,11.0,26.0,4.0,1.0,15.132745950421556,15.033296378372908,15.0,49.0,45.0,42.01190307520001,259.04825805243314,262.0477055804916,252.03174403237384,234.05341270744162
434,36,434,0,14.46666666666662,4.123105625617661,96.04686356149273,14.0,21.0,24.020824298928627,26.019223662515376,28.0178514522438,67.02984409947557,46.04345773288535,44.0,40.0,43.0,13.5,25.5,2.5,0.5,15.132745950421556,15.0,15.0,48.0,45.0,44.0,260.0307674103201,262.01717500957835,251.03187048659777,233.05364189387817
435,36,435,0,14.499999999999952,14.142135623730951,97.02061636580135,11.0,22.0,24.020824298928627,27.0,26.019223662515376,73.06161783043132,51.088159097779204,44.0,42.0,44.0,17.0,30.0,7.0,6.0,15.132745950421556,16.0312195418814,16.0,49.0,46.0,42.01190307520001,262.01717500957835,262.01717500957835,251.01792764661252,232.03448019637082
436,36,436,0,14.533333333333283,23.08679276123039,95.02105029939419,10.0,22.0,25.019992006393608,29.0,23.08679276123039,78.10249675906654,56.142675390472796,44.5,42.0,44.0,20.0,35.0,10.0,10.0,15.132745950421556,15.033296378372908,15.0,49.0,46.0,42.0,262.0477055804916,261.03064954139006,249.0321264415497,231.05410621756974
437,36,437,0,14.566666666666618,25.079872407968907,95.02105029939419,10.0,23.0,26.019223662515376,30.0,24.08318915758459,82.09750300709517,59.135437767890075,46.5,44.0,46.0,21.0,37.0,12.0,11.0,15.132745950421556,15.033296378372908,15.0,49.0,45.0,42.01190307520001,263.0304164920856,262.03053257206494,249.0321264415497,231.05410621756974
438,36,438,0,14.599999999999952,26.076809620810597,95.0,10.0,23.0,26.019223662515376,30.0,23.08679276123039,82.09750300709517,59.135437767890075,46.0,44.0,44.0,21.0,38.0,14.0,11.0,16.1245154965971,15.033296378372908,15.0,49.0,46.0,42.01190307520001,263.0304164920856,262.01717500957835,248.0080643850115,230.00869548780108
439,36,439,0,14.633333333333283,25.079872407968907,94.00531899844816,11.0,23.0,26.076809620810597,30.0,22.090722034374522,81.09870529176159,58.137767414994535,45.5,44.0,45.0,22.5,36.5,11.5,11.5,17.11724276862369,16.0,16.5,49.0,45.0,43.01162633521314,264.04734423962685,262.0477055804916,248.03225596683993,229.0349318335524
440,36,440,0,14.666666666666618,24.08318915758459,94.02127418834527,11.0,23.0,26.019223662515376,30.0,22.090722034374522,80.09993757800315,57.14017850864661,45.0,43.0,45.0,22.0,36.0,11.0,11.0,16.1245154965971,15.033296378372908,15.0,50.0,46.0,43.04648650006177,262.01717500957835,261.01724080987447,248.0181444975347,229.0087334579186
441,36,441,0,14.699999999999951,23.08679276123039,95.00526301210897,11.0,23.0,26.019223662515376,29.017236257093817,22.090722034374522,79.1012010022604,56.142675390472796,44.5,43.0,44.0,21.5,35.5,10.5,10.5,16.1245154965971,16.0,16.0,48.0,45.0,41.012193308819754,262.01717500957835,260.0173071162764,248.0181444975347,229.0349318335524
442,36,442,0,14.733333333333285,22.090722034374522,95.02105029939419,11.0,23.0,26.019223662515376,30.01666203960727,22.090722034374522,78.10249675906654,55.14526271584895,44.0,43.0,45.0,22.0,34.0,9.0,11.0,16.0312195418814,16.0312195418814,16.5,49.0,45.0,43.01162633521314,262.0477055804916,261.03064954139006,248.03225596683993,229.0349318335524
443,36,443,0,14.766666666666618,22.02271554554524,94.04786015641186,11.0,23.0,26.019223662515376,29.0,23.08679276123039,79.05694150420949,56.08029957123981,45.0,44.0,47.0,22.5,33.5,8.5,11.5,15.132745950421556,15.033296378372908,15.5,50.0,46.0,43.01162633521314,262.0477055804916,261.03064954139006,248.03225596683993,230.05434140654683
444,36,444,0,14.799999999999953,21.02379604162864,95.02105029939419,11.045361017187261,23.0,26.019223662515376,30.0,22.02271554554524,77.05841939723393,54.08326913195984,43.5,43.0,45.0,22.0,33.0,8.0,11.0,15.033296378372908,15.033296378372908,15.0,49.0,45.0,43.01162633521314,261.03064954139006,261.01724080987447,249.0180716333656,231.01947969814148
445,36,445,0,14.833333333333284,21.02379604162864,95.04735661763561,11.0,24.0,26.076809620810597,29.017236257093817,22.02271554554524,78.02563681252464,54.037024344425184,43.5,43.0,46.0,22.5,33.5,7.5,11.5,15.132745950421556,16.0312195418814,16.0,49.0,45.0,41.012193308819754,261.0689564080724,261.03064954139006,248.05039810490126,230.07824755939012
446,36,446,0,14.866666666666616,21.095023109728988,95.08417323613851,10.0,23.0,27.073972741361768,30.0,22.090722034374522,76.10519036176179,53.150729063673246,42.5,43.0,47.0,23.0,31.0,7.0,12.0,16.1245154965971,16.0312195418814,16.0,49.0,46.0,43.01162633521314,261.0689564080724,261.03064954139006,246.03251817595168,228.0548179714693
447,36,447,0,14.89999999999995,22.090722034374522,93.08598175880189,12.0,23.0,26.076809620810597,29.068883707497267,22.090722034374522,79.1012010022604,56.142675390472796,45.0,46.0,50.0,26.0,31.0,6.0,14.0,16.1245154965971,16.0312195418814,16.5,49.0,45.0,42.01190307520001,262.0686932847951,262.0477055804916,247.05060210410335,229.0785891348207
448,36,448,0,14.933333333333284,22.090722034374522,93.08598175880189,12.0,22.0,27.073972741361768,30.01666203960727,22.090722034374522,78.10249675906654,56.142675390472796,45.0,45.0,49.0,25.0,31.0,7.0,13.0,15.033296378372908,16.0312195418814,16.0,49.0,45.0,43.01162633521314,262.0934947685654,261.04788832702707,247.05060210410335,229.0785891348207
449,36,449,0,14.966666666666615,28.0178514522438,94.08506789071261,12.0,24.020824298928627,27.073972741361768,30.066592756745816,21.095023109728988,85.09406559801923,61.07372593840988,47.0,48.0,52.0,29.0,35.0,9.0,16.0,16.1245154965971,16.0312195418814,16.5,51.0,46.0,44.01136216933077,262.1907702418222,262.1221089492453,249.09837414162303,229.13969538253298
450,36,450,0,14.99999999999995,29.068883707497267,94.04786015641186,11.0,23.0,27.073972741361768,32.01562118716424,22.090722034374522,85.09406559801923,62.12889826803627,47.5,48.0,51.0,27.5,35.5,10.5,16.5,16.1245154965971,16.0312195418814,16.0,50.0,45.0,42.01190307520001,263.1216448717209,262.0934947685654,249.09837414162303,230.13908837917995
451,36,451,0,15.033333333333283,29.017236257093817,94.04786015641186,11.0,23.0,27.073972741361768,31.016124838541646,23.08679276123039,86.05230967266364,63.071388124885914,48.5,49.0,52.0,27.5,35.5,9.5,15.5,15.132745950421556,16.0312195418814,16.0,49.0,44.0,44.01136216933077,264.15336454416024,261.1225765804252,247.12952069714376,229.13969538253298
452,36,452,0,15.066666666666617,33.06055050963308,95.1892851112981,12.0,25.0,27.16615541441225,31.016124838541646,22.02271554554524,92.04890004774636,67.06713054842886,50.5,49.0,55.0,30.0,40.0,13.0,17.0,16.1245154965971,17.0,17.0,50.0,45.0,42.01190307520001,263.1539473388153,262.15453457836657,248.12899870833317,230.13908837917995
453,36,453,0,15.09999999999995,37.05401462729781,95.13148795220224,12.0,26.0,28.160255680657446,32.0624390837628,23.08679276123039,98.08159868191383,72.11102550927978,53.5,53.0,58.0,32.5,42.5,14.5,19.5,15.132745950421556,16.0,16.0,50.0,43.0,43.01162633521314,264.31988196123274,263.32109676210905,250.3377718203947,230.4256930118688
454,36,454,0,15.133333333333283,42.01190307520001,95.1892851112981,12.041594578792296,26.019223662515376,28.071337695236398,33.06055050963308,23.08679276123039,103.12128781197411,77.10382610480494,56.0,54.0,60.0,34.0,46.0,18.0,21.0,15.132745950421556,15.0,15.0,52.0,44.0,44.04543109109048,264.3709515056448,262.37377917772193,249.39326374222702,229.49074055394914
455,36,455,0,15.166666666666616,45.044422518220834,95.33624704172071,11.0,26.019223662515376,28.160255680657446,32.0624390837628,23.08679276123039,105.11898020814318,79.1012010022604,56.5,53.0,61.0,34.0,48.0,20.0,21.0,10.04987562112089,11.045361017187261,11.0,52.0,45.0,43.04648650006177,265.68025895801895,262.68802789621,248.8051446413438,228.87551201471948
456,36,456,0,15.19999999999995,45.0111097397076,100.24470060806208,11.045361017187261,24.08318915758459,30.066592756745816,34.0147027033899,23.194827009486403,103.23759005323593,79.1580697086532,56.5,49.0,56.0,29.5,50.5,23.5,17.5,6.0,6.324555320336759,6.0,54.0,45.0,43.104524124504614,263.54885695066105,262.6175927084855,248.7267577081324,230.7834482799839
457,36,457,0,15.233333333333285,37.05401462729781,101.31633629380802,11.045361017187261,25.019992006393608,29.068883707497267,33.06055050963308,24.186773244895647,97.25224933131366,72.24956747275377,53.5,46.0,54.0,26.0,47.0,19.0,14.0,6.082762530298219,7.280109889280518,6.5,53.0,43.0,44.10215414239989,265.6106172576691,263.68541863364385,250.64716236175505,232.7767170487633
458,36,458,0,15.266666666666616,34.0147027033899,102.3132444994293,11.045361017187261,23.08679276123039,29.154759474226502,33.06055050963308,23.194827009486403,91.26883367283708,68.18357573492314,51.0,43.0,51.0,24.0,44.0,18.0,12.0,9.055385138137417,9.219544457292887,8.5,55.0,44.0,46.09772228646444,264.8339102154405,263.9185480408681,251.9622987670973,233.0407689654323
459,36,459,0,15.29999999999995,34.058772731852805,103.39245620450265,11.045361017187261,23.021728866442675,29.154759474226502,34.058772731852805,23.194827009486403,91.26883367283708,68.26419266350405,51.0,43.0,52.0,24.5,43.5,18.5,12.5,10.04987562112089,10.04987562112089,10.5,56.0,45.0,44.10215414239989,265.68025895801895,263.68541863364385,249.80192152983932,231.95258136093247
460,36,460,0,15.333333333333282,36.05551275463989,102.39628899525607,11.045361017187261,23.021728866442675,29.068883707497267,33.015148038438355,22.090722034374522,92.19544457292888,69.18092222571191,51.0,44.0,53.0,26.5,43.5,17.5,14.5,11.180339887498949,12.041594578792296,12.0,56.0,44.0,44.10215414239989,265.75364531836624,263.8370709358334,249.8839730755056,233.0407689654323
461,36,461,0,15.366666666666616,38.01315561749642,101.40019723846694,11.045361017187261,23.021728866442675,30.066592756745816,35.05709628591621,22.20360331117452,94.19129471453293,71.17583859709698,52.0,45.0,54.0,27.5,44.5,19.5,16.5,11.045361017187261,12.041594578792296,12.0,56.0,44.0,43.18564576337837,265.75364531836624,263.8370709358334,249.80192152983932,230.8679276123039
462,36,462,0,15.399999999999949,31.064449134018133,100.4987562112089,10.0,22.02271554554524,28.160255680657446,31.064449134018133,22.360679774997898,85.28774824088158,63.28506932918696,47.5,42.0,52.0,25.0,38.0,13.0,14.0,12.041594578792296,13.038404810405298,12.5,55.0,44.0,44.181444068749045,264.61292485439935,263.75936002348806,250.72096043211067,232.86047324524614
463,36,463,0,15.433333333333282,32.0624390837628,100.4987562112089,10.04987562112089,21.02379604162864,28.160255680657446,32.0624390837628,22.20360331117452,85.28774824088158,64.28063471995279,48.0,43.0,53.0,26.0,37.0,13.0,15.0,13.152946437965905,13.0,13.0,55.0,44.0,44.181444068749045,264.7564918939666,262.76224995230956,249.80192152983932,232.86047324524614
464,36,464,0,15.466666666666615,19.026297590440446,101.59724405711013,10.04987562112089,21.095023109728988,27.16615541441225,30.066592756745816,23.345235059857504,73.43704787094863,52.3450093132096,42.5,39.0,50.0,21.5,28.5,4.5,10.5,13.152946437965905,14.035668847618199,13.5,55.0,45.0,44.10215414239989,262.76224995230956,262.8402556687236,250.9661331733826,235.2275494069519
465,36,465,0,15.499999999999948,11.180339887498949,101.49384217774002,12.041594578792296,21.095023109728988,27.073972741361768,30.14962686336267,22.20360331117452,66.48308055437865,45.39823785126467,39.5,36.0,46.0,19.0,25.0,2.0,7.0,13.152946437965905,13.038404810405298,13.0,55.0,43.0,44.10215414239989,263.68541863364385,262.68802789621,251.6445906432324,235.68835355188853
466,36,466,0,15.533333333333282,15.132745950421556,102.48902380255166,11.045361017187261,20.024984394500787,29.154759474226502,32.0624390837628,22.360679774997898,68.46897107449476,48.507731342539614,40.5,36.0,46.0,19.0,27.0,4.0,7.0,14.142135623730951,14.035668847618199,14.0,55.0,44.0,43.18564576337837,264.7564918939666,262.8402556687236,252.79240494919938,236.93247983339052
467,36,467,0,15.566666666666617,16.1245154965971,101.49384217774002,12.041594578792296,23.021728866442675,29.154759474226502,32.0624390837628,21.213203435596427,72.3394774656273,49.36598018878993,41.0,37.0,47.0,21.0,30.0,5.0,9.0,13.152946437965905,13.038404810405298,13.0,54.0,43.0,43.104524124504614,263.68541863364385,262.76224995230956,250.64716236175505,235.76683396949622
468,36,468,0,15.599999999999948,21.095023109728988,101.49384217774002,11.045361017187261,24.020824298928627,29.154759474226502,32.14031735997639,22.20360331117452,78.31347265956222,54.3323108288245,43.5,40.0,50.0,23.0,33.0,7.0,11.0,12.165525060596439,13.0,13.0,54.0,43.0,44.181444068749045,264.7564918939666,263.75936002348806,250.72096043211067,233.77339455121918
469,36,469,0,15.63333333333328,27.073972741361768,101.40019723846694,11.045361017187261,24.020824298928627,28.071337695236398,32.0624390837628,22.20360331117452,84.29116205154607,60.29925372672534,46.5,42.0,51.0,24.5,37.5,10.5,13.5,14.142135623730951,14.035668847618199,14.0,54.0,43.0,43.18564576337837,264.6828290615015,262.68802789621,248.65236777477105,230.7834482799839
470,36,470,0,15.666666666666616,28.071337695236398,101.31633629380802,11.045361017187261,25.019992006393608,28.160255680657446,32.14031735997639,23.08679276123039,87.20665112249179,62.20128616033595,48.0,44.0,52.0,25.0,39.0,11.0,13.0,14.142135623730951,14.0,14.0,55.0,44.0,44.28317965096906,265.5447231635379,263.54885695066105,250.51147678300092,231.48650068632512
471,36,471,0,15.699999999999948,27.073972741361768,100.24470060806208,11.045361017187261,25.019992006393608,27.16615541441225,31.064449134018133,22.090722034374522,85.21150157109074,60.207972893961475,46.5,45.0,52.0,26.5,36.5,9.5,14.5,14.142135623730951,15.0,15.0,54.0,43.0,43.104524124504614,263.54885695066105,263.54885695066105,249.45139807184887,230.4886114323222
472,36,472,0,15.73333333333328,23.08679276123039,95.25754563287887,12.0,25.019992006393608,25.179356624028344,28.0178514522438,23.08679276123039,83.15046602394962,58.137767414994535,46.5,46.0,53.0,26.5,33.5,6.5,13.5,14.142135623730951,14.0,14.5,54.0,44.0,45.17742799230607,263.54885695066105,263.48624252510797,249.45139807184887,229.42754847663784
473,36,473,0,15.766666666666614,16.0312195418814,93.1933474020544,13.038404810405298,25.019992006393608,22.090722034374522,25.079872407968907,25.079872407968907,79.1580697086532,54.147945482723536,46.0,45.0,51.0,23.0,31.0,4.0,9.0,15.132745950421556,15.0,14.5,54.0,44.0,42.1070065428546,263.2736219221364,262.2746651889961,250.28783430282823,230.3670983452281
474,36,474,0,15.799999999999947,9.055385138137417,93.1933474020544,15.033296378372908,25.019992006393608,22.090722034374522,25.079872407968907,26.076809620810597,75.16648189186454,50.15974481593781,45.5,44.0,50.0,21.0,28.0,1.0,6.0,14.142135623730951,15.033296378372908,14.5,53.0,43.0,42.04759208325728,262.48809496813374,262.48809496813374,250.51147678300092,232.55106965997814
475,36,475,0,15.83333333333328,9.219544457292887,94.19129471453293,15.0,25.019992006393608,22.090722034374522,25.079872407968907,25.179356624028344,74.24284477308234,49.25444142409901,44.5,43.0,49.0,21.0,28.0,1.0,6.0,14.142135623730951,15.0,15.0,53.0,43.0,43.104524124504614,262.42903802742563,261.43067914841214,249.39326374222702,230.4256930118688
476,36,476,0,15.866666666666614,16.1245154965971,96.18731725128839,13.038404810405298,24.020824298928627,23.194827009486403,27.073972741361768,23.021728866442675,76.16429609731846,52.15361924162119,44.0,42.0,48.0,22.0,31.0,5.0,8.0,14.142135623730951,14.035668847618199,14.0,54.0,44.0,42.1070065428546,264.48440407706465,264.48440407706465,252.50742563338608,234.61670869739862
477,36,477,0,15.899999999999949,22.02271554554524,98.18350166906862,12.041594578792296,22.02271554554524,25.079872407968907,29.017236257093817,23.194827009486403,79.22752047110903,57.21887800367987,46.0,44.0,50.0,24.0,32.0,8.0,12.0,14.142135623730951,14.0,14.0,53.0,43.0,43.104524124504614,263.4274093559742,262.42903802742563,250.39169315294788,233.4823333787805
478,36,478,0,15.93333333333328,26.076809620810597,99.18165152889924,11.045361017187261,24.020824298928627,27.073972741361768,30.01666203960727,23.021728866442675,84.1486779456457,60.13318551349163,47.0,44.0,50.0,24.0,37.0,11.0,12.0,14.142135623730951,15.033296378372908,14.5,53.0,43.0,43.18564576337837,265.5447231635379,263.54885695066105,250.44959572736389,232.48440807933767
479,36,479,0,15.966666666666612,27.018512172212592,102.17631819555841,11.045361017187261,24.08318915758459,27.073972741361768,31.064449134018133,23.08679276123039,85.21150157109074,61.1310068623117,47.5,44.0,50.0,24.0,38.0,12.0,13.0,14.142135623730951,15.0,14.5,53.0,44.0,41.10960958218893,265.3695536417092,264.3709515056448,250.3377718203947,233.36237914453991
480,36,480,0,15.999999999999948,27.073972741361768,101.17806086301516,10.04987562112089,23.021728866442675,28.160255680657446,31.016124838541646,24.08318915758459,84.2140130857092,61.204574992397426,47.5,45.0,51.0,24.0,36.0,10.0,13.0,15.033296378372908,15.0,15.0,52.0,43.0,42.1070065428546,263.32109676210905,262.37377917772193,249.28898892650673,232.31013753170566
481,36,481,0,16.03333333333328,28.0178514522438,101.1236866416568,10.04987562112089,24.020824298928627,28.071337695236398,31.016124838541646,24.08318915758459,86.14522621712709,62.12889826803627,48.0,45.0,50.0,23.5,38.5,12.5,12.5,14.035668847618199,14.0,14.0,52.0,44.0,43.04648650006177,264.2290672882149,262.23081436017395,248.16325271885037,231.21634890292685
482,36,482,0,16.066666666666617,26.076809620810597,100.04498987955368,10.04987562112089,25.019992006393608,28.160255680657446,33.015148038438355,24.020824298928627,85.14693182963201,60.13318551349163,47.0,46.0,49.0,23.5,37.5,10.5,12.5,14.035668847618199,14.0,14.0,51.0,44.0,42.04759208325728,263.1900454044567,262.1907702418222,248.16325271885037,232.13789005675054
483,36,483,0,16.09999999999995,24.08318915758459,102.0196059588548,10.0,24.0,29.017236257093817,32.01562118716424,25.179356624028344,83.15046602394962,59.21148537234985,47.0,46.0,48.0,22.0,36.0,10.0,12.0,14.035668847618199,15.0,14.5,51.0,46.0,43.01162633521314,265.09243670840556,263.04752422328556,249.0321264415497,233.03433223454437
484,36,484,0,16.133333333333287,23.08679276123039,102.0196059588548,11.0,23.0,27.073972741361768,32.0,24.08318915758459,81.09870529176159,58.137767414994535,46.5,45.0,47.0,22.0,35.0,10.0,11.0,13.152946437965905,14.035668847618199,13.5,49.0,44.0,42.0,263.04752422328556,262.01717500957835,249.0020080240318,231.00216449202375
485,36,485,0,16.16666666666662,23.08679276123039,101.04454463255303,11.045361017187261,23.0,28.071337695236398,32.01562118716424,23.08679276123039,80.15609770940699,57.21887800367987,45.5,45.0,48.0,23.5,33.5,7.5,12.5,15.033296378372908,15.0,15.5,49.0,46.0,42.0,263.0171097096157,262.01717500957835,249.00803199896987,233.01931250435015
486,36,486,0,16.199999999999957,16.1245154965971,100.07996802557443,11.0,22.0,27.16615541441225,30.01666203960727,23.08679276123039,72.11102550927978,50.15974481593781,42.0,42.0,46.0,21.0,28.0,4.0,9.0,14.035668847618199,15.0,15.0,49.0,46.0,42.0,263.0304164920856,261.00766272276377,250.0,232.0021551624036
487,36,487,0,16.23333333333329,10.04987562112089,99.02019995940222,12.041594578792296,21.02379604162864,27.073972741361768,29.017236257093817,23.08679276123039,66.18912297349165,45.17742799230607,40.0,42.0,44.0,20.0,23.0,0.0,8.0,14.035668847618199,14.0,14.5,48.0,45.0,42.0,263.0171097096157,261.00766272276377,250.0079998720041,232.0086205294967
488,36,488,0,16.266666666666627,13.038404810405298,96.04686356149273,11.0,21.02379604162864,26.076809620810597,29.068883707497267,23.194827009486403,68.18357573492314,47.16990566028302,40.5,41.0,44.0,19.5,25.5,1.5,8.5,15.132745950421556,15.0,15.0,48.0,45.0,43.01162633521314,262.01717500957835,262.00763347658403,249.0020080240318,232.0086205294967
489,36,489,0,16.29999999999996,22.02271554554524,97.02061636580135,9.0,22.0,26.076809620810597,29.068883707497267,23.194827009486403,76.10519036176179,54.147945482723536,43.0,44.0,46.0,22.0,31.0,7.0,12.0,15.033296378372908,15.0,15.5,49.0,46.0,43.0,262.00763347658403,261.0019157017818,250.00199999200007,231.00216449202375
490,36,490,0,16.333333333333297,22.02271554554524,97.04638066409278,9.055385138137417,23.0,24.08318915758459,27.018512172212592,25.019992006393608,79.05694150420949,56.08029957123981,45.0,46.0,49.0,22.5,31.5,7.5,12.5,16.0312195418814,15.033296378372908,15.0,48.0,46.0,43.0,263.0171097096157,263.00760445279906,250.01799935204664,232.03448019637082
491,36,491,0,16.36666666666663,5.0990195135927845,98.04590761474952,14.0,22.02271554554524,23.021728866442675,26.0,30.0,71.02816342831905,49.01020301937138,46.5,44.0,47.0,15.5,25.5,1.5,2.5,15.033296378372908,15.0,15.5,48.0,45.0,43.0,261.03064954139006,262.03053257206494,250.0319979522621,234.03418553707064
492,36,492,0,16.399999999999967,1.4142135623730951,96.04686356149273,14.0,21.0,23.021728866442675,25.0,31.016124838541646,67.02984409947557,46.04345773288535,45.5,43.0,46.0,13.5,22.5,0.5,0.5,16.1245154965971,15.0,15.0,47.0,44.0,43.0,261.0689564080724,262.0477055804916,250.04999500099976,234.07691043757393
493,36,493,0,16.4333333333333,1.4142135623730951,97.082439194738,14.0,22.0,24.020824298928627,26.0,31.064449134018133,68.06614430096654,46.09772228646444,45.5,42.0,46.0,13.0,24.0,0.0,0.0,14.035668847618199,15.033296378372908,15.0,47.0,44.0,43.0,261.0689564080724,261.0689564080724,249.07227866625382,232.07757323791543
494,36,494,0,16.466666666666637,7.0710678118654755,99.04544411531506,14.0,23.0,25.019992006393608,28.0178514522438,28.071337695236398,72.06247289678588,49.09175083453431,45.5,43.0,46.0,16.5,27.5,2.5,3.5,15.033296378372908,15.0,15.0,48.0,45.0,43.0,261.01724080987447,261.01724080987447,249.0180716333656,232.01939574095957
495,36,495,0,16.49999999999997,20.024984394500787,100.04498987955368,11.0,21.02379604162864,27.018512172212592,30.01666203960727,24.08318915758459,76.10519036176179,55.08175741568164,45.0,43.0,46.0,20.5,31.5,8.5,9.5,15.132745950421556,16.0312195418814,16.0,48.0,46.0,43.01162633521314,264.04734423962685,264.030301291348,250.01799935204664,233.03433223454437
496,36,496,0,16.533333333333307,18.027756377319946,101.04454463255303,11.0,23.0,28.071337695236398,31.0,24.08318915758459,76.05918747922567,53.08483775994799,44.0,42.0,45.0,19.5,32.5,7.5,8.5,15.033296378372908,15.0,15.0,48.0,46.0,44.0,263.04752422328556,262.0477055804916,249.0501957437496,234.05341270744162
497,36,497,0,16.56666666666664,16.0312195418814,101.00495037373169,11.0,23.021728866442675,28.0178514522438,30.0,23.08679276123039,73.10950690573696,50.08991914547278,42.0,40.0,41.0,17.5,32.5,7.5,6.5,15.132745950421556,15.0,15.5,49.0,46.0,43.01162633521314,265.0018867857359,264.0075756488817,252.00793638296395,236.00847442411893
498,36,498,0,16.599999999999977,16.0312195418814,102.0196059588548,11.0,22.02271554554524,29.017236257093817,32.01562118716424,23.08679276123039,72.11102550927978,50.08991914547278,42.0,39.0,41.0,17.0,32.0,8.0,6.0,16.1245154965971,15.0,15.5,49.0,46.0,42.01190307520001,265.01698058803703,263.0171097096157,251.01792764661252,236.03389587091087
499,36,499,0,16.63333333333331,16.0312195418814,102.0196059588548,11.045361017187261,22.0,28.0178514522438,31.0,23.021728866442675,72.06247289678588,50.08991914547278,42.0,39.0,41.0,17.0,32.0,8.0,6.0,15.132745950421556,15.0,15.0,49.0,46.0,42.01190307520001,265.0075470623431,262.00763347658403,250.0079998720041,235.00851048419503
500,36,500,0,16.666666666666647,16.0312195418814,101.01980003939822,10.0,24.020824298928627,28.071337695236398,31.0,24.08318915758459,74.10802925459562,50.08991914547278,42.0,40.0,42.0,17.0,33.0,7.0,7.0,15.033296378372908,14.0,14.5,49.0,46.0,41.0,264.0170449043016,263.00760445279906,251.00796800101784,235.00851048419503
501,36,501,0,16.69999999999998,18.110770276274835,101.04454463255303,10.0,22.02271554554524,28.0178514522438,31.016124838541646,23.08679276123039,73.17103251970687,51.15662224971465,42.0,40.0,43.0,18.5,31.5,7.5,8.5,14.142135623730951,15.033296378372908,15.0,49.0,46.0,41.012193308819754,265.01698058803703,263.0171097096157,251.03187048659777,234.05341270744162
502,36,502,0,16.733333333333317,16.0312195418814,101.04454463255303,11.045361017187261,23.021728866442675,28.071337695236398,32.0,23.08679276123039,73.17103251970687,50.15974481593781,42.0,40.0,43.0,18.5,31.5,6.5,7.5,15.033296378372908,15.033296378372908,15.0,49.0,47.0,41.012193308819754,265.01698058803703,263.0171097096157,250.0319979522621,234.05341270744162
503,36,503,0,16.76666666666665,18.027756377319946,102.0196059588548,10.04987562112089,22.02271554554524,29.017236257093817,32.0,23.021728866442675,73.10950690573696,51.088159097779204,42.0,40.0,42.0,18.0,32.0,8.0,8.0,15.033296378372908,15.033296378372908,15.0,49.0,46.0,43.0,264.030301291348,263.0304164920856,249.0180716333656,233.01931250435015
504,36,504,0,16.799999999999986,20.09975124224178,100.0199980003999,10.0,22.0,27.073972741361768,31.016124838541646,24.08318915758459,76.10519036176179,54.147945482723536,44.0,41.0,43.0,18.0,34.0,10.0,8.0,15.033296378372908,15.033296378372908,15.0,48.0,45.0,42.01190307520001,263.00760445279906,262.0019083899963,250.00199999200007,234.00854685246006
505,36,505,0,16.83333333333332,20.09975124224178,100.0199980003999,11.0,23.0,29.068883707497267,33.0,23.08679276123039,77.10382610480494,54.147945482723536,44.0,42.0,44.0,20.0,34.0,9.0,9.0,16.1245154965971,15.0,15.0,49.0,46.0,43.01162633521314,264.0170449043016,262.0019083899963,249.0,232.0086205294967
506,36,506,0,16.866666666666656,20.09975124224178,100.04498987955368,11.0,24.0,27.073972741361768,31.016124838541646,23.08679276123039,78.10249675906654,54.147945482723536,44.0,41.0,44.0,19.5,35.5,9.5,8.5,15.132745950421556,16.0,15.5,47.0,45.0,42.01190307520001,265.01698058803703,262.0019083899963,249.0020080240318,233.0
507,36,507,0,16.89999999999999,22.090722034374522,101.01980003939822,11.0,23.0,29.068883707497267,32.0,23.08679276123039,79.1012010022604,56.142675390472796,45.0,43.0,45.0,21.0,35.0,10.0,10.0,15.132745950421556,15.033296378372908,15.0,49.0,46.0,44.01136216933077,264.0170449043016,262.01717500957835,249.00803199896987,232.01939574095957
508,36,508,0,16.933333333333326,22.090722034374522,99.04544411531506,11.0,23.0,27.018512172212592,31.016124838541646,23.08679276123039,79.1012010022604,56.142675390472796,45.0,43.0,46.0,21.5,34.5,9.5,10.5,15.132745950421556,16.0,16.0,48.0,45.0,44.01136216933077,264.04734423962685,263.04752422328556,250.0319979522621,233.03433223454437
509,36,509,0,16.96666666666666,21.02379604162864,101.01980003939822,11.0,23.021728866442675,29.017236257093817,32.0,22.090722034374522,77.10382610480494,54.08326913195984,43.5,42.0,44.0,21.0,34.0,9.0,10.0,15.033296378372908,15.0,15.0,48.0,45.0,42.01190307520001,264.030301291348,262.01717500957835,249.0020080240318,233.00214591286493
510,36,510,0,16.999999999999996,21.02379604162864,101.04454463255303,11.0,22.02271554554524,27.018512172212592,31.016124838541646,22.090722034374522,76.10519036176179,54.08326913195984,43.5,42.0,45.0,21.5,32.5,8.5,10.5,14.142135623730951,15.033296378372908,14.5,49.0,45.0,44.01136216933077,263.04752422328556,261.04788832702707,249.0180716333656,232.03448019637082
511,36,511,0,17.03333333333333,19.1049731745428,101.04454463255303,12.041594578792296,24.0,27.073972741361768,31.0,22.02271554554524,77.10382610480494,53.150729063673246,43.5,41.0,44.0,20.5,34.5,8.5,8.5,16.0312195418814,15.0,15.0,50.0,46.0,43.01162633521314,264.030301291348,263.0304164920856,250.01799935204664,233.03433223454437
512,36,512,0,17.066666666666666,20.09975124224178,101.04454463255303,11.0,22.0,28.071337695236398,31.016124838541646,23.08679276123039,76.10519036176179,54.147945482723536,44.0,42.0,45.0,20.5,32.5,8.5,9.5,14.035668847618199,15.033296378372908,15.0,48.0,44.0,44.01136216933077,264.030301291348,261.03064954139006,249.0180716333656,233.01931250435015
513,36,513,0,17.1,22.090722034374522,102.04410811016969,10.04987562112089,24.0,28.071337695236398,31.0,23.08679276123039,79.1580697086532,55.226805085936306,44.0,41.0,44.0,19.5,36.5,10.5,8.5,14.142135623730951,15.0,15.0,49.0,44.0,41.048751503547585,262.0477055804916,261.01724080987447,249.0180716333656,232.01939574095957
514,36,514,0,17.133333333333336,28.071337695236398,102.04410811016969,10.0,23.0,28.0178514522438,33.0,24.08318915758459,85.09406559801923,62.12889826803627,48.0,43.0,46.0,20.5,40.5,15.5,10.5,15.132745950421556,14.035668847618199,14.5,51.0,45.0,43.01162633521314,264.12118430750684,262.0934947685654,249.07227866625382,232.1055794245369
515,36,515,0,17.16666666666667,29.068883707497267,103.07764064044152,10.0,24.020824298928627,29.068883707497267,33.0,23.08679276123039,86.14522621712709,62.12889826803627,47.5,42.0,46.0,21.0,42.0,16.0,10.0,15.033296378372908,15.0,15.0,50.0,45.0,44.04543109109048,263.0684321616716,261.04788832702707,248.05039810490126,231.07790893982056
516,36,516,0,17.200000000000006,27.073972741361768,103.04368005850722,10.0,24.0,29.017236257093817,32.0,24.08318915758459,85.09406559801923,61.1310068623117,47.5,42.0,45.0,19.5,41.5,16.5,9.5,15.033296378372908,15.0,15.0,50.0,46.0,42.04759208325728,263.04752422328556,262.0686932847951,250.04999500099976,233.0772404161333
517,36,517,0,17.23333333333334,21.095023109728988,102.04410811016969,10.0,23.021728866442675,29.068883707497267,32.0,24.020824298928627,78.10249675906654,55.08175741568164,44.5,40.0,43.0,17.5,36.5,12.5,7.5,15.132745950421556,15.0,15.0,50.0,46.0,41.012193308819754,262.1221089492453,262.1221089492453,250.09798079952586,234.17301296263838
518,36,518,0,17.266666666666676,16.1245154965971,102.04410811016969,11.045361017187261,21.0,29.068883707497267,31.0,23.0,71.06335201775947,50.08991914547278,42.0,38.0,41.0,16.5,31.5,8.5,5.5,16.1245154965971,15.0,15.5,50.0,45.0,43.01162633521314,264.04734423962685,263.04752422328556,250.0719896349849,233.13729860320507
519,36,519,0,17.30000000000001,15.033296378372908,101.04454463255303,11.045361017187261,22.02271554554524,28.071337695236398,31.0,23.021728866442675,71.11258679024411,49.09175083453431,41.5,37.0,40.0,15.5,32.5,8.5,4.5,15.033296378372908,14.0,14.5,50.0,46.0,42.01190307520001,262.0686932847951,262.0686932847951,249.0501957437496,232.07757323791543
520,36,520,0,17.333333333333346,15.132745950421556,100.04498987955368,10.0,23.021728866442675,27.018512172212592,30.01666203960727,23.021728866442675,71.11258679024411,48.093658625644196,40.5,37.0,40.0,15.5,32.5,7.5,5.5,15.132745950421556,15.0,15.0,50.0,45.0,41.012193308819754,262.0686932847951,263.04752422328556,250.04999500099976,233.05364189387817
521,36,521,0,17.36666666666668,16.1245154965971,101.1236866416568,10.0,22.02271554554524,27.073972741361768,30.01666203960727,24.020824298928627,72.11102550927978,50.08991914547278,42.0,37.0,42.0,15.5,32.5,8.5,5.5,15.132745950421556,15.033296378372908,15.0,50.0,45.0,42.04759208325728,263.0684321616716,261.04788832702707,249.0501957437496,232.07757323791543
522,36,522,0,17.400000000000016,16.0312195418814,102.04410811016969,10.04987562112089,23.021728866442675,28.0178514522438,31.0,23.021728866442675,72.11102550927978,49.09175083453431,41.0,37.0,40.0,15.5,33.5,8.5,5.5,15.132745950421556,15.0,15.5,49.0,45.0,41.048751503547585,264.030301291348,263.0304164920856,252.03174403237384,235.05318547086316
523,36,523,0,17.43333333333335,15.033296378372908,102.04410811016969,11.045361017187261,23.021728866442675,28.071337695236398,31.0,23.021728866442675,72.11102550927978,49.09175083453431,41.5,37.0,40.0,15.5,33.5,8.5,4.5,15.132745950421556,16.0,16.0,49.0,45.0,42.01190307520001,262.0934947685654,262.0686932847951,250.0719896349849,233.10512649875378
524,36,524,0,17.466666666666686,15.033296378372908,102.04410811016969,11.045361017187261,23.021728866442675,28.0178514522438,31.0,23.021728866442675,72.11102550927978,49.09175083453431,41.5,37.0,40.0,15.5,33.5,8.5,5.5,15.132745950421556,14.0,14.5,50.0,46.0,43.01162633521314,263.0304164920856,262.0477055804916,251.07170290576354,235.07658326596462
525,36,525,0,17.50000000000002,15.033296378372908,102.04410811016969,10.04987562112089,23.021728866442675,28.071337695236398,31.0,24.020824298928627,72.11102550927978,49.09175083453431,41.5,36.0,39.0,13.5,34.5,9.5,3.5,15.132745950421556,15.033296378372908,15.0,50.0,45.0,41.048751503547585,263.0304164920856,262.0477055804916,250.04999500099976,235.07658326596462
526,36,526,0,17.533333333333356,17.029386365926403,102.04410811016969,10.04987562112089,23.021728866442675,28.071337695236398,30.0,24.08318915758459,74.16872656315464,51.15662224971465,42.5,38.0,41.0,15.5,34.5,9.5,5.5,16.1245154965971,16.0312195418814,15.5,50.0,45.0,42.04759208325728,263.0684321616716,263.0684321616716,250.0719896349849,233.0772404161333
527,36,527,0,17.56666666666669,22.090722034374522,100.04498987955368,10.04987562112089,23.021728866442675,28.071337695236398,32.01562118716424,23.08679276123039,78.23042886243178,55.226805085936306,44.0,40.0,43.0,18.5,36.5,11.5,8.5,14.142135623730951,15.033296378372908,15.0,50.0,46.0,43.01162633521314,263.04752422328556,262.0477055804916,249.0501957437496,232.07757323791543
528,36,528,0,17.600000000000026,22.02271554554524,100.07996802557443,10.04987562112089,24.020824298928627,28.071337695236398,31.016124838541646,24.020824298928627,80.09993757800315,56.08029957123981,45.0,41.0,45.0,19.0,37.0,11.0,9.0,15.132745950421556,16.0,16.0,49.0,45.0,43.04648650006177,264.04734423962685,262.0477055804916,249.0501957437496,231.07790893982056
529,36,529,0,17.63333333333336,20.09975124224178,99.04544411531506,10.0,23.021728866442675,27.018512172212592,30.01666203960727,23.08679276123039,76.16429609731846,53.150729063673246,43.0,41.0,44.0,19.5,33.5,9.5,9.5,16.0312195418814,15.033296378372908,15.5,50.0,45.0,43.01162633521314,262.03053257206494,262.03053257206494,251.03187048659777,233.0772404161333
530,36,530,0,17.666666666666696,20.09975124224178,99.08077512817509,10.0,23.021728866442675,27.018512172212592,30.0,23.021728866442675,76.10519036176179,53.08483775994799,43.0,39.0,43.0,18.0,35.0,10.0,8.0,15.132745950421556,15.033296378372908,15.0,50.0,46.0,42.01190307520001,263.0684321616716,262.0686932847951,250.0719896349849,233.10512649875378
531,36,531,0,17.70000000000003,20.09975124224178,99.04544411531506,10.04987562112089,22.0,28.0178514522438,31.0,23.021728866442675,75.1065909225016,53.150729063673246,43.0,40.0,43.0,18.5,33.5,9.5,8.5,16.1245154965971,16.0,15.5,50.0,45.0,42.01190307520001,263.0684321616716,263.04752422328556,250.0319979522621,232.0538730553748
532,36,532,0,17.733333333333366,20.09975124224178,99.02019995940222,10.04987562112089,22.02271554554524,27.018512172212592,30.0,23.021728866442675,75.16648189186454,53.150729063673246,43.0,40.0,42.0,18.0,34.0,10.0,8.0,15.033296378372908,15.0,15.5,50.0,46.0,41.012193308819754,262.0477055804916,262.0686932847951,249.0501957437496,232.1055794245369
533,36,533,0,17.7666666666667,20.09975124224178,99.02019995940222,10.04987562112089,22.02271554554524,28.071337695236398,31.0,23.021728866442675,75.16648189186454,53.150729063673246,43.0,40.0,42.0,18.0,34.0,10.0,8.0,16.1245154965971,15.0,15.0,50.0,46.0,42.01190307520001,263.0931394012394,262.0934947685654,249.07227866625382,232.13789005675054
534,36,534,0,17.800000000000036,20.09975124224178,98.02040603874276,10.04987562112089,23.0,27.018512172212592,31.0,23.021728866442675,76.10519036176179,53.150729063673246,43.0,40.0,42.0,18.0,35.0,10.0,8.0,16.1245154965971,15.0,15.0,50.0,45.0,40.049968789001575,262.0934947685654,262.0934947685654,249.0501957437496,232.07757323791543
535,36,535,0,17.83333333333337,19.1049731745428,98.04590761474952,10.0,23.021728866442675,28.071337695236398,30.01666203960727,23.08679276123039,75.16648189186454,52.15361924162119,42.5,39.0,42.0,17.5,34.5,9.5,6.5,14.035668847618199,15.033296378372908,15.0,49.0,44.0,41.048751503547585,262.0686932847951,262.0686932847951,251.07170290576354,233.10512649875378
536,36,536,0,17.866666666666706,19.1049731745428,99.04544411531506,10.0,22.02271554554524,27.073972741361768,30.01666203960727,24.08318915758459,75.16648189186454,53.150729063673246,43.5,40.0,43.0,17.5,33.5,9.5,7.5,14.035668847618199,15.0,15.0,50.0,45.0,41.012193308819754,263.04752422328556,263.0684321616716,250.04999500099976,233.0772404161333
537,36,537,0,17.90000000000004,22.02271554554524,100.04498987955368,10.04987562112089,23.021728866442675,28.0178514522438,31.016124838541646,23.021728866442675,78.10249675906654,55.08175741568164,44.0,39.0,42.0,17.5,37.5,12.5,7.5,15.132745950421556,15.033296378372908,15.0,50.0,45.0,43.04648650006177,263.0931394012394,262.0934947685654,249.09837414162303,232.13789005675054
538,36,538,0,17.933333333333376,23.021728866442675,101.01980003939822,10.04987562112089,23.021728866442675,28.071337695236398,32.01562118716424,24.08318915758459,80.15609770940699,57.14017850864661,45.5,42.0,44.0,19.0,37.0,13.0,9.0,10.0,10.0,10.0,50.0,46.0,43.04648650006177,262.15453457836657,261.19150062741323,247.09917037497314,231.1384866265244
539,36,539,0,17.96666666666671,23.08679276123039,100.04498987955368,10.04987562112089,23.021728866442675,28.071337695236398,32.01562118716424,24.08318915758459,80.22468448052632,57.21887800367987,45.5,41.0,44.0,18.5,37.5,12.5,8.5,8.0,8.06225774829855,8.0,51.0,47.0,43.04648650006177,261.0689564080724,261.0938528575501,249.07227866625382,233.0772404161333
540,36,540,0,18.000000000000046,25.079872407968907,100.0199980003999,9.055385138137417,23.021728866442675,28.0178514522438,31.0,24.08318915758459,81.2219182240853,58.215118311311535,45.5,42.0,44.0,19.0,38.0,13.0,10.0,8.0,8.06225774829855,8.0,51.0,47.0,43.04648650006177,261.0938528575501,261.0938528575501,249.07227866625382,233.0772404161333
541,36,541,0,18.03333333333338,21.095023109728988,101.04454463255303,9.055385138137417,23.021728866442675,28.071337695236398,31.016124838541646,24.020824298928627,77.1621668954417,54.147945482723536,43.5,40.0,43.0,17.5,35.5,10.5,7.5,8.0,8.246211251235321,8.0,52.0,48.0,44.01136216933077,263.1539473388153,261.15512631384433,249.12848090894786,234.13671220037236
542,36,542,0,18.06666666666672,16.1245154965971,102.07840124139877,10.04987562112089,23.021728866442675,28.071337695236398,31.016124838541646,23.08679276123039,72.24956747275377,49.25444142409901,41.0,36.0,40.0,15.0,34.0,9.0,5.0,7.0710678118654755,7.0710678118654755,7.0,51.0,46.0,42.04759208325728,264.15336454416024,263.1900454044567,251.16130275183716,235.17227727774377
543,36,543,0,18.10000000000005,15.132745950421556,103.12128781197411,10.04987562112089,21.02379604162864,27.16615541441225,31.016124838541646,23.021728866442675,69.18092222571191,48.16637831516918,40.5,35.0,40.0,14.5,31.5,7.5,3.5,9.055385138137417,9.055385138137417,9.0,51.0,44.0,43.04648650006177,262.32232081925474,263.3723599772763,251.3364279208249,235.41665191740367
544,36,544,0,18.133333333333383,15.132745950421556,103.23759005323593,10.04987562112089,21.02379604162864,28.071337695236398,30.01666203960727,24.08318915758459,70.25667228100119,49.25444142409901,41.5,35.0,42.0,14.5,31.5,7.5,4.5,10.04987562112089,10.04987562112089,10.0,51.0,44.0,45.044422518220834,265.48257946614876,263.48624252510797,251.44780770569466,235.54405108174564
545,36,545,0,18.16666666666672,15.132745950421556,103.31021246711285,10.04987562112089,21.095023109728988,27.16615541441225,30.14962686336267,24.08318915758459,70.34912934784623,49.25444142409901,41.5,34.0,42.0,14.0,32.0,8.0,3.0,12.165525060596439,11.045361017187261,11.5,52.0,43.0,44.10215414239989,264.48440407706465,262.5509474368737,251.5094431626773,235.54405108174564
546,36,546,0,18.200000000000056,15.132745950421556,102.3132444994293,10.04987562112089,23.08679276123039,28.160255680657446,31.064449134018133,23.08679276123039,71.34423592694787,48.25971404805462,40.5,34.0,42.0,15.0,33.0,7.0,4.0,12.165525060596439,13.0,12.5,52.0,42.0,44.10215414239989,262.48809496813374,262.5509474368737,250.57733337235433,234.69128658729537
547,36,547,0,18.23333333333339,16.1245154965971,101.24228365658294,10.04987562112089,22.090722034374522,28.160255680657446,32.0624390837628,23.08679276123039,71.34423592694787,49.25444142409901,41.0,35.0,42.0,15.5,32.5,7.5,4.5,13.152946437965905,13.038404810405298,13.0,52.0,42.0,43.18564576337837,262.68802789621,262.68802789621,250.72096043211067,234.85314560380067
548,36,548,0,18.26666666666673,16.1245154965971,103.31021246711285,9.055385138137417,22.090722034374522,28.160255680657446,31.064449134018133,24.08318915758459,71.34423592694787,49.25444142409901,41.0,34.0,42.0,14.0,33.0,8.0,4.0,14.142135623730951,13.038404810405298,13.5,52.0,42.0,42.1070065428546,262.68802789621,261.76516192954324,249.72384747957094,234.85314560380067
549,36,549,0,18.30000000000006,14.142135623730951,104.38869670610895,10.198039027185569,22.02271554554524,29.154759474226502,32.0624390837628,24.020824298928627,70.25667228100119,48.25971404805462,41.0,34.0,43.0,14.5,31.5,6.5,4.5,13.152946437965905,13.0,13.0,52.0,41.0,43.104524124504614,262.6175927084855,262.6175927084855,250.64716236175505,233.77339455121918
550,36,550,0,18.3333333333334,16.1245154965971,103.31021246711285,10.04987562112089,22.090722034374522,29.154759474226502,31.064449134018133,23.194827009486403,71.449282711585,49.36598018878993,41.0,34.0,42.0,15.0,33.0,8.0,4.0,14.142135623730951,13.038404810405298,13.5,52.0,41.0,43.18564576337837,262.5509474368737,262.6175927084855,251.57503850740042,235.68835355188853
551,36,551,0,18.36666666666673,17.11724276862369,103.31021246711285,10.04987562112089,23.08679276123039,30.14962686336267,33.06055050963308,23.194827009486403,73.43704787094863,50.35871324805669,41.5,35.0,43.0,16.0,34.0,8.0,5.0,15.132745950421556,15.0,15.0,52.0,41.0,44.10215414239989,262.68802789621,261.76516192954324,249.64975465639858,233.77339455121918
552,36,552,0,18.400000000000063,17.11724276862369,100.40418317978589,9.055385138137417,23.08679276123039,28.160255680657446,32.0624390837628,23.08679276123039,72.3394774656273,49.25444142409901,40.5,35.0,44.0,16.5,32.5,6.5,6.5,14.142135623730951,13.0,13.0,52.0,41.0,43.18564576337837,262.48809496813374,261.5530538915575,249.57964660604839,232.6972281742952
553,36,553,0,18.4333333333334,10.198039027185569,100.40418317978589,10.04987562112089,21.02379604162864,26.30589287593181,28.160255680657446,23.194827009486403,64.38167441127949,43.41658669218482,38.0,34.0,43.0,15.5,25.5,1.5,4.5,15.132745950421556,15.0,15.0,52.0,42.0,43.104524124504614,261.48996156640504,260.43233286210835,248.51559307214507,232.55106965997814
554,36,554,0,18.466666666666736,12.165525060596439,96.33275663033837,9.055385138137417,20.024984394500787,26.1725046566048,28.071337695236398,24.08318915758459,65.27633568147036,45.27692569068709,39.0,37.0,45.0,17.0,24.0,1.0,7.0,15.297058540778355,15.0,15.0,53.0,42.0,43.18564576337837,261.48996156640504,260.49184248263896,249.57964660604839,231.70023737579555
555,36,555,0,18.50000000000007,12.165525060596439,97.32933781753577,10.04987562112089,20.09975124224178,26.1725046566048,29.154759474226502,23.194827009486403,65.49045732013177,45.39823785126467,39.0,37.0,45.0,18.0,24.0,1.0,7.0,15.132745950421556,15.0,15.0,53.0,43.0,43.18564576337837,261.48996156640504,260.62233212063774,248.65236777477105,231.78006816808042
556,36,556,0,18.53333333333341,21.213203435596427,93.43446901438462,9.055385138137417,21.02379604162864,24.186773244895647,28.160255680657446,24.08318915758459,75.32595834106593,54.3323108288245,43.5,39.0,48.0,19.5,31.5,7.5,9.5,14.142135623730951,14.0,14.0,52.0,42.0,42.1070065428546,262.68802789621,262.68802789621,249.72384747957094,230.8679276123039
557,36,557,0,18.56666666666674,4.123105625617661,95.42536350467836,13.038404810405298,22.02271554554524,23.08679276123039,25.079872407968907,32.0624390837628,71.17583859709698,49.16299421312742,47.0,39.0,48.0,11.5,27.5,3.5,1.5,15.297058540778355,15.033296378372908,15.0,52.0,41.0,41.19465984809196,260.49184248263896,260.49184248263896,250.57733337235433,232.7767170487633
558,36,558,0,18.60000000000008,1.0,96.62815324738438,14.035668847618199,20.09975124224178,22.090722034374522,24.08318915758459,33.06055050963308,67.26812023536856,47.16990566028302,47.0,38.0,49.0,10.5,23.5,0.5,2.5,16.1245154965971,16.0312195418814,16.0,52.0,41.0,44.10215414239989,259.6959760951255,261.76516192954324,250.72096043211067,233.8567937862828
559,36,559,0,18.63333333333341,1.0,97.62171889492625,14.035668847618199,21.02379604162864,22.20360331117452,25.079872407968907,32.14031735997639,67.26812023536856,46.2709412050371,46.0,38.0,49.0,11.5,23.5,0.5,2.5,16.278820596099706,15.0,15.5,52.0,42.0,44.181444068749045,258.69866640553056,261.6906570743404,250.64716236175505,232.7767170487633
560,36,560,0,18.666666666666742,3.1622776601683795,97.51410154434076,14.035668847618199,22.090722034374522,22.20360331117452,24.08318915758459,30.14962686336267,69.35416353759881,47.265209192385896,45.5,39.0,49.0,14.0,25.0,0.0,1.0,15.297058540778355,14.0,15.0,52.0,42.0,45.09988913511872,262.6175927084855,262.5509474368737,252.57276179350774,233.69424468736923
561,36,561,0,18.70000000000008,12.041594578792296,98.50888284819801,13.038404810405298,22.090722034374522,25.179356624028344,27.073972741361768,25.179356624028344,72.3394774656273,50.24937810560445,44.0,37.0,47.0,17.0,30.0,5.0,3.0,14.142135623730951,14.0,14.0,52.0,42.0,43.04648650006177,260.62233212063774,261.6199533674754,250.72096043211067,232.7767170487633
562,36,562,0,18.733333333333416,18.027756377319946,98.32598842625484,11.045361017187261,22.02271554554524,25.179356624028344,28.071337695236398,23.345235059857504,74.33034373659252,52.3450093132096,43.0,39.0,47.0,20.0,31.0,7.0,8.0,16.1245154965971,16.0,16.0,52.0,43.0,43.04648650006177,262.48809496813374,261.48996156640504,248.45321491178174,230.62740513651016
563,36,563,0,18.76666666666675,16.1245154965971,98.32598842625484,10.0,22.02271554554524,27.16615541441225,30.14962686336267,24.331050121192877,72.3394774656273,50.35871324805669,42.0,38.0,46.0,18.0,30.0,6.0,7.0,15.132745950421556,15.0,15.0,51.0,42.0,43.104524124504614,261.48996156640504,261.48996156640504,249.39326374222702,232.55106965997814
564,36,564,0,18.80000000000009,13.152946437965905,100.40418317978589,10.04987562112089,22.02271554554524,28.160255680657446,30.14962686336267,24.08318915758459,69.26037828369117,47.265209192385896,40.5,36.0,45.0,16.5,28.5,4.5,5.5,15.132745950421556,15.0,15.5,51.0,42.0,42.1070065428546,262.48809496813374,262.48809496813374,251.44780770569466,234.54637068179076
565,36,565,0,18.83333333333342,14.142135623730951,101.31633629380802,10.04987562112089,22.02271554554524,28.160255680657446,30.066592756745816,23.194827009486403,69.35416353759881,47.38143096192854,40.0,36.0,44.0,17.0,29.0,5.0,6.0,15.132745950421556,15.0,15.5,51.0,42.0,43.104524124504614,262.42903802742563,262.42903802742563,250.44959572736389,233.4823333787805
566,36,566,0,18.86666666666676,14.035668847618199,101.24228365658294,11.045361017187261,21.02379604162864,28.071337695236398,31.064449134018133,23.194827009486403,69.26037828369117,48.25971404805462,41.0,37.0,44.0,17.5,28.5,4.5,6.5,15.132745950421556,15.033296378372908,15.0,52.0,44.0,43.104524124504614,262.42903802742563,261.5530538915575,250.51147678300092,234.69128658729537
567,36,567,0,18.90000000000009,16.1245154965971,100.24470060806208,10.04987562112089,22.02271554554524,27.16615541441225,31.016124838541646,23.08679276123039,71.25307010929424,49.25444142409901,41.0,38.0,45.0,18.5,29.5,5.5,7.5,15.132745950421556,15.0,15.0,52.0,43.0,42.1070065428546,262.48809496813374,262.42903802742563,251.3901350490906,234.48027635602958
568,36,568,0,18.933333333333422,16.1245154965971,99.24716620639605,10.04987562112089,22.02271554554524,28.160255680657446,30.066592756745816,23.194827009486403,71.34423592694787,49.36598018878993,41.0,38.0,45.0,18.5,29.5,5.5,7.5,16.1245154965971,15.0,15.5,52.0,44.0,43.104524124504614,262.42903802742563,262.42903802742563,250.39169315294788,234.54637068179076
569,36,569,0,18.96666666666676,16.1245154965971,100.12492197250393,10.04987562112089,22.02271554554524,28.160255680657446,31.016124838541646,24.186773244895647,72.3394774656273,50.35871324805669,42.0,40.0,45.0,18.5,29.5,4.5,7.5,16.1245154965971,16.0,15.5,51.0,44.0,43.04648650006177,262.2746651889961,262.23081436017395,250.19992006393608,234.21357774475842
570,36,570,0,19.000000000000096,16.1245154965971,100.17983829094555,10.04987562112089,22.02271554554524,28.160255680657446,30.066592756745816,24.186773244895647,72.3394774656273,50.35871324805669,42.0,40.0,46.0,19.0,29.0,4.0,8.0,15.132745950421556,15.033296378372908,15.0,50.0,43.0,42.04759208325728,263.2299375071156,262.23081436017395,250.19992006393608,233.25951213187426
571,36,571,0,19.03333333333343,15.132745950421556,99.18165152889924,11.045361017187261,22.02271554554524,27.16615541441225,30.066592756745816,24.186773244895647,72.3394774656273,50.35871324805669,42.5,40.0,46.0,19.0,29.0,5.0,8.0,16.1245154965971,15.033296378372908,15.5,50.0,43.0,42.04759208325728,262.23081436017395,261.19150062741323,249.20072231034965,233.21449354617735
572,36,572,0,19.06666666666677,15.132745950421556,100.12492197250393,11.0,21.02379604162864,27.16615541441225,30.066592756745816,24.186773244895647,71.25307010929424,50.24937810560445,42.5,40.0,45.0,18.5,28.5,4.5,7.5,15.132745950421556,15.033296378372908,15.0,50.0,43.0,41.10960958218893,262.1907702418222,261.19150062741323,250.19992006393608,234.2584043316269
573,36,573,0,19.1000000000001,18.027756377319946,98.08159868191383,10.0,23.021728866442675,27.16615541441225,30.01666203960727,23.194827009486403,74.16872656315464,51.15662224971465,42.0,42.0,46.0,21.0,30.0,5.0,10.0,15.132745950421556,15.0,15.0,49.0,44.0,42.04759208325728,261.19150062741323,261.19150062741323,248.16325271885037,232.2154172315008
574,36,574,0,19.13333333333344,17.11724276862369,97.18538984847466,10.0,23.0,27.073972741361768,30.066592756745816,23.194827009486403,73.17103251970687,50.24937810560445,41.5,41.0,47.0,21.0,29.0,4.0,11.0,15.033296378372908,16.0312195418814,16.0,49.0,44.0,42.04759208325728,260.155722597063,260.155722597063,248.16325271885037,231.17525819170183
575,36,575,0,19.16666666666677,18.110770276274835,97.082439194738,10.0,23.0,25.079872407968907,28.0178514522438,23.194827009486403,74.16872656315464,51.24451190127583,42.0,43.0,47.0,22.0,29.0,4.0,11.0,16.0312195418814,16.0312195418814,15.5,50.0,45.0,42.01190307520001,261.0938528575501,260.06922155457,247.07286374670934,229.10696191953662
576,36,576,0,19.200000000000102,16.0312195418814,89.08984229416954,11.0,24.0,24.020824298928627,27.018512172212592,25.179356624028344,76.10519036176179,52.15361924162119,44.0,43.0,47.0,20.0,31.0,5.0,9.0,16.1245154965971,16.0,15.5,50.0,44.0,43.04648650006177,262.0477055804916,261.03064954139006,248.03225596683993,231.05410621756974
577,36,577,0,19.23333333333344,9.055385138137417,85.05292469985967,14.035668847618199,26.0,21.02379604162864,24.0,27.073972741361768,76.10519036176179,50.15974481593781,45.5,43.0,46.0,17.5,31.5,3.5,4.5,15.132745950421556,15.033296378372908,15.0,50.0,46.0,41.012193308819754,261.0938528575501,260.09421369957465,248.0987706539474,230.13908837917995
578,36,578,0,19.266666666666776,7.0,84.02380615040002,13.038404810405298,27.0,20.024984394500787,23.0,27.16615541441225,74.10802925459562,47.16990566028302,43.5,43.0,45.0,17.0,30.0,1.0,4.0,16.0312195418814,16.0,16.0,49.0,45.0,42.0,261.0689564080724,260.0480724789169,248.03225596683993,230.05434140654683
579,36,579,0,19.30000000000011,5.0990195135927845,86.02325267042627,15.0,27.0,21.02379604162864,24.0,27.16615541441225,74.10802925459562,47.16990566028302,44.5,44.0,46.0,18.0,29.0,1.0,4.0,15.132745950421556,15.0,15.0,49.0,45.0,41.012193308819754,260.1230478062257,260.1230478062257,247.07286374670934,229.0785891348207
580,36,580,0,19.33333333333345,14.142135623730951,89.08984229416954,13.038404810405298,25.0,23.08679276123039,26.019223662515376,24.020824298928627,76.10519036176179,51.15662224971465,44.0,43.0,47.0,21.0,31.0,4.0,8.0,15.132745950421556,15.033296378372908,15.0,50.0,45.0,42.01190307520001,263.0304164920856,262.01717500957835,249.0180716333656,230.0347799790284
581,36,581,0,19.36666666666678,21.095023109728988,92.13576938409967,11.0,24.020824298928627,25.079872407968907,28.0178514522438,24.08318915758459,80.15609770940699,56.142675390472796,45.5,43.0,48.0,21.5,34.5,7.5,10.5,15.132745950421556,15.033296378372908,15.5,48.0,45.0,44.01136216933077,263.0304164920856,261.01724080987447,248.0181444975347,230.0347799790284
582,36,582,0,19.40000000000012,18.110770276274835,96.08329719571451,10.0,25.0,27.073972741361768,30.01666203960727,24.08318915758459,77.10382610480494,52.15361924162119,43.0,41.0,45.0,19.0,34.0,7.0,9.0,15.033296378372908,16.0,15.5,49.0,46.0,42.01190307520001,261.01724080987447,261.01724080987447,248.0181444975347,231.03462943896528
583,36,583,0,19.43333333333345,16.1245154965971,96.08329719571451,11.0,24.0,26.076809620810597,30.01666203960727,24.08318915758459,75.1065909225016,51.15662224971465,43.0,40.0,44.0,18.0,33.0,7.0,7.0,15.132745950421556,15.033296378372908,15.0,49.0,45.0,42.01190307520001,263.00760445279906,262.0019083899963,249.0020080240318,231.00865784641059
584,36,584,0,19.466666666666782,16.1245154965971,97.082439194738,10.0,22.0,27.073972741361768,29.017236257093817,24.08318915758459,72.11102550927978,50.15974481593781,42.0,39.0,43.0,17.0,31.0,7.0,7.0,15.132745950421556,15.033296378372908,15.0,49.0,45.0,42.01190307520001,264.06817301598466,262.0686932847951,248.05039810490126,231.10603626906848
585,36,585,0,19.50000000000012,15.132745950421556,97.04638066409278,10.0,23.0,27.073972741361768,31.0,24.08318915758459,72.11102550927978,49.16299421312742,41.5,39.0,42.0,16.5,31.5,6.5,6.5,15.033296378372908,15.033296378372908,15.0,48.0,44.0,42.01190307520001,264.09278672466615,263.04752422328556,250.0319979522621,233.03433223454437
586,36,586,0,19.533333333333456,15.033296378372908,99.04544411531506,10.04987562112089,23.021728866442675,28.071337695236398,30.0,24.020824298928627,72.11102550927978,49.09175083453431,41.5,39.0,42.0,16.5,31.5,6.5,6.5,15.132745950421556,16.0312195418814,15.5,49.0,45.0,42.01190307520001,262.03053257206494,262.03053257206494,250.01799935204664,234.03418553707064
587,36,587,0,19.56666666666679,14.142135623730951,99.08077512817509,11.0,23.0,27.073972741361768,30.0,22.090722034374522,70.11419257183242,47.16990566028302,40.0,36.0,40.0,16.0,32.0,7.0,5.0,15.132745950421556,15.033296378372908,15.5,49.0,45.0,42.01190307520001,262.0686932847951,262.0686932847951,250.04999500099976,234.07691043757393
588,36,588,0,19.60000000000013,14.142135623730951,99.04544411531506,10.0,22.02271554554524,27.073972741361768,30.0,24.08318915758459,70.178344238091,48.16637831516918,41.0,37.0,40.0,14.5,31.5,7.5,4.5,15.132745950421556,15.033296378372908,15.0,48.0,43.0,42.01190307520001,263.1216448717209,262.0686932847951,250.0719896349849,234.07691043757393
589,36,589,0,19.63333333333346,14.035668847618199,100.04498987955368,10.04987562112089,23.021728866442675,28.071337695236398,31.0,24.020824298928627,71.11258679024411,48.093658625644196,41.0,38.0,41.0,15.5,31.5,6.5,5.5,15.132745950421556,15.033296378372908,15.0,49.0,44.0,41.012193308819754,263.0931394012394,262.0686932847951,251.07170290576354,235.10423220350586
590,36,590,0,19.6666666666668,15.132745950421556,100.04498987955368,10.0,22.0,27.018512172212592,31.0,23.08679276123039,70.11419257183242,48.16637831516918,40.5,37.0,40.0,15.5,31.5,7.5,5.5,15.033296378372908,15.033296378372908,15.0,49.0,44.0,42.01190307520001,263.1216448717209,262.0934947685654,250.04999500099976,233.05364189387817
591,36,591,0,19.70000000000013,15.132745950421556,99.04544411531506,10.0,22.02271554554524,27.018512172212592,30.0,23.08679276123039,70.178344238091,48.16637831516918,40.5,37.0,40.0,15.5,31.5,7.5,5.5,15.033296378372908,15.0,15.0,49.0,45.0,42.01190307520001,263.1216448717209,262.0686932847951,250.0719896349849,234.10467744152402
592,36,592,0,19.733333333333466,18.110770276274835,98.02040603874276,9.0,22.0,28.0178514522438,31.0,23.194827009486403,72.17340230306452,50.24937810560445,41.0,39.0,41.0,17.0,32.0,8.0,8.0,14.142135623730951,14.0,14.0,50.0,46.0,42.0,262.0934947685654,262.0934947685654,250.04999500099976,233.0772404161333
593,36,593,0,19.7666666666668,20.09975124224178,97.04638066409278,10.0,23.021728866442675,27.073972741361768,30.0,23.08679276123039,76.16429609731846,53.150729063673246,43.0,40.0,43.0,18.5,34.5,9.5,8.5,10.0,10.0,9.5,49.0,44.0,45.0111097397076,264.09278672466615,263.0931394012394,250.09798079952586,233.10512649875378
594,36,594,0,19.800000000000136,18.110770276274835,97.04638066409278,10.04987562112089,23.0,27.018512172212592,30.0,23.08679276123039,74.16872656315464,51.24451190127583,42.0,40.0,43.0,18.5,32.5,7.5,8.5,10.04987562112089,9.055385138137417,9.0,51.0,47.0,42.01190307520001,261.0689564080724,259.0694887477103,248.05039810490126,231.05410621756974
595,36,595,0,19.83333333333347,19.1049731745428,97.02061636580135,9.055385138137417,23.021728866442675,28.0178514522438,31.0,23.08679276123039,74.24284477308234,51.24451190127583,41.5,39.0,41.0,17.0,34.0,9.0,8.0,8.06225774829855,9.055385138137417,8.5,50.0,47.0,42.01190307520001,263.0684321616716,262.0934947685654,250.0719896349849,233.10512649875378
596,36,596,0,19.86666666666681,19.1049731745428,95.02105029939419,10.0,22.0,27.018512172212592,29.0,22.090722034374522,73.10950690573696,51.15662224971465,41.5,39.0,41.0,18.0,33.0,9.0,8.0,9.055385138137417,10.04987562112089,10.0,51.0,46.0,42.01190307520001,263.1539473388153,262.1221089492453,251.07170290576354,233.0772404161333
597,36,597,0,19.90000000000014,18.110770276274835,96.04686356149273,9.0,22.02271554554524,26.019223662515376,29.0,24.186773244895647,73.24616030891995,51.24451190127583,42.0,39.0,42.0,16.5,32.5,8.5,7.5,12.041594578792296,12.0,11.5,51.0,46.0,44.01136216933077,264.12118430750684,262.0934947685654,250.0719896349849,232.07757323791543
598,36,598,0,19.93333333333348,18.110770276274835,96.04686356149273,9.0,23.021728866442675,27.073972741361768,30.01666203960727,23.08679276123039,73.17103251970687,50.15974481593781,41.0,39.0,42.0,17.5,32.5,7.5,8.5,12.041594578792296,13.0,13.0,49.0,44.0,44.04543109109048,263.1539473388153,262.1221089492453,249.09837414162303,231.1384866265244
599,36,599,0,19.96666666666681,18.110770276274835,95.02105029939419,9.0,23.021728866442675,27.018512172212592,30.01666203960727,24.08318915758459,74.16872656315464,51.15662224971465,42.0,40.0,42.0,17.0,33.0,8.0,8.0,14.035668847618199,14.035668847618199,13.5,50.0,45.0,43.01162633521314,263.1216448717209,262.1221089492453,250.09798079952586,232.13789005675054
600,36,600,0,20.000000000000146,18.110770276274835,96.02083107326243,10.04987562112089,23.0,26.076809620810597,29.0,23.08679276123039,74.16872656315464,51.24451190127583,42.0,40.0,42.0,18.0,33.0,8.0,8.0,13.038404810405298,13.0,13.0,50.0,45.0,41.048751503547585,262.0934947685654,262.0934947685654,250.0719896349849,232.07757323791543
601,36,601,0,20.03333333333348,18.110770276274835,96.02083107326243,9.055385138137417,22.0,26.019223662515376,29.0,24.08318915758459,73.17103251970687,51.24451190127583,42.0,40.0,42.0,17.0,32.0,8.0,8.0,13.038404810405298,13.0,13.5,50.0,45.0,42.01190307520001,264.12118430750684,262.1221089492453,250.09798079952586,233.13729860320507
602,36,602,0,20.066666666666816,16.0312195418814,96.02083107326243,10.04987562112089,21.02379604162864,27.073972741361768,29.017236257093817,24.08318915758459,71.17583859709698,50.15974481593781,42.0,40.0,42.0,17.0,30.0,7.0,7.0,14.142135623730951,14.0,14.0,49.0,44.0,41.0,262.0934947685654,262.0934947685654,250.0719896349849,232.1055794245369
603,36,603,0,20.10000000000015,15.132745950421556,96.02083107326243,10.0,22.02271554554524,25.079872407968907,29.017236257093817,25.079872407968907,72.17340230306452,50.15974481593781,42.5,40.0,42.0,16.0,31.0,7.0,6.0,14.142135623730951,15.0,14.5,49.0,45.0,43.01162633521314,262.15453457836657,261.1225765804252,249.09837414162303,232.13789005675054
604,36,604,0,20.13333333333349,14.142135623730951,97.04638066409278,11.0,22.0,25.019992006393608,27.0,24.08318915758459,71.11258679024411,49.16299421312742,42.0,39.0,42.0,16.5,30.5,6.5,5.5,15.033296378372908,15.0,15.0,50.0,45.0,42.01190307520001,262.1221089492453,262.0934947685654,250.0719896349849,232.1055794245369
605,36,605,0,20.16666666666682,12.041594578792296,98.04590761474952,11.045361017187261,21.02379604162864,24.08318915758459,26.019223662515376,25.019992006393608,69.1158447825099,48.093658625644196,42.0,38.0,41.0,14.5,29.5,6.5,3.5,14.035668847618199,15.0,15.0,50.0,45.0,42.01190307520001,262.0934947685654,262.0477055804916,251.04979585731593,233.0772404161333
606,36,606,0,20.20000000000016,4.47213595499958,98.08159868191383,14.0,22.0,24.020824298928627,27.0,28.0178514522438,68.06614430096654,46.09772228646444,44.0,38.0,42.0,12.0,28.0,4.0,1.0,15.132745950421556,15.0,15.0,49.0,44.0,44.01136216933077,261.1225765804252,262.1221089492453,251.09759058979438,234.17301296263838
607,36,607,0,20.23333333333349,1.0,99.08077512817509,13.0,21.02379604162864,24.020824298928627,26.019223662515376,32.14031735997639,66.18912297349165,45.17742799230607,45.0,39.0,43.0,9.0,25.0,1.0,2.0,15.132745950421556,14.035668847618199,14.5,48.0,43.0,42.01190307520001,260.155722597063,260.155722597063,249.1625975141534,234.21357774475842
608,36,608,0,20.266666666666826,1.0,99.08077512817509,13.0,21.02379604162864,23.08679276123039,26.0,32.14031735997639,66.18912297349165,45.17742799230607,45.0,39.0,43.0,9.0,25.0,1.0,3.0,15.033296378372908,14.0,14.5,48.0,43.0,43.01162633521314,260.155722597063,260.155722597063,249.1625975141534,234.17301296263838
609,36,609,0,20.30000000000016,1.0,100.07996802557443,14.035668847618199,20.024984394500787,22.02271554554524,25.0,29.068883707497267,63.198101237299845,43.18564576337837,43.0,37.0,41.0,10.0,24.0,1.0,3.0,14.142135623730951,14.0,14.5,49.0,44.0,45.044422518220834,260.155722597063,261.15512631384433,250.1619475459847,234.17301296263838
610,36,610,0,20.333333333333496,8.06225774829855,103.04368005850722,14.0,18.027756377319946,21.02379604162864,24.020824298928627,28.0178514522438,68.06614430096654,50.039984012787215,46.0,38.0,41.0,11.5,28.5,8.5,1.5,15.033296378372908,16.0,15.5,50.0,44.0,45.044422518220834,262.1907702418222,263.1216448717209,252.0972034751675,237.0759372015642
611,36,611,0,20.36666666666683,9.055385138137417,103.04368005850722,15.033296378372908,19.0,21.02379604162864,24.0,27.018512172212592,70.06425622241343,51.088159097779204,46.5,37.0,40.0,11.5,31.5,10.5,2.5,15.132745950421556,15.0,15.0,50.0,44.0,45.044422518220834,261.19150062741323,262.15453457836657,253.09681941897256,237.10335299189677
612,36,612,0,20.40000000000017,2.23606797749979,102.04410811016969,16.0,24.0,22.02271554554524,24.020824298928627,26.1725046566048,68.11754546370561,44.181444068749045,43.0,39.0,42.0,14.5,27.5,2.5,0.5,16.0312195418814,15.033296378372908,15.5,50.0,45.0,44.01136216933077,262.1907702418222,263.1216448717209,253.12645061312736,235.10423220350586
613,36,613,0,20.4333333333335,2.23606797749979,102.04410811016969,16.0,23.0,22.02271554554524,25.0,26.076809620810597,67.06713054842886,44.10215414239989,43.0,39.0,42.0,14.5,26.5,1.5,0.5,15.033296378372908,15.033296378372908,15.0,50.0,44.0,44.01136216933077,261.15512631384433,262.1221089492453,251.09759058979438,235.07658326596462
614,36,614,0,20.46666666666684,7.0710678118654755,101.04454463255303,15.0,24.0,23.021728866442675,26.0,25.179356624028344,71.11258679024411,47.16990566028302,43.5,41.0,44.0,17.5,28.5,2.5,2.5,15.033296378372908,15.033296378372908,15.0,50.0,44.0,45.0111097397076,263.1900454044567,262.1907702418222,249.12848090894786,233.173754955398
615,36,615,0,20.50000000000017,11.045361017187261,99.08077512817509,14.0,25.019992006393608,25.019992006393608,27.018512172212592,25.179356624028344,75.16648189186454,50.15974481593781,44.5,44.0,48.0,21.0,29.0,2.0,7.0,15.033296378372908,15.0,15.0,50.0,45.0,44.0,262.1907702418222,262.1907702418222,250.1619475459847,233.173754955398
616,36,616,0,20.533333333333506,21.095023109728988,96.04686356149273,12.0,23.0,25.079872407968907,28.0178514522438,23.194827009486403,79.1580697086532,56.22277118748239,45.5,47.0,50.0,25.5,30.5,5.5,12.5,15.132745950421556,16.0,15.5,50.0,46.0,46.010868281309364,262.0934947685654,261.0938528575501,249.12848090894786,232.13789005675054
617,36,617,0,20.56666666666684,26.019223662515376,98.00510190801293,11.0,24.020824298928627,26.019223662515376,31.0,23.08679276123039,84.09518416651456,60.07495318350236,47.0,48.0,49.0,25.5,35.5,10.5,14.5,14.035668847618199,15.033296378372908,14.5,50.0,47.0,44.0,264.04734423962685,262.03053257206494,249.0180716333656,232.0086205294967
618,36,618,0,20.600000000000176,26.019223662515376,99.00505037623081,11.0,23.0,27.018512172212592,31.0,23.08679276123039,83.05419917138447,60.07495318350236,47.0,47.0,48.0,24.5,35.5,11.5,13.5,14.035668847618199,14.0,14.5,50.0,47.0,43.0,263.0019011338131,261.0019157017818,249.00803199896987,230.00869548780108
619,36,619,0,20.63333333333351,24.020824298928627,101.0,12.041594578792296,24.0,27.0,31.0,23.08679276123039,83.09632964216891,59.135437767890075,47.0,47.0,47.0,24.0,36.0,11.0,13.0,14.035668847618199,14.035668847618199,14.0,49.0,47.0,44.0,262.0,262.00763347658403,250.0079998720041,232.01939574095957
620,36,620,0,20.666666666666845,24.020824298928627,101.0,11.045361017187261,23.0,28.0,31.016124838541646,24.020824298928627,82.05485969764375,59.07622195096772,47.0,47.0,47.0,23.0,35.0,11.0,12.0,13.038404810405298,14.035668847618199,14.5,48.0,47.0,42.0,263.0304164920856,261.04788832702707,248.05039810490126,232.0538730553748
621,36,621,0,20.70000000000018,23.021728866442675,102.00490184299969,12.0,22.0,27.0,30.01666203960727,23.021728866442675,80.02499609497022,58.034472514187634,46.5,46.0,45.0,22.5,34.5,10.5,11.5,13.038404810405298,14.035668847618199,14.0,48.0,48.0,42.0,263.00760445279906,262.01717500957835,250.01799935204664,234.00854685246006
622,36,622,0,20.733333333333515,21.02379604162864,103.01941564578979,12.0,23.0,28.0,31.016124838541646,24.020824298928627,80.02499609497022,57.0350769263968,46.5,46.0,44.0,21.0,35.0,11.0,10.0,15.033296378372908,15.033296378372908,15.0,48.0,48.0,42.01190307520001,263.0171097096157,262.0477055804916,249.07227866625382,233.0772404161333
623,36,623,0,20.76666666666685,21.02379604162864,104.01922899156675,11.0,22.0,28.0,30.01666203960727,24.0,78.00640999302557,56.00892785976178,45.5,45.0,43.0,20.0,34.0,11.0,9.0,14.0,14.035668847618199,14.0,48.0,49.0,44.01136216933077,264.0170449043016,262.0477055804916,251.09759058979438,234.10467744152402
624,36,624,0,20.800000000000185,19.026297590440446,105.01904589168576,12.0,21.0,28.0,31.016124838541646,23.021728866442675,75.02666192761077,54.037024344425184,44.5,43.0,41.0,19.0,33.0,11.0,8.0,14.035668847618199,14.0,14.0,47.0,48.0,43.01162633521314,263.0304164920856,262.0477055804916,250.0719896349849,234.05341270744162
625,36,625,0,20.83333333333352,19.026297590440446,105.01904589168576,12.0,22.0,29.0,32.01562118716424,24.0,77.00649323271382,55.00909015790027,45.5,45.0,43.0,20.0,33.0,10.0,9.0,13.038404810405298,14.035668847618199,14.0,47.0,48.0,44.01136216933077,264.04734423962685,263.04752422328556,251.09759058979438,235.07658326596462
626,36,626,0,20.86666666666685,20.09975124224178,106.01886624558857,11.0,22.02271554554524,29.0,31.016124838541646,24.0,77.00649323271382,55.036351623268054,45.0,44.0,42.0,19.0,34.0,11.0,9.0,13.0,13.038404810405298,13.5,47.0,48.0,42.01190307520001,263.0684321616716,262.0686932847951,249.12848090894786,233.10512649875378
627,36,627,0,20.90000000000019,20.024984394500787,106.00471687618433,12.0,23.0,29.017236257093817,32.01562118716424,24.0,79.00632886041473,56.00892785976178,46.0,44.0,43.0,19.5,35.5,11.5,8.5,13.0,14.035668847618199,14.5,46.0,47.0,43.0,264.09278672466615,262.0934947685654,251.16130275183716,235.1361307838504
628,36,628,0,20.933333333333525,22.02271554554524,105.01904589168576,12.0,23.0,29.0,33.015148038438355,24.020824298928627,81.0,58.0,47.0,46.0,44.0,21.0,36.0,12.0,10.0,13.0,13.038404810405298,13.5,47.0,48.0,42.01190307520001,263.0684321616716,262.0934947685654,250.12796724876648,234.10467744152402
629,36,629,0,20.96666666666686,22.02271554554524,104.04326023342406,12.0,25.0,28.0,32.01562118716424,24.0,83.00602387778854,58.008620049092706,47.0,48.0,45.0,22.5,36.5,11.5,11.5,13.0,14.035668847618199,14.0,46.0,48.0,42.01190307520001,264.09278672466615,263.0931394012394,250.09798079952586,235.10423220350586
630,36,630,0,21.000000000000195,22.02271554554524,104.01922899156675,11.0,24.020824298928627,28.0178514522438,31.016124838541646,25.0,82.0,58.008620049092706,47.0,47.0,45.0,21.0,36.0,11.0,10.0,14.035668847618199,14.0,14.0,47.0,49.0,44.04543109109048,263.0931394012394,263.1216448717209,250.1619475459847,235.1361307838504
631,36,631,0,21.03333333333353,25.019992006393608,105.04284840006957,12.0,24.020824298928627,29.0,33.015148038438355,24.0,85.0,61.00819617067857,48.5,49.0,46.0,23.5,37.5,12.5,12.5,13.038404810405298,14.035668847618199,13.5,46.0,48.0,42.01190307520001,265.04716561397146,263.0684321616716,251.09759058979438,234.10467744152402
632,36,632,0,21.066666666666865,33.015148038438355,104.01922899156675,12.0,24.020824298928627,29.0,33.015148038438355,25.0,94.0,70.00714249274856,53.5,52.0,50.0,26.0,43.0,17.0,15.0,13.038404810405298,14.035668847618199,13.5,46.0,48.0,43.0,263.0931394012394,260.155722597063,247.2023462671825,230.17601960239037
633,36,633,0,21.1000000000002,39.01281840626232,102.04410811016969,12.041594578792296,25.019992006393608,29.0,33.015148038438355,24.020824298928627,100.0,75.0066663703967,55.5,55.0,52.0,29.5,46.5,20.5,17.5,13.0,14.035668847618199,14.0,46.0,47.0,42.01190307520001,263.1539473388153,261.19150062741323,245.246814454337,227.26636354727023
634,36,634,0,21.13333333333353,40.0,101.00495037373169,13.0,26.019223662515376,28.0,33.015148038438355,23.021728866442675,102.0,76.00657866263946,56.0,55.0,54.0,31.5,47.5,19.5,19.5,13.0,14.035668847618199,14.0,46.0,48.0,41.0,264.06817301598466,262.0934947685654,247.12952069714376,230.17601960239037
635,36,635,0,21.16666666666687,43.01162633521314,103.01941564578979,11.0,24.0,28.0,32.01562118716424,24.020824298928627,102.0,78.0,56.5,55.0,53.0,30.0,48.0,23.0,19.0,13.038404810405298,14.035668847618199,14.0,46.0,48.0,43.0,263.0304164920856,262.0477055804916,248.07257002740147,230.07824755939012
636,36,636,0,21.200000000000205,31.0,102.04410811016969,11.0,24.0,25.019992006393608,29.068883707497267,28.0,94.0,70.0,54.5,55.0,52.0,25.5,40.5,15.5,15.5,13.0,14.035668847618199,14.5,45.0,47.0,42.04759208325728,262.0934947685654,261.1225765804252,248.16325271885037,231.1384866265244
637,36,637,0,21.23333333333354,8.0,100.0199980003999,16.0312195418814,24.0,22.02271554554524,25.019992006393608,30.0,78.00640999302557,54.00925846556311,50.0,49.0,47.0,18.0,30.0,5.0,3.0,14.0,14.0,14.0,44.0,46.0,42.01190307520001,259.04825805243314,261.04788832702707,251.07170290576354,233.05364189387817
638,36,638,0,21.266666666666875,1.0,98.02040603874276,15.0,21.0,22.0,24.0,33.0,70.0,49.0,48.5,48.0,46.0,14.0,23.0,1.0,0.0,14.0,14.035668847618199,14.5,44.0,46.0,44.01136216933077,260.0480724789169,262.0934947685654,250.1619475459847,234.21357774475842
639,36,639,0,21.30000000000021,1.4142135623730951,98.04590761474952,15.033296378372908,22.02271554554524,22.0,24.020824298928627,32.0,70.00714249274856,48.0,47.5,48.0,45.0,14.5,23.5,0.5,0.5,14.035668847618199,14.035668847618199,14.0,44.0,45.0,43.01162633521314,259.12352266824405,260.1922366251537,248.2438317461282,231.21634890292685
640,36,640,0,21.333333333333545,2.0,99.00505037623081,15.0,22.0,22.0,25.019992006393608,31.016124838541646,70.00714249274856,48.010415536631214,47.0,47.0,46.0,15.5,23.5,0.5,1.5,14.035668847618199,14.035668847618199,14.5,44.0,47.0,44.01136216933077,260.06922155457,260.09421369957465,248.12899870833317,232.1055794245369
641,36,641,0,21.36666666666688,12.041594578792296,99.02019995940222,14.0,23.0,23.0,26.019223662515376,28.0,77.00649323271382,54.00925846556311,48.0,50.0,48.0,21.0,28.0,3.0,8.0,14.035668847618199,14.035668847618199,14.0,45.0,47.0,44.04543109109048,260.09421369957465,260.1230478062257,249.1625975141534,232.1055794245369
642,36,642,0,21.40000000000021,24.020824298928627,95.00526301210897,11.045361017187261,24.0,24.0,28.0,24.020824298928627,83.00602387778854,59.00847396772772,47.0,49.0,48.0,24.5,34.5,9.5,13.5,14.035668847618199,14.035668847618199,14.5,45.0,47.0,43.0,260.06922155457,261.0938528575501,248.0987706539474,231.07790893982056
643,36,643,0,21.43333333333355,28.0178514522438,93.0,11.0,25.0,24.0,27.0,21.02379604162864,85.0235261559999,60.03332407921454,46.0,48.0,48.0,27.0,37.0,10.0,16.0,14.035668847618199,15.033296378372908,15.0,46.0,48.0,43.01162633521314,261.0689564080724,261.0689564080724,249.09837414162303,230.07824755939012
644,36,644,0,21.466666666666885,24.020824298928627,92.02173656261873,12.0,25.0,25.019992006393608,28.0178514522438,20.09975124224178,81.05553651663777,56.08029957123981,44.0,46.0,48.0,27.0,34.0,7.0,15.0,13.0,14.035668847618199,14.0,45.0,47.0,44.01136216933077,261.04788832702707,261.0689564080724,247.07286374670934,229.05457864884517
645,36,645,0,21.50000000000022,21.02379604162864,90.00555538409837,13.0,26.0,24.020824298928627,29.0,17.11724276862369,77.05841939723393,51.088159097779204,40.5,44.0,45.0,27.5,32.5,4.5,14.5,13.038404810405298,13.038404810405298,13.5,45.0,47.0,43.0,260.0480724789169,260.09421369957465,248.07257002740147,231.07790893982056
646,36,646,0,21.533333333333555,18.027756377319946,90.0,14.0,27.0,26.019223662515376,29.017236257093817,18.110770276274835,77.05841939723393,50.08991914547278,41.0,45.0,45.0,27.0,32.0,3.0,13.0,13.0,14.035668847618199,14.5,46.0,47.0,43.0,261.01724080987447,261.03064954139006,249.0321264415497,231.03462943896528
647,36,647,0,21.56666666666689,16.0,89.00561780022652,16.0,26.0,25.019992006393608,29.0,17.11724276862369,75.02666192761077,49.040799340956916,41.0,45.0,46.0,28.5,29.5,1.5,12.5,14.035668847618199,15.033296378372908,15.0,47.0,47.0,43.0,261.01724080987447,260.0307674103201,247.05060210410335,229.0349318335524
648,36,648,0,21.600000000000225,16.0,88.0,15.0,27.0,24.020824298928627,27.0,19.1049731745428,77.02596964660685,50.039984012787215,42.0,46.0,46.0,27.0,31.0,2.0,12.0,14.035668847618199,14.0,14.5,47.0,47.0,42.0,261.03064954139006,260.0307674103201,248.0181444975347,230.00869548780108
649,36,649,0,21.63333333333356,16.0,89.0,14.0,26.0,23.021728866442675,26.0,21.095023109728988,77.02596964660685,51.03920062069938,43.0,47.0,47.0,26.0,30.0,2.0,12.0,13.038404810405298,14.035668847618199,14.0,48.0,48.0,44.01136216933077,263.0304164920856,261.04788832702707,248.05039810490126,231.03462943896528
650,36,650,0,21.66666666666689,8.06225774829855,93.0,15.0,25.0,22.0,25.019992006393608,26.0,74.00675644831355,49.01020301937138,45.0,46.0,46.0,20.0,28.0,1.0,6.0,14.035668847618199,14.035668847618199,14.0,46.0,46.0,41.012193308819754,261.00766272276377,261.03064954139006,249.0321264415497,233.03433223454437
651,36,651,0,21.70000000000023,2.23606797749979,95.0,15.0,23.0,22.0,24.020824298928627,30.0,70.00714249274856,47.01063709417264,46.0,46.0,46.0,16.0,24.0,0.0,3.0,13.0,14.0,14.0,46.0,46.0,42.0,261.0019157017818,262.0019083899963,250.00199999200007,234.0
652,36,652,0,21.733333333333565,1.0,95.00526301210897,15.0,21.02379604162864,22.0,24.020824298928627,31.0,68.00735254367721,47.0,46.5,46.0,47.0,15.5,21.5,0.5,2.5,14.035668847618199,14.0,14.5,47.0,46.0,42.01190307520001,262.0019083899963,260.00192306981114,250.00199999200007,234.01922997907673
653,36,653,0,21.7666666666669,3.1622776601683795,95.00526301210897,15.0,20.024984394500787,23.0,25.0,29.0,67.02984409947557,47.01063709417264,45.5,46.0,47.0,17.5,20.5,1.5,3.5,13.038404810405298,13.0,13.5,47.0,45.0,43.0,260.00192306981114,261.0,250.0,234.00213674238105
654,36,654,0,21.800000000000235,6.082762530298219,100.00499987500625,15.0,23.021728866442675,24.020824298928627,27.0,28.0,72.02777242147643,49.01020301937138,46.0,46.0,47.0,18.5,25.5,1.5,4.5,13.038404810405298,14.0,14.0,48.0,46.0,42.01190307520001,262.0,261.0,249.0020080240318,233.00214591286493
655,36,655,0,21.83333333333357,16.0312195418814,99.02019995940222,13.0,23.0,24.020824298928627,28.0,24.020824298928627,76.02631123499285,53.03772242470448,45.0,45.0,47.0,22.0,30.0,5.0,9.0,13.038404810405298,13.0,13.0,49.0,46.0,44.01136216933077,262.0,262.0019083899963,250.0079998720041,233.00214591286493
656,36,656,0,21.866666666666905,17.11724276862369,99.02019995940222,12.041594578792296,24.0,26.019223662515376,28.0178514522438,24.08318915758459,77.05841939723393,53.08483775994799,44.5,46.0,48.0,23.0,30.0,5.0,11.0,9.0,10.0,10.0,49.0,47.0,43.01162633521314,261.00766272276377,260.00192306981114,249.0020080240318,232.0086205294967
657,36,657,0,21.90000000000024,16.0312195418814,102.0196059588548,11.045361017187261,23.021728866442675,25.079872407968907,28.0,24.020824298928627,74.10802925459562,51.088159097779204,43.0,43.0,45.0,20.0,30.0,6.0,8.0,7.0,7.0710678118654755,7.0,50.0,48.0,43.01162633521314,263.00760445279906,261.0,248.0020161208372,234.00213674238105
658,36,658,0,21.93333333333357,18.110770276274835,104.01922899156675,11.045361017187261,24.0,27.018512172212592,29.017236257093817,25.079872407968907,78.16009211867653,54.230987451824994,45.0,43.0,45.0,19.0,34.0,9.0,8.0,8.06225774829855,9.055385138137417,8.5,49.0,46.0,44.01136216933077,262.0477055804916,262.01717500957835,251.0019920239678,234.00854685246006
659,36,659,0,21.96666666666691,18.027756377319946,104.00480758118829,11.045361017187261,24.020824298928627,27.018512172212592,30.0,25.019992006393608,78.10249675906654,54.08326913195984,45.0,44.0,45.0,19.5,33.5,8.5,8.5,7.0,8.06225774829855,7.5,49.0,46.0,43.01162633521314,264.06817301598466,262.0477055804916,250.0319979522621,234.03418553707064
660,36,660,0,22.000000000000245,18.027756377319946,103.00485425454472,11.045361017187261,24.020824298928627,27.018512172212592,30.0,26.019223662515376,79.1012010022604,55.08175741568164,46.0,45.0,46.0,19.5,33.5,8.5,8.5,7.0,8.06225774829855,8.0,49.0,46.0,45.0111097397076,262.0477055804916,262.03053257206494,250.0079998720041,234.01922997907673
661,36,661,0,22.03333333333358,19.1049731745428,104.00480758118829,10.0,24.0,27.018512172212592,30.0,26.076809620810597,79.1012010022604,55.14526271584895,45.5,44.0,45.0,18.5,34.5,9.5,8.5,9.0,10.0,9.5,50.0,46.0,44.01136216933077,263.0931394012394,263.04752422328556,250.0319979522621,234.01922997907673
662,36,662,0,22.066666666666915,20.09975124224178,102.00490184299969,11.0,23.0,27.073972741361768,30.01666203960727,25.019992006393608,79.05694150420949,56.08029957123981,46.0,44.0,45.0,19.5,34.5,10.5,8.5,12.041594578792296,12.0,12.0,50.0,45.0,42.01190307520001,263.0684321616716,262.0477055804916,251.01792764661252,234.01922997907673
663,36,663,0,22.10000000000025,20.024984394500787,103.00485425454472,10.04987562112089,23.0,26.019223662515376,30.0,25.019992006393608,78.05767098754612,55.08175741568164,45.0,43.0,44.0,18.5,34.5,10.5,8.5,12.041594578792296,12.0,12.0,50.0,45.0,43.01162633521314,263.04752422328556,263.0304164920856,251.01792764661252,235.00851048419503
664,36,664,0,22.133333333333585,20.024984394500787,103.01941564578979,11.0,23.021728866442675,27.073972741361768,30.0,25.079872407968907,79.1012010022604,56.08029957123981,46.0,43.0,45.0,19.0,35.0,10.0,8.0,13.038404810405298,13.0,13.0,51.0,46.0,42.04759208325728,263.04752422328556,262.03053257206494,251.03187048659777,234.03418553707064
665,36,665,0,22.16666666666692,18.110770276274835,102.0196059588548,11.045361017187261,23.0,27.073972741361768,31.0,24.0,76.05918747922567,53.08483775994799,44.0,42.0,44.0,19.0,33.0,9.0,8.0,13.038404810405298,13.0,13.5,50.0,45.0,42.01190307520001,264.09278672466615,263.04752422328556,251.03187048659777,234.05341270744162
666,36,666,0,22.20000000000025,17.11724276862369,101.01980003939822,11.0,23.0,27.018512172212592,29.017236257093817,24.08318915758459,75.1065909225016,52.15361924162119,43.5,41.0,43.0,18.0,33.0,8.0,8.0,14.035668847618199,14.0,14.0,51.0,46.0,42.04759208325728,264.12118430750684,263.04752422328556,250.0319979522621,233.01931250435015
667,36,667,0,22.23333333333359,17.11724276862369,102.0196059588548,11.045361017187261,22.0,26.076809620810597,30.0,24.020824298928627,74.10802925459562,52.15361924162119,43.5,41.0,43.0,18.0,32.0,9.0,7.0,14.142135623730951,14.0,14.5,50.0,45.0,42.01190307520001,264.06817301598466,263.0304164920856,250.0079998720041,234.01922997907673
668,36,668,0,22.266666666666925,16.0312195418814,101.01980003939822,11.045361017187261,22.02271554554524,26.076809620810597,29.0,23.08679276123039,72.17340230306452,50.15974481593781,42.0,40.0,42.0,18.0,31.0,8.0,7.0,14.142135623730951,15.0,15.0,51.0,44.0,41.012193308819754,264.12118430750684,263.0931394012394,250.0719896349849,233.0772404161333
669,36,669,0,22.30000000000026,15.033296378372908,100.0199980003999,11.045361017187261,21.02379604162864,27.018512172212592,30.01666203960727,24.08318915758459,71.17583859709698,50.15974481593781,42.5,40.0,42.0,17.0,30.0,6.0,7.0,14.035668847618199,14.0,14.0,51.0,44.0,42.04759208325728,263.1900454044567,261.1225765804252,248.0987706539474,234.10467744152402
670,36,670,0,22.333333333333595,16.1245154965971,100.07996802557443,11.045361017187261,21.02379604162864,27.073972741361768,29.017236257093817,24.020824298928627,72.17340230306452,51.15662224971465,43.0,40.0,44.0,18.0,30.0,7.0,7.0,14.035668847618199,14.0,14.0,50.0,43.0,42.1070065428546,263.32109676210905,262.2746651889961,249.24285345822858,232.26062946612367
671,36,671,0,22.36666666666693,16.1245154965971,99.08077512817509,10.0,21.0,27.073972741361768,29.017236257093817,25.179356624028344,72.17340230306452,51.24451190127583,43.0,40.0,44.0,17.0,30.0,7.0,7.0,14.142135623730951,15.0,15.0,51.0,44.0,43.04648650006177,262.32232081925474,261.23169792351007,249.20072231034965,233.21449354617735
672,36,672,0,22.400000000000265,19.1049731745428,99.08077512817509,11.0,22.02271554554524,27.073972741361768,30.01666203960727,24.08318915758459,76.16429609731846,54.147945482723536,44.5,41.0,45.0,19.0,33.0,9.0,8.0,14.142135623730951,15.0,14.5,52.0,44.0,41.10960958218893,263.3723599772763,261.3235542388018,248.2438317461282,231.26175645791503
673,36,673,0,22.4333333333336,19.1049731745428,99.18165152889924,10.04987562112089,22.02271554554524,26.076809620810597,30.01666203960727,24.08318915758459,75.23961722390672,53.23532661682466,43.5,39.0,45.0,18.0,33.0,9.0,8.0,15.033296378372908,15.0,14.5,51.0,43.0,41.048751503547585,261.3235542388018,260.27677575995904,248.29015284541592,233.36237914453991
674,36,674,0,22.46666666666693,14.142135623730951,100.17983829094555,11.045361017187261,21.02379604162864,26.076809620810597,29.068883707497267,23.08679276123039,69.26037828369117,48.25971404805462,41.0,37.0,43.0,17.0,29.0,6.0,6.0,14.142135623730951,15.0,15.0,52.0,43.0,40.049968789001575,260.43233286210835,260.37665025881256,248.34049206683954,233.36237914453991
675,36,675,0,22.50000000000027,13.152946437965905,98.2496819333274,10.04987562112089,21.02379604162864,27.16615541441225,29.068883707497267,23.194827009486403,67.36467917239716,46.389654018972806,39.5,36.0,43.0,16.5,27.5,4.5,5.5,15.132745950421556,16.0,16.0,52.0,44.0,41.10960958218893,261.37520922994975,259.3260495977988,248.39484696748443,232.48440807933767
676,36,676,0,22.533333333333605,10.198039027185569,97.25224933131366,11.045361017187261,22.02271554554524,26.1725046566048,29.017236257093817,23.194827009486403,66.37017402418047,44.40720662234904,39.0,37.0,44.0,17.5,25.5,1.5,5.5,15.132745950421556,15.0,15.0,52.0,43.0,42.04759208325728,260.49184248263896,260.49184248263896,248.45321491178174,232.42202993692314
677,36,677,0,22.56666666666694,10.198039027185569,95.33624704172071,11.045361017187261,22.02271554554524,26.1725046566048,29.017236257093817,23.194827009486403,66.37017402418047,44.40720662234904,39.0,36.0,44.0,17.0,26.0,1.0,5.0,15.132745950421556,15.0,15.0,53.0,44.0,40.11234224026316,260.49184248263896,259.43399931389104,247.34186867572583,230.3670983452281
678,36,678,0,22.600000000000275,10.198039027185569,94.26027795418386,11.180339887498949,23.021728866442675,27.16615541441225,29.068883707497267,22.090722034374522,66.37017402418047,43.41658669218482,38.0,36.0,43.0,17.5,26.5,0.5,5.5,15.132745950421556,14.0,14.5,52.0,43.0,41.048751503547585,260.49184248263896,260.43233286210835,247.39644298170498,230.3670983452281
679,36,679,0,22.63333333333361,13.152946437965905,95.33624704172071,11.045361017187261,23.021728866442675,28.160255680657446,30.066592756745816,22.20360331117452,69.35416353759881,46.389654018972806,39.5,37.0,45.0,19.0,28.0,2.0,7.0,16.1245154965971,15.0,15.5,53.0,43.0,42.1070065428546,260.43233286210835,260.43233286210835,248.39484696748443,233.42022191746798
680,36,680,0,22.666666666666945,17.029386365926403,96.33275663033837,11.045361017187261,23.021728866442675,27.073972741361768,31.064449134018133,22.20360331117452,73.24616030891995,50.24937810560445,41.5,38.0,46.0,20.0,31.0,5.0,9.0,16.1245154965971,15.0,15.0,53.0,43.0,42.1070065428546,261.37520922994975,260.43233286210835,247.34186867572583,230.3670983452281
681,36,681,0,22.70000000000028,19.1049731745428,98.2496819333274,11.0,23.021728866442675,27.16615541441225,31.064449134018133,22.360679774997898,75.32595834106593,52.3450093132096,42.5,40.0,47.0,21.5,31.5,5.5,9.5,16.1245154965971,16.0,16.0,53.0,44.0,42.190046219457976,261.37520922994975,260.43233286210835,247.39644298170498,230.4886114323222
682,36,682,0,22.73333333333361,20.09975124224178,96.25487000666512,11.0,23.021728866442675,27.073972741361768,30.01666203960727,23.194827009486403,77.23341245859851,54.230987451824994,44.0,41.0,48.0,21.5,32.5,6.5,10.5,16.1245154965971,16.0,16.0,53.0,44.0,42.1070065428546,260.49184248263896,260.37665025881256,247.39644298170498,229.36869882353173
683,36,683,0,22.76666666666695,13.152946437965905,94.33981132056604,11.0,24.020824298928627,25.179356624028344,28.071337695236398,26.076809620810597,74.16872656315464,50.15974481593781,43.5,40.0,48.0,18.0,30.0,4.0,6.0,15.132745950421556,15.0,15.5,53.0,43.0,43.104524124504614,260.49184248263896,260.49184248263896,247.45504642257754,230.4886114323222
684,36,684,0,22.800000000000285,3.1622776601683795,93.1933474020544,14.035668847618199,23.0,22.090722034374522,25.019992006393608,29.017236257093817,69.06518659932803,46.09772228646444,44.5,40.0,46.0,14.0,26.0,0.0,1.0,16.1245154965971,15.0,15.5,53.0,44.0,42.04759208325728,260.3247971285102,260.3247971285102,249.28898892650673,233.36237914453991
685,36,685,0,22.83333333333362,2.23606797749979,91.26883367283708,15.033296378372908,23.021728866442675,22.02271554554524,24.020824298928627,28.0,68.06614430096654,45.044422518220834,44.0,40.0,47.0,15.5,24.5,1.5,1.5,16.278820596099706,15.0,15.5,52.0,42.0,41.19465984809196,260.43233286210835,260.37665025881256,249.33912649241395,231.42385356743154
686,36,686,0,22.866666666666955,5.0990195135927845,87.36704184073076,15.033296378372908,26.019223662515376,22.090722034374522,24.08318915758459,26.019223662515376,72.11102550927978,46.09772228646444,43.5,41.0,49.0,19.0,27.0,2.0,4.0,16.278820596099706,16.0,16.0,52.0,42.0,41.10960958218893,260.49184248263896,260.49184248263896,247.45504642257754,230.4886114323222
687,36,687,0,22.90000000000029,14.035668847618199,82.29823813423954,14.035668847618199,26.019223662515376,22.090722034374522,25.079872407968907,24.08318915758459,78.16009211867653,52.15361924162119,45.0,44.0,51.0,23.5,30.5,2.5,9.5,16.1245154965971,16.0,16.0,53.0,43.0,44.10215414239989,261.3235542388018,260.3247971285102,247.34186867572583,229.36869882353173
688,36,688,0,22.933333333333625,21.02379604162864,81.2219182240853,13.038404810405298,26.019223662515376,22.090722034374522,26.019223662515376,24.08318915758459,84.1486779456457,58.137767414994535,47.5,47.0,53.0,26.0,34.0,5.0,13.0,16.1245154965971,16.0,16.0,53.0,44.0,42.1070065428546,261.48996156640504,260.43233286210835,247.39644298170498,227.43130831088317
689,36,689,0,22.96666666666696,23.021728866442675,82.21921916437786,12.041594578792296,27.018512172212592,22.02271554554524,26.019223662515376,23.021728866442675,85.09406559801923,58.077534382926416,46.5,48.0,54.0,28.0,34.0,5.0,16.0,16.1245154965971,16.0,16.0,53.0,44.0,41.10960958218893,260.49184248263896,260.43233286210835,246.3980519403512,227.43130831088317
690,36,690,0,23.00000000000029,22.02271554554524,82.21921916437786,13.038404810405298,26.019223662515376,22.090722034374522,26.019223662515376,23.194827009486403,84.2140130857092,58.215118311311535,47.0,47.0,53.0,27.0,34.0,6.0,14.0,17.11724276862369,17.0,17.0,53.0,44.0,43.104524124504614,261.37520922994975,260.3247971285102,246.24581214713075,228.31557108528537
691,36,691,0,23.03333333333363,22.090722034374522,86.20904824900923,12.0,26.019223662515376,25.019992006393608,28.0178514522438,23.08679276123039,83.15046602394962,57.14017850864661,46.0,47.0,53.0,27.0,33.0,5.0,15.0,17.11724276862369,16.0,16.0,53.0,44.0,42.1070065428546,263.4274093559742,260.43233286210835,247.34186867572583,228.31557108528537
692,36,692,0,23.066666666666965,17.11724276862369,89.27485648266257,12.0,24.020824298928627,24.08318915758459,27.073972741361768,23.194827009486403,76.23647421018367,52.23983154643591,43.5,44.0,51.0,24.5,28.5,2.5,12.5,17.11724276862369,17.0,17.0,53.0,44.0,41.048751503547585,264.48440407706465,261.43067914841214,248.39484696748443,230.4256930118688
693,36,693,0,23.1000000000003,12.165525060596439,94.26027795418386,12.0,23.021728866442675,25.179356624028344,27.073972741361768,23.08679276123039,70.178344238091,47.16990566028302,41.0,41.0,48.0,21.5,25.5,0.5,8.5,15.132745950421556,16.0,16.0,52.0,43.0,40.11234224026316,261.5530538915575,261.48996156640504,248.39484696748443,231.42385356743154
694,36,694,0,23.133333333333635,8.246211251235321,98.32598842625484,14.0,22.02271554554524,25.179356624028344,27.073972741361768,23.194827009486403,67.26812023536856,45.27692569068709,41.0,39.0,47.0,20.0,24.0,0.0,5.0,16.1245154965971,16.0312195418814,16.0,53.0,44.0,41.10960958218893,262.48809496813374,262.42903802742563,250.39169315294788,232.42202993692314
695,36,695,0,23.16666666666697,10.198039027185569,99.32270636667126,12.041594578792296,21.02379604162864,25.079872407968907,27.073972741361768,23.194827009486403,66.37017402418047,45.39823785126467,40.0,38.0,46.0,19.0,24.0,1.0,7.0,15.132745950421556,16.0,15.5,52.0,42.0,42.1070065428546,262.5509474368737,261.48996156640504,249.45139807184887,232.48440807933767
696,36,696,0,23.200000000000305,15.297058540778355,98.32598842625484,11.045361017187261,21.02379604162864,24.186773244895647,27.018512172212592,23.08679276123039,70.34912934784623,49.36598018878993,41.5,38.0,46.0,19.0,28.0,5.0,7.0,16.1245154965971,16.0312195418814,15.5,52.0,43.0,41.10960958218893,263.54885695066105,262.48809496813374,250.39169315294788,233.4823333787805
697,36,697,0,23.23333333333364,18.24828759089466,99.32270636667126,11.0,23.021728866442675,25.079872407968907,29.017236257093817,24.186773244895647,76.32168761236873,53.33854141237835,44.0,39.0,47.0,19.0,33.0,8.0,8.0,16.1245154965971,16.0312195418814,16.0,53.0,43.0,43.18564576337837,264.42579299304373,262.37377917772193,250.3377718203947,232.42202993692314
698,36,698,0,23.26666666666697,22.090722034374522,101.31633629380802,10.04987562112089,23.021728866442675,28.160255680657446,31.064449134018133,24.186773244895647,79.30952023559341,56.32051136131489,45.0,40.0,48.0,20.0,35.0,10.0,9.0,14.142135623730951,15.033296378372908,15.0,53.0,42.0,41.10960958218893,263.54885695066105,262.5509474368737,249.51352668743232,233.54871012274933
699,36,699,0,23.30000000000031,22.02271554554524,104.38869670610895,10.04987562112089,23.08679276123039,27.16615541441225,30.01666203960727,24.186773244895647,79.30952023559341,56.22277118748239,45.0,38.0,47.0,18.5,36.5,11.5,7.5,14.142135623730951,15.0,14.5,52.0,41.0,43.104524124504614,264.48440407706465,261.5530538915575,249.51352668743232,232.62201099638014
700,36,700,0,23.333333333333645,19.1049731745428,105.30432089900205,9.055385138137417,22.02271554554524,28.160255680657446,31.064449134018133,24.186773244895647,74.33034373659252,52.3450093132096,42.5,36.0,44.0,16.0,34.0,10.0,6.0,13.152946437965905,13.038404810405298,13.0,52.0,41.0,41.10960958218893,263.6152499382386,262.6175927084855,250.64716236175505,234.69128658729537
701,36,701,0,23.36666666666698,15.132745950421556,104.30723848324239,10.04987562112089,22.02271554554524,27.073972741361768,30.01666203960727,23.194827009486403,70.34912934784623,48.373546489791295,40.5,35.0,43.0,16.0,31.0,7.0,6.0,14.142135623730951,13.0,13.0,53.0,42.0,42.1070065428546,264.61292485439935,263.54885695066105,251.44780770569466,236.47621444872632
702,36,702,0,23.400000000000315,15.297058540778355,103.31021246711285,9.055385138137417,20.09975124224178,28.160255680657446,30.066592756745816,24.186773244895647,68.59300255857006,48.507731342539614,40.5,34.0,42.0,14.0,30.0,8.0,4.0,13.152946437965905,13.0,13.0,52.0,42.0,42.1070065428546,263.68541863364385,261.6199533674754,249.51352668743232,234.48027635602958
703,36,703,0,23.43333333333365,16.1245154965971,101.31633629380802,9.219544457292887,21.095023109728988,28.071337695236398,31.064449134018133,23.194827009486403,69.58448102845921,48.507731342539614,40.0,34.0,42.0,15.0,31.0,8.0,5.0,8.06225774829855,7.280109889280518,7.5,54.0,45.0,41.10960958218893,260.5551764981844,260.49184248263896,249.45139807184887,234.4184293096428
704,36,704,0,23.466666666666985,18.110770276274835,100.31948963187563,10.04987562112089,22.02271554554524,29.154759474226502,32.0624390837628,23.345235059857504,73.43704787094863,51.478150704935004,42.0,37.0,45.0,18.0,32.0,8.0,7.0,8.06225774829855,7.280109889280518,7.0,54.0,45.0,42.1070065428546,261.43067914841214,259.4937378820537,247.45504642257754,233.54871012274933
705,36,705,0,23.50000000000032,18.110770276274835,102.23991392797629,10.04987562112089,22.090722034374522,29.154759474226502,32.0624390837628,23.194827009486403,73.43704787094863,51.35172830587107,42.0,38.0,45.0,18.5,31.5,6.5,7.5,6.0,7.280109889280518,7.0,53.0,44.0,42.1070065428546,261.48996156640504,260.49184248263896,248.39484696748443,234.48027635602958
706,36,706,0,23.53333333333365,21.213203435596427,100.24470060806208,11.045361017187261,23.021728866442675,29.068883707497267,32.0624390837628,22.20360331117452,77.41446893184762,54.45181356024793,43.5,37.0,44.0,18.5,36.5,11.5,7.5,8.06225774829855,8.06225774829855,8.0,53.0,44.0,43.104524124504614,263.6152499382386,261.5530538915575,250.44959572736389,234.48027635602958
707,36,707,0,23.56666666666699,20.09975124224178,100.17983829094555,10.04987562112089,23.08679276123039,29.068883707497267,33.06055050963308,24.186773244895647,77.41446893184762,54.3323108288245,44.0,40.0,46.0,19.0,34.0,9.0,9.0,10.04987562112089,10.04987562112089,10.0,52.0,43.0,43.18564576337837,261.5530538915575,260.49184248263896,248.45321491178174,232.48440807933767
708,36,708,0,23.600000000000325,21.095023109728988,101.17806086301516,9.055385138137417,22.02271554554524,27.073972741361768,30.01666203960727,23.194827009486403,75.32595834106593,53.33854141237835,42.5,39.0,45.0,19.0,33.0,9.0,9.0,12.041594578792296,12.0,12.0,52.0,43.0,42.04759208325728,262.48809496813374,261.48996156640504,249.39326374222702,233.42022191746798
709,36,709,0,23.63333333333366,23.08679276123039,101.17806086301516,10.04987562112089,22.090722034374522,29.068883707497267,32.01562118716424,23.194827009486403,78.40918313565064,56.32051136131489,44.5,40.0,46.0,20.0,35.0,10.0,9.0,14.035668847618199,14.0,14.0,52.0,43.0,43.104524124504614,262.42903802742563,260.37665025881256,247.34186867572583,232.31013753170566
710,36,710,0,23.666666666666995,21.095023109728988,101.17806086301516,10.04987562112089,23.08679276123039,28.071337695236398,31.064449134018133,23.194827009486403,77.41446893184762,54.3323108288245,43.5,40.0,46.0,20.0,34.0,9.0,9.0,13.152946437965905,14.0,13.5,52.0,44.0,42.04759208325728,262.32232081925474,261.27571643763605,249.24285345822858,232.26062946612367
711,36,711,0,23.70000000000033,23.194827009486403,101.1236866416568,10.0,23.021728866442675,28.071337695236398,31.016124838541646,22.20360331117452,78.31347265956222,55.326304774492215,43.5,39.0,44.0,19.5,36.5,11.5,9.5,14.035668847618199,14.035668847618199,14.0,50.0,43.0,41.012193308819754,262.32232081925474,261.27571643763605,249.1625975141534,232.2154172315008
712,36,712,0,23.733333333333665,22.090722034374522,100.12492197250393,9.055385138137417,24.020824298928627,28.071337695236398,31.0,22.20360331117452,77.31752712031083,53.33854141237835,42.0,40.0,45.0,20.5,34.5,8.5,10.5,14.142135623730951,14.0,14.5,52.0,44.0,42.04759208325728,261.37520922994975,261.27571643763605,248.20153101864622,232.2154172315008
713,36,713,0,23.766666666667,23.08679276123039,97.18538984847466,9.055385138137417,23.021728866442675,28.160255680657446,31.016124838541646,21.213203435596427,76.32168761236873,53.33854141237835,41.5,40.0,46.0,22.0,33.0,7.0,12.0,14.142135623730951,14.0,14.0,51.0,44.0,42.04759208325728,261.23169792351007,260.2325882744127,248.16325271885037,229.17678765529462
714,36,714,0,23.80000000000033,19.1049731745428,94.13288479590966,10.0,24.020824298928627,28.0178514522438,31.016124838541646,20.396078054371138,73.33484846919642,49.36598018878993,39.5,40.0,45.0,22.5,30.5,4.5,12.5,15.132745950421556,15.0,15.0,51.0,44.0,42.01190307520001,262.2746651889961,260.1922366251537,247.12952069714376,229.13969538253298
715,36,715,0,23.83333333333367,14.142135623730951,90.13878188659973,12.041594578792296,24.0,28.071337695236398,31.016124838541646,19.4164878389476,69.35416353759881,45.5411901469428,38.0,38.0,43.0,21.5,28.5,1.5,9.5,15.132745950421556,15.033296378372908,14.5,49.0,44.0,42.01190307520001,262.23081436017395,259.15632348063593,246.0995733437992,228.1074308302998
716,36,716,0,23.866666666667005,15.132745950421556,91.13725912051558,11.045361017187261,25.019992006393608,28.071337695236398,31.016124838541646,19.235384061671343,70.34912934784623,45.39823785126467,37.5,38.0,43.0,21.5,29.5,1.5,10.5,15.033296378372908,14.035668847618199,15.0,50.0,45.0,43.01162633521314,261.15512631384433,260.09421369957465,246.03251817595168,229.05457864884517
717,36,717,0,23.90000000000034,14.035668847618199,91.19758768739445,13.038404810405298,25.019992006393608,28.0178514522438,30.01666203960727,19.4164878389476,71.34423592694787,46.389654018972806,39.0,39.0,45.0,23.0,29.0,2.0,11.0,15.033296378372908,15.033296378372908,15.0,49.0,45.0,44.01136216933077,261.19150062741323,260.1230478062257,247.09917037497314,229.10696191953662
718,36,718,0,23.933333333333675,16.1245154965971,95.13148795220224,12.041594578792296,25.019992006393608,28.071337695236398,31.016124838541646,21.213203435596427,74.33034373659252,49.36598018878993,41.0,40.0,45.0,21.5,31.5,4.5,9.5,14.142135623730951,15.033296378372908,15.0,49.0,45.0,44.01136216933077,260.1922366251537,260.1230478062257,249.07227866625382,230.07824755939012
719,36,719,0,23.96666666666701,18.110770276274835,96.08329719571451,12.0,24.020824298928627,27.073972741361768,30.066592756745816,21.213203435596427,75.23961722390672,51.24451190127583,42.0,41.0,45.0,22.0,32.0,6.0,10.0,15.132745950421556,16.0312195418814,15.5,49.0,44.0,43.01162633521314,262.15453457836657,260.09421369957465,247.07286374670934,229.13969538253298
720,36,720,0,24.000000000000345,18.110770276274835,96.18731725128839,11.0,24.020824298928627,27.073972741361768,31.016124838541646,22.20360331117452,75.23961722390672,51.24451190127583,42.0,40.0,46.0,21.0,32.0,6.0,10.0,15.132745950421556,16.0312195418814,15.5,49.0,44.0,43.04648650006177,260.155722597063,261.0938528575501,248.0987706539474,230.17601960239037
721,36,721,0,24.03333333333368,21.095023109728988,95.04735661763561,10.0,23.021728866442675,27.018512172212592,30.0,22.20360331117452,76.23647421018367,53.23532661682466,42.5,42.0,45.0,21.5,32.5,7.5,11.5,15.132745950421556,16.0,16.0,49.0,45.0,43.01162633521314,261.23169792351007,261.15512631384433,247.12952069714376,229.10696191953662
722,36,722,0,24.06666666666701,22.090722034374522,96.04686356149273,11.045361017187261,23.021728866442675,28.071337695236398,31.0,22.20360331117452,78.31347265956222,55.326304774492215,44.0,43.0,46.0,22.5,33.5,8.5,11.5,15.132745950421556,16.0312195418814,16.0,48.0,44.0,44.04543109109048,260.1922366251537,259.12352266824405,246.0995733437992,229.0785891348207
723,36,723,0,24.10000000000035,22.090722034374522,96.08329719571451,11.045361017187261,24.0,26.076809620810597,30.01666203960727,22.20360331117452,79.22752047110903,55.326304774492215,44.0,42.0,46.0,22.0,35.0,9.0,11.0,15.132745950421556,15.033296378372908,15.0,49.0,44.0,43.04648650006177,262.1221089492453,260.06922155457,247.07286374670934,229.05457864884517
724,36,724,0,24.133333333333685,21.02379604162864,97.04638066409278,11.045361017187261,23.021728866442675,27.073972741361768,30.01666203960727,22.20360331117452,77.23341245859851,54.230987451824994,43.5,42.0,45.0,21.5,33.5,8.5,10.5,15.132745950421556,16.0312195418814,15.5,48.0,44.0,44.01136216933077,260.1230478062257,259.09457732650446,247.05060210410335,230.05434140654683
725,36,725,0,24.16666666666702,22.090722034374522,96.08329719571451,10.0,23.021728866442675,27.073972741361768,30.01666203960727,22.20360331117452,77.23341245859851,54.230987451824994,43.0,41.0,45.0,21.0,34.0,9.0,11.0,16.1245154965971,16.0,16.0,49.0,45.0,43.01162633521314,260.09421369957465,259.09457732650446,247.07286374670934,229.0785891348207
726,36,726,0,24.200000000000355,22.090722034374522,96.04686356149273,10.04987562112089,23.021728866442675,28.071337695236398,30.01666203960727,22.090722034374522,77.23341245859851,54.230987451824994,43.0,42.0,45.0,21.5,33.5,8.5,11.5,15.033296378372908,16.0,15.5,49.0,44.0,43.04648650006177,260.1230478062257,260.06922155457,248.05039810490126,230.07824755939012
727,36,727,0,24.23333333333369,23.08679276123039,96.04686356149273,10.0,23.021728866442675,27.073972741361768,30.0,22.20360331117452,78.23042886243178,55.226805085936306,43.5,43.0,46.0,22.5,33.5,8.5,11.5,15.132745950421556,15.0,15.5,49.0,44.0,44.04543109109048,262.15453457836657,260.09421369957465,247.07286374670934,229.05457864884517
728,36,728,0,24.266666666667025,22.090722034374522,96.08329719571451,10.0,23.021728866442675,27.073972741361768,30.0,22.20360331117452,77.23341245859851,54.230987451824994,43.0,43.0,47.0,23.0,32.0,7.0,13.0,15.132745950421556,15.033296378372908,15.0,49.0,44.0,42.1070065428546,261.1225765804252,261.1225765804252,248.0987706539474,229.10696191953662
729,36,729,0,24.30000000000036,23.08679276123039,95.04735661763561,10.04987562112089,24.0,26.019223662515376,29.0,23.194827009486403,80.22468448052632,56.32051136131489,44.5,45.0,48.0,23.5,33.5,7.5,13.5,15.033296378372908,16.0,15.5,49.0,44.0,42.01190307520001,262.23081436017395,260.155722597063,247.09917037497314,229.0785891348207
730,36,730,0,24.33333333333369,27.073972741361768,94.08506789071261,9.0,23.021728866442675,26.076809620810597,29.017236257093817,22.20360331117452,81.2219182240853,58.215118311311535,44.5,45.0,49.0,25.0,34.0,9.0,15.0,16.0312195418814,16.0312195418814,16.0,49.0,44.0,42.01190307520001,261.1225765804252,261.0689564080724,248.07257002740147,231.07790893982056
731,36,731,0,24.36666666666703,28.071337695236398,92.04890004774636,10.0,25.0,27.073972741361768,29.0,22.090722034374522,85.09406559801923,60.13318551349163,46.0,47.0,50.0,26.5,36.5,10.5,15.5,15.132745950421556,16.0312195418814,15.5,50.0,44.0,43.01162633521314,261.15512631384433,261.0938528575501,247.05060210410335,229.10696191953662
732,36,732,0,24.400000000000365,29.017236257093817,90.0499861188218,11.0,26.019223662515376,26.076809620810597,29.017236257093817,22.20360331117452,88.14193099768123,62.12889826803627,47.5,49.0,52.0,28.5,37.5,10.5,16.5,15.033296378372908,15.0,15.0,49.0,44.0,42.04759208325728,262.15453457836657,261.1225765804252,247.12952069714376,228.17756243767704
733,36,733,0,24.4333333333337,32.0624390837628,90.0499861188218,12.0,25.0,25.019992006393608,29.0,22.20360331117452,91.13725912051558,66.18912297349165,50.0,51.0,54.0,30.5,38.5,11.5,18.5,15.033296378372908,16.0,15.5,50.0,45.0,43.01162633521314,261.0938528575501,260.0480724789169,247.05060210410335,228.0548179714693
734,36,734,0,24.466666666667034,30.01666203960727,88.05112151472007,13.038404810405298,27.0,24.020824298928627,29.0,22.02271554554524,92.04890004774636,65.06919393998976,50.0,51.0,54.0,30.5,39.5,10.5,17.5,15.132745950421556,15.0,15.5,50.0,45.0,44.04543109109048,261.0938528575501,260.0480724789169,247.01821795163207,230.0195643852931
735,36,735,0,24.50000000000037,29.017236257093817,85.05292469985967,14.035668847618199,27.0,24.020824298928627,27.0,23.021728866442675,93.04837451562494,66.06814663663572,51.5,52.0,55.0,30.5,39.5,10.5,16.5,15.033296378372908,15.0,15.5,50.0,46.0,44.0,261.03064954139006,261.01724080987447,248.0020161208372,230.0021739027699
736,36,736,0,24.533333333333704,27.018512172212592,87.02298546935747,15.0,27.0,23.021728866442675,27.0,22.02271554554524,91.02197536858887,64.03124237432849,50.5,52.0,54.0,31.0,38.0,9.0,16.0,14.035668847618199,15.033296378372908,15.0,49.0,46.0,45.0111097397076,260.0076921939041,261.0019157017818,250.0,230.0021739027699
737,36,737,0,24.56666666666704,23.021728866442675,86.00581375697809,15.0,26.0,23.0,26.0,23.021728866442675,87.02298546935747,61.032778078668514,49.5,51.0,52.0,28.5,35.5,7.5,14.5,14.035668847618199,15.033296378372908,15.0,49.0,47.0,44.0,260.00192306981114,261.0019157017818,248.0020161208372,230.0021739027699
738,36,738,0,24.60000000000037,19.026297590440446,89.00561780022652,14.0,26.0,23.021728866442675,26.0,23.021728866442675,82.02438661763951,56.0357029044876,46.5,49.0,50.0,26.5,32.5,4.5,12.5,15.033296378372908,15.0,15.0,48.0,47.0,44.0,260.0076921939041,261.0,249.0020080240318,231.00216449202375
739,36,739,0,24.63333333333371,12.0,91.0,15.033296378372908,26.0,23.021728866442675,25.019992006393608,23.0,76.00657866263946,50.00999900019995,44.0,47.0,47.0,24.0,29.0,2.0,9.0,14.035668847618199,15.033296378372908,15.0,47.0,46.0,42.0,260.0173071162764,262.0019083899963,249.0,232.0021551624036
740,36,740,0,24.666666666667044,8.0,92.0,17.0,25.0,23.0,25.019992006393608,22.02271554554524,72.00694410957877,47.01063709417264,43.0,45.0,45.0,23.0,27.0,1.0,7.0,13.038404810405298,15.033296378372908,14.5,48.0,47.0,42.0,261.0019157017818,261.01724080987447,249.0180716333656,231.01947969814148
741,36,741,0,24.70000000000038,10.04987562112089,93.0,15.0,25.0,23.021728866442675,26.0,22.02271554554524,72.02777242147643,47.042533945356304,42.0,45.0,45.0,23.0,27.0,1.0,8.0,14.035668847618199,14.035668847618199,14.5,47.0,46.0,43.0,262.00763347658403,261.01724080987447,249.0321264415497,230.05434140654683
742,36,742,0,24.733333333333714,13.0,94.00531899844816,13.0,25.0,23.0,26.076809620810597,22.090722034374522,73.02739212103907,48.041648597857254,41.5,46.0,45.0,23.5,27.5,1.5,10.5,14.035668847618199,14.035668847618199,14.0,46.0,46.0,42.04759208325728,260.00192306981114,260.0173071162764,249.0180716333656,231.01947969814148
743,36,743,0,24.76666666666705,15.033296378372908,92.00543462209176,14.0,25.0,22.0,25.019992006393608,24.020824298928627,78.0,53.0,45.5,48.0,47.0,23.5,30.5,4.5,10.5,14.0,15.033296378372908,14.5,46.0,47.0,43.04648650006177,260.0173071162764,260.0307674103201,248.05039810490126,231.03462943896528
744,36,744,0,24.800000000000384,8.06225774829855,91.02197536858887,15.033296378372908,26.0,22.02271554554524,24.08318915758459,30.0,79.0,53.0,49.0,49.0,47.0,18.0,31.0,4.0,5.0,14.0,15.033296378372908,15.0,46.0,46.0,42.01190307520001,262.01717500957835,261.01724080987447,250.01799935204664,232.0086205294967
745,36,745,0,24.83333333333372,1.4142135623730951,97.0051545022222,15.0,22.0,23.021728866442675,25.019992006393608,29.0,67.00746227100382,45.0111097397076,44.5,43.0,42.0,13.5,24.5,1.5,0.5,14.035668847618199,14.0,14.0,45.0,47.0,43.04648650006177,260.0307674103201,260.0307674103201,250.04999500099976,234.03418553707064
746,36,746,0,24.86666666666705,2.23606797749979,96.00520819205592,15.0,21.0,23.0,25.019992006393608,29.017236257093817,67.02984409947557,46.04345773288535,45.0,43.0,42.0,13.5,24.5,1.5,0.5,14.035668847618199,14.0,14.5,43.0,46.0,44.04543109109048,260.0173071162764,261.03064954139006,250.0319979522621,233.01931250435015
747,36,747,0,24.90000000000039,3.1622776601683795,100.0199980003999,14.0,22.0,25.019992006393608,27.018512172212592,27.018512172212592,66.03029607687671,44.04543109109048,42.5,42.0,40.0,14.0,25.0,2.0,2.0,14.035668847618199,14.0,14.0,45.0,47.0,41.048751503547585,262.0477055804916,262.0686932847951,250.09798079952586,234.05341270744162
748,36,748,0,24.933333333333724,13.038404810405298,101.01980003939822,11.045361017187261,21.0,26.0,28.0178514522438,24.08318915758459,69.02897942168927,48.041648597857254,41.5,42.0,40.0,17.0,28.0,5.0,7.0,14.035668847618199,14.035668847618199,14.0,43.0,46.0,43.04648650006177,264.12118430750684,262.1221089492453,250.1619475459847,234.07691043757393
749,36,749,0,24.96666666666706,15.033296378372908,102.0196059588548,11.0,23.0,27.0,30.01666203960727,23.0,72.00694410957877,49.01020301937138,41.5,42.0,40.0,18.0,31.0,7.0,8.0,13.038404810405298,13.0,13.5,44.0,47.0,44.04543109109048,261.0938528575501,261.1225765804252,249.20072231034965,233.173754955398
750,36,750,0,25.000000000000394,16.0312195418814,102.0196059588548,10.0,22.0,27.0,31.016124838541646,24.020824298928627,72.02777242147643,50.039984012787215,42.0,42.0,40.0,17.0,31.0,7.0,8.0,15.033296378372908,15.033296378372908,14.5,44.0,47.0,43.04648650006177,262.0934947685654,262.1221089492453,249.1625975141534,234.10467744152402
751,36,751,0,25.03333333333373,17.029386365926403,102.0196059588548,10.0,23.021728866442675,28.0,31.016124838541646,24.08318915758459,74.02702209328699,51.088159097779204,42.5,44.0,42.0,19.0,31.0,7.0,10.0,14.035668847618199,14.035668847618199,14.0,44.0,48.0,44.04543109109048,261.1225765804252,261.15512631384433,249.1625975141534,232.17450333746814
752,36,752,0,25.066666666667064,27.018512172212592,99.02019995940222,10.0,25.0,28.0,32.01562118716424,23.08679276123039,85.05292469985967,60.07495318350236,46.5,47.0,45.0,23.0,39.0,13.0,13.0,14.035668847618199,14.035668847618199,14.0,43.0,47.0,41.048751503547585,262.1221089492453,261.19150062741323,248.2438317461282,230.21728866442677
753,36,753,0,25.1000000000004,36.013886210738214,96.02083107326243,10.0,25.0,28.0178514522438,32.01562118716424,23.08679276123039,94.04786015641186,69.06518659932803,51.0,50.0,48.0,26.0,45.0,19.0,16.0,15.033296378372908,15.132745950421556,14.5,44.0,49.0,45.044422518220834,262.1221089492453,262.15453457836657,249.1625975141534,230.10649708341572
754,36,754,0,25.13333333333373,37.013511046643494,96.04686356149273,10.0,24.0,27.0,31.064449134018133,22.02271554554524,93.02150289046077,69.02897942168927,50.5,49.0,46.0,25.5,45.5,20.5,15.5,14.035668847618199,15.033296378372908,15.0,45.0,50.0,43.04648650006177,263.1900454044567,261.15512631384433,248.20153101864622,227.17834403833479
755,36,755,0,25.16666666666707,32.01562118716424,97.04638066409278,9.0,23.0,28.0,31.016124838541646,23.08679276123039,87.05170877128145,64.07027391856539,48.0,47.0,44.0,22.5,41.5,17.5,13.5,15.033296378372908,14.035668847618199,14.5,44.0,49.0,42.04759208325728,263.2299375071156,263.2299375071156,248.29015284541592,230.2628932329306
756,36,756,0,25.200000000000404,24.020824298928627,97.02061636580135,11.045361017187261,24.0,28.0,31.016124838541646,22.090722034374522,81.02468759581859,57.0350769263968,45.0,44.0,42.0,21.0,38.0,12.0,11.0,15.033296378372908,15.033296378372908,15.0,45.0,50.0,43.04648650006177,263.1900454044567,262.23081436017395,249.24285345822858,229.21823662178366
757,36,757,0,25.23333333333374,22.0,97.02061636580135,10.0,22.0,28.0,32.01562118716424,23.021728866442675,77.00649323271382,55.00909015790027,44.0,42.0,40.0,18.0,36.0,12.0,9.0,14.035668847618199,14.142135623730951,14.0,44.0,49.0,44.04543109109048,262.1907702418222,261.15512631384433,248.12899870833317,231.10603626906848
758,36,758,0,25.266666666667074,20.024984394500787,99.02019995940222,11.0,22.02271554554524,29.017236257093817,32.01562118716424,23.021728866442675,76.00657866263946,54.037024344425184,44.0,41.0,39.0,17.0,36.0,12.0,7.0,13.0,14.142135623730951,14.5,44.0,49.0,43.04648650006177,263.2299375071156,262.2746651889961,251.24092023394596,232.2154172315008
759,36,759,0,25.30000000000041,18.027756377319946,100.0199980003999,11.045361017187261,23.0,28.0178514522438,32.01562118716424,23.021728866442675,75.0066663703967,52.009614495783374,43.0,40.0,38.0,16.0,36.0,12.0,6.0,14.0,15.033296378372908,15.0,44.0,49.0,41.012193308819754,263.1216448717209,263.1539473388153,250.2418829852429,233.21449354617735
760,36,760,0,25.333333333333744,16.0,101.01980003939822,11.0,22.0,27.0,30.01666203960727,22.02271554554524,71.00704190430693,49.01020301937138,41.0,38.0,36.0,15.0,34.0,11.0,5.0,14.035668847618199,14.035668847618199,14.5,44.0,49.0,43.01162633521314,263.1539473388153,262.15453457836657,251.127457678367,235.10423220350586
761,36,761,0,25.36666666666708,17.029386365926403,101.01980003939822,10.0,22.02271554554524,27.0,31.016124838541646,23.021728866442675,72.00694410957877,50.039984012787215,41.5,39.0,37.0,15.0,34.0,10.0,6.0,13.038404810405298,14.035668847618199,14.0,44.0,49.0,44.01136216933077,264.15336454416024,263.1216448717209,252.1606630701942,235.10423220350586
762,36,762,0,25.40000000000041,16.0312195418814,102.0196059588548,10.0,21.0,28.0,31.016124838541646,22.02271554554524,69.02897942168927,48.041648597857254,40.0,37.0,35.0,14.0,33.0,10.0,5.0,15.033296378372908,14.035668847618199,14.5,46.0,49.0,44.01136216933077,264.12118430750684,263.1216448717209,252.1269521491108,235.07658326596462
763,36,763,0,25.43333333333375,12.041594578792296,102.04410811016969,10.0,22.0,28.0,31.016124838541646,23.021728866442675,67.02984409947557,45.044422518220834,39.0,37.0,34.0,12.5,31.5,8.5,3.5,14.0,14.035668847618199,14.5,44.0,49.0,42.04759208325728,263.1900454044567,263.1900454044567,253.16002844051033,237.1349826575573
764,36,764,0,25.466666666667084,13.152946437965905,103.00485425454472,10.04987562112089,21.0,27.0,31.064449134018133,23.021728866442675,67.02984409947557,46.04345773288535,39.5,36.0,35.0,12.5,31.5,8.5,3.5,14.035668847618199,14.035668847618199,14.0,45.0,49.0,43.01162633521314,263.1539473388153,263.1539473388153,252.1606630701942,236.10379073619296
765,36,765,0,25.50000000000042,11.180339887498949,102.0196059588548,11.045361017187261,21.0,28.0,31.016124838541646,23.021728866442675,66.03029607687671,45.044422518220834,39.5,36.0,34.0,12.0,31.0,9.0,3.0,14.0,14.035668847618199,14.5,44.0,48.0,42.04759208325728,264.12118430750684,263.1216448717209,251.127457678367,235.10423220350586
766,36,766,0,25.53333333333376,14.142135623730951,103.01941564578979,10.04987562112089,22.02271554554524,27.018512172212592,30.01666203960727,23.08679276123039,69.02897942168927,47.095647357266465,40.0,37.0,35.0,13.0,33.0,10.0,3.0,15.033296378372908,15.033296378372908,15.5,44.0,48.0,42.01190307520001,264.15336454416024,263.1539473388153,251.19912420229494,234.13671220037236
767,36,767,0,25.56666666666709,16.0312195418814,99.04544411531506,10.0,21.0,26.0,29.017236257093817,22.0,69.00724599634447,48.010415536631214,40.0,38.0,35.0,14.5,32.5,9.5,5.5,14.035668847618199,14.142135623730951,14.0,44.0,49.0,42.04759208325728,263.1216448717209,263.1539473388153,252.23996511258878,235.2126697267815
768,36,768,0,25.600000000000424,17.029386365926403,100.0199980003999,9.0,22.0,26.019223662515376,29.017236257093817,22.02271554554524,70.02856560004639,48.041648597857254,39.5,38.0,36.0,15.0,33.0,10.0,6.0,14.0,14.035668847618199,14.0,44.0,49.0,42.04759208325728,263.1216448717209,263.1539473388153,252.1606630701942,233.13729860320507
769,36,769,0,25.63333333333376,17.029386365926403,99.00505037623081,10.0,22.0,26.019223662515376,29.017236257093817,22.02271554554524,71.02816342831905,49.040799340956916,40.5,38.0,37.0,15.5,33.5,9.5,6.5,14.035668847618199,14.142135623730951,14.5,44.0,49.0,42.04759208325728,263.0931394012394,264.12118430750684,252.0972034751675,235.10423220350586
770,36,770,0,25.66666666666709,18.110770276274835,98.02040603874276,9.055385138137417,21.02379604162864,26.0,29.017236257093817,22.02271554554524,70.00714249274856,49.040799340956916,40.0,39.0,37.0,16.0,32.0,10.0,8.0,15.033296378372908,15.033296378372908,15.0,43.0,48.0,43.04648650006177,263.2299375071156,263.2299375071156,250.2418829852429,233.21449354617735
771,36,771,0,25.70000000000043,11.045361017187261,93.00537618869137,11.045361017187261,23.021728866442675,23.021728866442675,26.019223662515376,26.019223662515376,71.0,48.010415536631214,42.5,42.0,41.0,15.5,29.5,4.5,5.5,15.033296378372908,15.033296378372908,15.0,44.0,49.0,43.04648650006177,262.23081436017395,263.2299375071156,250.19992006393608,232.13789005675054
772,36,772,0,25.733333333333764,11.045361017187261,94.02127418834527,12.0,23.021728866442675,23.021728866442675,26.019223662515376,24.0,70.0,47.01063709417264,41.5,42.0,40.0,17.0,29.0,5.0,5.0,15.0,15.033296378372908,15.0,44.0,50.0,43.04648650006177,261.27571643763605,262.2746651889961,250.28783430282823,232.2154172315008
773,36,773,0,25.7666666666671,9.055385138137417,92.04890004774636,13.038404810405298,23.0,23.0,26.019223662515376,25.0,70.0,47.0,42.5,44.0,41.0,17.5,27.5,2.5,5.5,15.033296378372908,15.132745950421556,15.0,45.0,49.0,42.04759208325728,262.1907702418222,262.1907702418222,249.20072231034965,231.21634890292685
774,36,774,0,25.80000000000044,14.035668847618199,91.00549433962765,12.0,23.021728866442675,24.0,27.0,25.019992006393608,74.00675644831355,51.0,44.0,44.0,43.0,18.5,30.5,5.5,7.5,15.033296378372908,15.033296378372908,14.5,45.0,49.0,43.01162633521314,262.0686932847951,262.0934947685654,249.09837414162303,230.07824755939012
775,36,775,0,25.83333333333377,17.11724276862369,90.00555538409837,12.0,23.021728866442675,24.020824298928627,27.0,25.0,77.00649323271382,54.037024344425184,45.5,46.0,45.0,20.5,31.5,6.5,9.5,10.04987562112089,10.0,10.0,47.0,50.0,42.01190307520001,262.0686932847951,261.0938528575501,248.12899870833317,231.10603626906848
776,36,776,0,25.866666666667104,16.0312195418814,90.0222194794152,13.0,23.0,24.0,27.018512172212592,25.0,77.00649323271382,54.00925846556311,46.0,47.0,45.0,21.0,31.0,6.0,9.0,10.04987562112089,10.04987562112089,10.0,47.0,50.0,43.01162633521314,263.0684321616716,260.06922155457,249.07227866625382,231.07790893982056
777,36,777,0,25.90000000000044,17.029386365926403,91.0,12.0,22.0,24.0,28.0,24.020824298928627,75.02666192761077,53.03772242470448,44.5,46.0,46.0,22.0,29.0,5.0,10.0,8.06225774829855,9.055385138137417,9.0,49.0,51.0,43.01162633521314,262.01717500957835,261.01724080987447,250.0319979522621,233.01931250435015
778,36,778,0,25.93333333333377,10.198039027185569,95.00526301210897,12.0,23.0,25.019992006393608,28.0,24.020824298928627,69.06518659932803,46.09772228646444,41.0,42.0,43.0,18.5,26.5,2.5,6.5,8.0,8.06225774829855,8.5,49.0,50.0,40.01249804748511,261.01724080987447,260.0076921939041,249.0180716333656,233.00214591286493
779,36,779,0,25.96666666666711,7.280109889280518,98.02040603874276,13.0,22.0,27.018512172212592,29.017236257093817,22.02271554554524,64.07027391856539,42.1070065428546,38.5,38.0,40.0,17.0,25.0,1.0,5.0,7.0710678118654755,7.0,7.0,48.0,48.0,43.0,262.0,261.0,250.0,236.00211863455803
780,36,780,0,26.000000000000444,8.246211251235321,98.02040603874276,12.0,22.0,26.019223662515376,28.0,23.08679276123039,65.12296062065974,43.18564576337837,39.0,38.0,40.0,16.0,26.0,2.0,4.0,7.0,7.0,7.0,48.0,48.0,44.0,262.0019083899963,262.0019083899963,251.0019920239678,235.0
781,36,781,0,26.03333333333378,5.385164807134504,99.02019995940222,13.0,24.0,27.018512172212592,29.0,23.08679276123039,65.12296062065974,41.19465984809196,38.5,37.0,39.0,15.0,27.0,2.0,2.0,7.0,7.0710678118654755,7.0,48.0,47.0,43.01162633521314,262.01717500957835,262.00763347658403,251.0019920239678,236.00211863455803
782,36,782,0,26.06666666666712,10.04987562112089,100.04498987955368,11.045361017187261,22.02271554554524,26.019223662515376,28.0,23.08679276123039,66.18912297349165,44.181444068749045,39.0,36.0,39.0,14.5,28.5,4.5,3.5,9.0,10.04987562112089,10.0,48.0,46.0,41.048751503547585,264.09278672466615,262.0686932847951,251.04979585731593,235.05318547086316
783,36,783,0,26.10000000000045,12.165525060596439,102.12247548899312,11.0,22.02271554554524,27.073972741361768,30.01666203960727,23.08679276123039,68.18357573492314,46.17358552246078,40.0,35.0,40.0,14.5,30.5,6.5,3.5,10.0,11.045361017187261,10.5,49.0,44.0,41.012193308819754,264.09278672466615,262.0686932847951,250.04999500099976,235.05318547086316
784,36,784,0,26.133333333333784,18.110770276274835,100.17983829094555,11.045361017187261,23.021728866442675,26.076809620810597,30.01666203960727,23.08679276123039,75.23961722390672,52.23983154643591,43.0,38.0,44.0,18.0,34.0,8.0,7.0,11.045361017187261,11.045361017187261,11.0,49.0,43.0,43.04648650006177,263.1539473388153,262.15453457836657,251.09759058979438,234.13671220037236
785,36,785,0,26.16666666666712,23.08679276123039,100.24470060806208,10.0,24.08318915758459,28.160255680657446,31.064449134018133,24.331050121192877,81.39410298049853,57.3149195236284,45.5,40.0,47.0,19.5,37.5,10.5,8.5,13.152946437965905,13.0,13.0,50.0,43.0,42.04759208325728,263.2299375071156,261.27571643763605,250.2418829852429,233.36237914453991
786,36,786,0,26.20000000000045,22.090722034374522,101.24228365658294,10.04987562112089,24.020824298928627,28.160255680657446,31.064449134018133,23.345235059857504,79.40403012442127,55.44366510251645,44.0,38.0,45.0,18.5,37.5,11.5,7.5,14.142135623730951,13.038404810405298,13.0,52.0,44.0,41.048751503547585,264.42579299304373,263.4274093559742,251.44780770569466,234.48027635602958
787,36,787,0,26.23333333333379,19.1049731745428,101.31633629380802,10.04987562112089,24.020824298928627,28.160255680657446,31.064449134018133,23.194827009486403,76.32168761236873,52.3450093132096,42.5,37.0,45.0,18.0,35.0,9.0,7.0,14.142135623730951,14.035668847618199,14.5,51.0,42.0,41.048751503547585,263.3723599772763,262.42903802742563,250.3377718203947,233.42022191746798
788,36,788,0,26.266666666667124,16.1245154965971,102.23991392797629,10.0,22.02271554554524,29.068883707497267,32.0624390837628,23.345235059857504,71.34423592694787,49.36598018878993,41.0,35.0,42.0,15.5,32.5,7.5,5.5,14.142135623730951,14.035668847618199,14.0,53.0,43.0,41.10960958218893,262.5509474368737,262.48809496813374,250.44959572736389,235.47823678633233
789,36,789,0,26.30000000000046,14.142135623730951,102.3132444994293,10.04987562112089,21.02379604162864,28.160255680657446,32.0624390837628,23.345235059857504,68.46897107449476,47.51841748206689,40.0,33.0,41.0,14.0,31.0,8.0,4.0,14.035668847618199,14.0,14.0,51.0,41.0,41.19465984809196,262.6175927084855,263.54885695066105,251.5094431626773,236.61149591682988
790,36,790,0,26.3333333333338,14.142135623730951,102.39628899525607,10.04987562112089,21.095023109728988,29.068883707497267,31.064449134018133,22.20360331117452,67.47592163134935,46.389654018972806,39.0,31.0,40.0,13.5,31.5,7.5,3.5,15.132745950421556,14.0,14.0,51.0,41.0,42.190046219457976,263.54885695066105,262.48809496813374,251.44780770569466,237.47420912595962
791,36,791,0,26.36666666666713,14.142135623730951,102.39628899525607,10.04987562112089,21.095023109728988,30.14962686336267,32.0624390837628,23.194827009486403,68.46897107449476,47.38143096192854,40.0,32.0,41.0,13.5,31.5,7.5,2.5,14.142135623730951,14.035668847618199,14.0,52.0,42.0,42.1070065428546,261.6906570743404,260.62233212063774,249.45139807184887,234.54637068179076
792,36,792,0,26.400000000000464,14.142135623730951,102.39628899525607,10.04987562112089,22.02271554554524,29.154759474226502,32.0624390837628,23.345235059857504,69.46221994724903,47.51841748206689,40.0,32.0,41.0,13.5,32.5,7.5,2.5,15.132745950421556,15.0,15.0,52.0,41.0,41.19465984809196,261.6906570743404,261.6199533674754,250.57733337235433,236.61149591682988
793,36,793,0,26.4333333333338,16.1245154965971,102.39628899525607,10.198039027185569,23.08679276123039,27.16615541441225,31.064449134018133,23.08679276123039,72.44308110509934,49.36598018878993,41.0,33.0,42.0,14.5,34.5,9.5,4.5,15.297058540778355,14.035668847618199,14.5,53.0,41.0,42.190046219457976,262.68802789621,262.6175927084855,251.5094431626773,235.54405108174564
794,36,794,0,26.46666666666713,23.194827009486403,100.4987562112089,10.04987562112089,24.08318915758459,28.160255680657446,31.064449134018133,22.20360331117452,79.51100552753688,55.44366510251645,43.5,35.0,45.0,18.0,39.0,11.0,7.0,14.142135623730951,15.0,14.5,53.0,41.0,43.18564576337837,262.76224995230956,260.76809620810593,248.7267577081324,231.78006816808042
795,36,795,0,26.50000000000047,26.076809620810597,99.40824915468535,9.219544457292887,25.079872407968907,29.154759474226502,32.0624390837628,22.20360331117452,82.49242389456137,57.42821606144492,44.0,37.0,46.0,19.5,40.5,12.5,9.5,14.142135623730951,15.033296378372908,15.0,53.0,41.0,43.18564576337837,262.8402556687236,261.84346468835156,249.80192152983932,232.94849216082082
796,36,796,0,26.533333333333804,26.1725046566048,98.50888284819801,8.06225774829855,23.08679276123039,28.284271247461902,31.144823004794873,22.20360331117452,79.51100552753688,56.43580423808985,43.0,35.0,45.0,18.0,39.0,12.0,8.0,14.317821063276353,15.033296378372908,15.0,53.0,41.0,43.18564576337837,263.68541863364385,261.76516192954324,247.80839372386077,232.04525420701884
797,36,797,0,26.56666666666714,23.194827009486403,97.51410154434076,9.055385138137417,23.08679276123039,27.294688127912362,31.144823004794873,21.37755832643195,76.6550715869472,53.600373133029585,41.5,35.0,45.0,19.0,36.0,10.0,9.0,15.297058540778355,15.0,14.5,54.0,42.0,41.19465984809196,262.76224995230956,260.69330639661615,247.65500196846418,230.7834482799839
798,36,798,0,26.60000000000048,21.213203435596427,93.53608929178085,9.055385138137417,23.08679276123039,27.294688127912362,30.14962686336267,22.20360331117452,75.53806987208503,52.46903848937962,41.5,37.0,47.0,20.0,33.0,7.0,9.0,16.1245154965971,16.0,15.5,54.0,42.0,42.190046219457976,264.003787851614,262.01145013147806,249.06424873915566,231.14713928578047
799,36,799,0,26.63333333333381,20.09975124224178,93.53608929178085,9.219544457292887,23.08679276123039,25.179356624028344,28.160255680657446,22.20360331117452,74.54528824815154,51.478150704935004,41.0,37.0,47.0,20.0,32.0,6.0,10.0,16.1245154965971,15.033296378372908,15.5,54.0,41.0,43.289721643826724,262.9220416777566,261.84346468835156,247.72969139770066,229.87170334775874
800,36,800,0,26.666666666667144,19.1049731745428,90.6697303403953,10.04987562112089,23.08679276123039,25.317977802344327,28.160255680657446,23.345235059857504,75.53806987208503,52.46903848937962,42.5,39.0,50.0,21.5,30.5,3.5,10.5,16.278820596099706,16.0,16.0,55.0,42.0,44.181444068749045,263.00760445279906,262.01145013147806,248.9738942138312,228.96506283710622
801,36,801,0,26.70000000000048,17.11724276862369,89.56003573022959,12.041594578792296,25.079872407968907,23.345235059857504,27.16615541441225,21.37755832643195,75.53806987208503,50.48762224545735,41.5,39.0,49.0,23.0,31.0,3.0,10.0,16.278820596099706,16.0312195418814,16.0,54.0,42.0,44.181444068749045,263.00760445279906,261.01532522057016,246.9817807045694,229.0589443789524
802,36,802,0,26.73333333333381,18.110770276274835,86.46964785403026,12.041594578792296,24.020824298928627,25.079872407968907,27.16615541441225,22.360679774997898,76.4198926981712,52.46903848937962,43.0,41.0,50.0,23.5,30.5,3.5,11.5,15.297058540778355,15.0,15.0,54.0,41.0,42.190046219457976,262.01145013147806,261.01532522057016,246.9817807045694,228.06358762415363
803,36,803,0,26.76666666666715,19.1049731745428,86.46964785403026,12.165525060596439,26.076809620810597,25.179356624028344,28.160255680657446,22.360679774997898,79.63039620647382,53.600373133029585,43.5,42.0,51.0,24.5,32.5,3.5,11.5,16.278820596099706,16.0312195418814,16.0,54.0,41.0,42.190046219457976,262.01145013147806,259.8499567057882,245.7356303021603,225.64130827488125
804,36,804,0,26.800000000000484,20.09975124224178,87.36704184073076,11.045361017187261,24.08318915758459,25.179356624028344,28.071337695236398,22.360679774997898,77.52418977325722,53.46026561849464,43.0,42.0,50.0,24.0,31.0,4.0,12.0,16.278820596099706,17.0,17.0,55.0,42.0,42.190046219457976,263.00760445279906,261.84346468835156,246.5866987491418,226.63847863944022
805,36,805,0,26.83333333333382,20.09975124224178,90.55385138137417,10.04987562112089,24.08318915758459,25.179356624028344,29.154759474226502,23.194827009486403,77.41446893184762,53.33854141237835,43.0,40.0,50.0,22.0,32.0,5.0,11.0,16.278820596099706,16.0312195418814,16.0,54.0,42.0,41.19465984809196,262.29182221335077,261.1991577321795,248.26195842295292,229.36651891677653
806,36,806,0,26.86666666666716,15.132745950421556,97.62171889492625,10.04987562112089,22.090722034374522,27.16615541441225,29.154759474226502,23.345235059857504,70.57619995437555,48.507731342539614,40.5,34.0,45.0,16.5,30.5,5.5,6.5,16.278820596099706,16.0,16.0,54.0,40.0,42.190046219457976,263.00760445279906,262.01145013147806,247.8911051248108,232.04525420701884
807,36,807,0,26.90000000000049,16.278820596099706,96.42095207992918,9.055385138137417,22.02271554554524,27.16615541441225,30.066592756745816,23.194827009486403,70.45565981523414,48.507731342539614,40.0,35.0,44.0,16.5,30.5,5.5,6.5,17.26267650163207,16.0,16.0,54.0,41.0,41.19465984809196,263.9185480408681,261.84346468835156,250.72096043211067,232.6972281742952
808,36,808,0,26.933333333333824,15.132745950421556,99.50376877284599,9.219544457292887,22.090722034374522,25.179356624028344,29.154759474226502,23.194827009486403,69.58448102845921,47.51841748206689,39.5,33.0,43.0,15.0,31.0,7.0,5.0,16.1245154965971,16.0,16.5,54.0,40.0,41.30375285612676,263.9185480408681,262.76224995230956,249.72384747957094,233.77339455121918
809,36,809,0,26.96666666666716,16.1245154965971,99.50376877284599,9.219544457292887,22.090722034374522,27.294688127912362,30.14962686336267,23.194827009486403,70.57619995437555,48.507731342539614,40.0,33.0,43.0,15.0,32.0,7.0,5.0,16.278820596099706,16.0,16.0,53.0,40.0,41.19465984809196,262.8402556687236,261.76516192954324,248.65236777477105,232.6972281742952
810,36,810,0,27.00000000000049,16.1245154965971,99.50376877284599,9.219544457292887,22.090722034374522,27.294688127912362,30.14962686336267,23.194827009486403,70.57619995437555,48.507731342539614,40.0,33.0,43.0,15.0,32.0,7.0,5.0,16.278820596099706,16.0,16.0,53.0,40.0,41.19465984809196,262.8402556687236,261.76516192954324,248.65236777477105,232.6972281742952
811,36,811,0,27.03333333333383,17.11724276862369,101.59724405711013,9.055385138137417,22.090722034374522,27.294688127912362,31.144823004794873,23.345235059857504,71.56814934033156,49.49747468305833,40.5,32.0,43.0,14.5,33.5,7.5,4.5,17.11724276862369,15.0,16.0,54.0,40.0,42.2965719651132,262.8402556687236,261.84346468835156,248.7267577081324,232.7767170487633
812,36,812,0,27.066666666667164,18.24828759089466,100.4987562112089,10.04987562112089,23.08679276123039,27.16615541441225,31.064449134018133,22.20360331117452,73.55270219373317,50.48762224545735,41.0,34.0,44.0,17.0,34.0,8.0,7.0,16.278820596099706,16.0,15.5,53.0,41.0,44.28317965096906,262.68802789621,261.76516192954324,248.58197842965205,232.6972281742952
813,36,813,0,27.1000000000005,18.24828759089466,100.4987562112089,10.04987562112089,23.08679276123039,27.16615541441225,31.064449134018133,22.20360331117452,73.55270219373317,50.48762224545735,41.0,34.0,44.0,17.0,34.0,8.0,7.0,16.278820596099706,16.0,15.5,53.0,41.0,44.28317965096906,262.68802789621,261.76516192954324,248.58197842965205,232.6972281742952
814,36,814,0,27.13333333333384,26.1725046566048,100.4987562112089,10.0,25.079872407968907,27.16615541441225,31.064449134018133,23.345235059857504,84.48076704197234,59.413803110051795,46.0,38.0,48.0,20.0,41.0,13.0,9.0,16.1245154965971,15.0,15.0,52.0,40.0,43.18564576337837,262.68802789621,261.6906570743404,248.65236777477105,230.7834482799839
815,36,815,0,27.16666666666717,26.1725046566048,102.48902380255166,10.04987562112089,25.079872407968907,28.284271247461902,32.0624390837628,23.194827009486403,84.48076704197234,59.413803110051795,46.0,39.0,49.0,21.0,40.0,12.0,9.0,16.1245154965971,16.0,16.0,52.0,41.0,43.18564576337837,262.8402556687236,261.76516192954324,249.80192152983932,232.94849216082082
816,36,816,0,27.200000000000504,25.179356624028344,102.39628899525607,11.045361017187261,25.019992006393608,28.160255680657446,32.0624390837628,24.186773244895647,85.37564055396598,60.40695324215582,47.5,40.0,49.0,20.5,40.5,13.5,8.5,15.132745950421556,15.033296378372908,15.0,52.0,42.0,43.18564576337837,264.5467822522134,263.48624252510797,249.45139807184887,232.42202993692314
817,36,817,0,27.23333333333384,23.08679276123039,106.30145812734649,10.04987562112089,23.021728866442675,29.154759474226502,32.0624390837628,24.186773244895647,80.30566605165541,57.3149195236284,45.5,39.0,47.0,19.0,37.0,12.0,8.0,15.132745950421556,15.0,14.5,52.0,42.0,44.04543109109048,263.3723599772763,262.37377917772193,250.3377718203947,234.4184293096428
818,36,818,0,27.266666666667174,22.090722034374522,106.30145812734649,11.045361017187261,24.020824298928627,27.16615541441225,31.144823004794873,23.194827009486403,80.30566605165541,56.32051136131489,45.0,38.0,46.0,19.0,38.0,12.0,7.0,15.132745950421556,15.0,15.0,53.0,43.0,43.104524124504614,264.3709515056448,263.32109676210905,250.28783430282823,234.30749027719963
819,36,819,0,27.30000000000051,20.09975124224178,106.30145812734649,10.04987562112089,23.021728866442675,28.071337695236398,32.0624390837628,24.186773244895647,77.31752712031083,54.3323108288245,44.0,37.0,45.0,17.0,36.0,11.0,6.0,15.132745950421556,15.0,15.0,53.0,44.0,40.049968789001575,265.3695536417092,263.3723599772763,250.28783430282823,234.30749027719963
820,36,820,0,27.333333333333844,18.110770276274835,104.23531071570709,10.04987562112089,23.08679276123039,28.071337695236398,31.016124838541646,25.079872407968907,76.32168761236873,53.23532661682466,44.0,38.0,45.0,16.5,34.5,9.5,6.5,15.132745950421556,16.0,15.5,52.0,43.0,41.10960958218893,264.31988196123274,262.23081436017395,250.19992006393608,234.17301296263838
821,36,821,0,27.36666666666718,20.09975124224178,103.12128781197411,9.055385138137417,23.021728866442675,27.16615541441225,30.01666203960727,23.194827009486403,75.32595834106593,52.3450093132096,42.0,38.0,43.0,17.5,34.5,9.5,7.5,16.1245154965971,16.0,15.5,51.0,44.0,43.104524124504614,263.1216448717209,261.1225765804252,249.09837414162303,233.13729860320507
822,36,822,0,27.40000000000052,20.024984394500787,103.12128781197411,8.06225774829855,23.021728866442675,27.16615541441225,31.016124838541646,24.186773244895647,75.23961722390672,52.23983154643591,42.0,38.0,43.0,16.5,34.5,9.5,7.5,15.132745950421556,15.0,15.0,52.0,44.0,42.1070065428546,263.1216448717209,262.15453457836657,249.12848090894786,232.13789005675054
823,36,823,0,27.43333333333385,18.110770276274835,94.26027795418386,10.04987562112089,24.020824298928627,28.160255680657446,31.064449134018133,20.223748416156685,72.3394774656273,48.373546489791295,39.0,39.0,46.0,22.5,29.5,3.5,12.5,15.132745950421556,15.033296378372908,15.5,52.0,46.0,43.01162633521314,263.1216448717209,262.15453457836657,248.12899870833317,229.17678765529462
824,36,824,0,27.466666666667184,16.0312195418814,92.13576938409967,11.045361017187261,26.019223662515376,28.071337695236398,31.064449134018133,19.235384061671343,72.24956747275377,46.2709412050371,38.0,39.0,44.0,22.5,30.5,2.5,11.5,16.278820596099706,15.0,15.5,52.0,46.0,43.01162633521314,264.09278672466615,262.0934947685654,248.07257002740147,229.0785891348207
825,36,825,0,27.50000000000052,16.0312195418814,91.26883367283708,11.045361017187261,25.019992006393608,27.073972741361768,30.066592756745816,19.235384061671343,71.25307010929424,46.2709412050371,38.0,38.0,45.0,22.5,29.5,1.5,11.5,15.132745950421556,15.033296378372908,15.0,52.0,46.0,44.01136216933077,264.09278672466615,262.0934947685654,249.09837414162303,230.13908837917995
826,36,826,0,27.533333333333854,17.11724276862369,92.19544457292888,10.04987562112089,24.020824298928627,27.073972741361768,30.066592756745816,22.090722034374522,73.24616030891995,49.25444142409901,40.5,39.0,45.0,20.0,31.0,4.0,10.0,16.1245154965971,16.0312195418814,16.0,52.0,46.0,43.04648650006177,264.15336454416024,262.1221089492453,249.09837414162303,231.10603626906848
827,36,827,0,27.56666666666719,16.1245154965971,94.13288479590966,10.04987562112089,23.021728866442675,26.076809620810597,29.017236257093817,23.08679276123039,72.24956747275377,49.25444142409901,41.0,38.0,43.0,17.5,31.5,5.5,7.5,15.132745950421556,15.033296378372908,15.5,51.0,44.0,43.04648650006177,263.0304164920856,261.03064954139006,249.0501957437496,231.07790893982056
828,36,828,0,27.600000000000524,17.029386365926403,96.08329719571451,10.04987562112089,24.020824298928627,26.076809620810597,29.017236257093817,22.090722034374522,73.17103251970687,49.16299421312742,40.5,38.0,42.0,18.0,33.0,7.0,8.0,15.297058540778355,15.0,15.0,51.0,45.0,43.04648650006177,263.0684321616716,261.0689564080724,248.07257002740147,230.07824755939012
829,36,829,0,27.63333333333386,20.09975124224178,95.04735661763561,9.055385138137417,23.021728866442675,28.071337695236398,30.01666203960727,23.08679276123039,75.23961722390672,52.23983154643591,42.0,40.0,43.0,18.5,33.5,7.5,9.5,16.1245154965971,15.033296378372908,15.5,51.0,46.0,43.104524124504614,263.0171097096157,262.03053257206494,250.04999500099976,232.1055794245369
830,36,830,0,27.6666666666672,21.095023109728988,97.04638066409278,10.04987562112089,23.0,27.073972741361768,30.0,23.021728866442675,77.10382610480494,54.147945482723536,43.5,41.0,44.0,19.5,34.5,9.5,9.5,15.132745950421556,15.0,15.5,51.0,46.0,44.04543109109048,264.0170449043016,263.0304164920856,250.0319979522621,231.10603626906848
831,36,831,0,27.70000000000053,21.02379604162864,99.04544411531506,9.055385138137417,23.021728866442675,26.076809620810597,30.0,23.08679276123039,76.16429609731846,53.150729063673246,42.5,39.0,42.0,17.5,35.5,10.5,8.5,15.132745950421556,15.0,15.0,50.0,45.0,42.1070065428546,264.04734423962685,263.04752422328556,250.04999500099976,231.07790893982056
832,36,832,0,27.733333333333864,21.095023109728988,98.04590761474952,10.04987562112089,23.021728866442675,27.073972741361768,30.01666203960727,22.02271554554524,76.16429609731846,53.150729063673246,42.5,39.0,42.0,18.5,35.5,10.5,8.5,16.1245154965971,15.0,15.5,50.0,45.0,44.04543109109048,263.04752422328556,261.0689564080724,248.0987706539474,231.1384866265244
833,36,833,0,27.7666666666672,20.09975124224178,100.04498987955368,11.0,24.020824298928627,27.073972741361768,30.01666203960727,22.090722034374522,77.1621668954417,53.150729063673246,43.0,40.0,43.0,19.5,35.5,9.5,8.5,15.132745950421556,15.0,15.0,49.0,45.0,45.044422518220834,263.04752422328556,262.0686932847951,248.07257002740147,232.17450333746814
834,36,834,0,27.800000000000534,21.095023109728988,100.0199980003999,10.04987562112089,23.0,27.073972741361768,31.0,22.02271554554524,76.10519036176179,53.150729063673246,42.5,40.0,42.0,19.0,35.0,10.0,9.0,15.033296378372908,15.0,15.0,49.0,45.0,41.048751503547585,262.0934947685654,261.0938528575501,249.09837414162303,231.10603626906848
835,36,835,0,27.83333333333387,18.027756377319946,98.02040603874276,11.045361017187261,23.021728866442675,26.076809620810597,29.0,22.090722034374522,74.16872656315464,51.15662224971465,42.0,40.0,42.0,19.0,33.0,9.0,8.0,15.132745950421556,15.033296378372908,15.5,50.0,46.0,41.012193308819754,262.03053257206494,261.04788832702707,249.0321264415497,232.07757323791543
836,36,836,0,27.866666666667204,17.11724276862369,98.00510190801293,10.0,22.0,26.019223662515376,29.0,23.08679276123039,72.11102550927978,50.15974481593781,41.5,39.0,40.0,16.5,32.5,8.5,7.5,15.033296378372908,14.0,14.5,49.0,45.0,42.04759208325728,260.0307674103201,259.0308861892728,248.0181444975347,231.05410621756974
837,36,837,0,27.90000000000054,18.110770276274835,98.00510190801293,11.0,21.02379604162864,27.018512172212592,30.0,22.02271554554524,72.11102550927978,51.088159097779204,42.0,40.0,41.0,18.5,31.5,8.5,8.5,13.038404810405298,14.035668847618199,14.0,49.0,46.0,40.01249804748511,262.03053257206494,261.03064954139006,249.00803199896987,231.01947969814148
838,36,838,0,27.93333333333388,23.08679276123039,95.00526301210897,11.045361017187261,22.0,27.018512172212592,30.01666203960727,23.08679276123039,79.1580697086532,57.21887800367987,45.5,43.0,44.0,20.5,35.5,12.5,10.5,9.0,9.0,9.0,48.0,46.0,43.01162633521314,260.09421369957465,259.0694887477103,247.0323865407125,230.0347799790284
839,36,839,0,27.96666666666721,22.090722034374522,97.0,10.0,21.02379604162864,27.018512172212592,30.01666203960727,24.08318915758459,77.1621668954417,56.142675390472796,45.0,42.0,42.0,18.0,35.0,12.0,9.0,7.0,8.06225774829855,8.0,50.0,48.0,42.04759208325728,259.01737393464555,258.00193797721755,246.0,230.0021739027699
840,36,840,0,28.000000000000544,23.08679276123039,96.0,10.04987562112089,21.02379604162864,26.019223662515376,29.017236257093817,23.08679276123039,77.23341245859851,56.22277118748239,44.5,42.0,42.0,19.0,35.0,12.0,9.0,8.0,8.0,7.5,49.0,47.0,42.01190307520001,257.0175091311874,256.00781238079435,245.00204080782675,229.0
841,36,841,0,28.03333333333388,19.1049731745428,97.0051545022222,9.055385138137417,20.0,28.0178514522438,30.0,22.090722034374522,70.178344238091,50.24937810560445,40.5,39.0,40.0,17.5,30.5,8.5,8.5,7.0,8.06225774829855,7.5,49.0,46.0,42.01190307520001,258.0310058888272,257.0311265197272,245.0081631293129,230.0195643852931
842,36,842,0,28.066666666667214,17.11724276862369,98.00510190801293,10.0,20.024984394500787,27.073972741361768,30.0,22.090722034374522,69.18092222571191,49.16299421312742,40.5,38.0,39.0,16.5,30.5,8.5,6.5,8.0,8.0,8.0,48.0,45.0,40.01249804748511,259.0308861892728,259.01737393464555,249.0020080240318,232.0021551624036
843,36,843,0,28.10000000000055,18.110770276274835,98.00510190801293,9.055385138137417,20.024984394500787,27.018512172212592,29.0,23.08679276123039,70.25667228100119,50.24937810560445,41.0,38.0,39.0,15.5,31.5,9.5,6.5,10.0,10.04987562112089,10.0,48.0,45.0,42.01190307520001,260.0307674103201,260.0076921939041,248.0020161208372,231.00216449202375
844,36,844,0,28.133333333333884,19.1049731745428,97.04638066409278,9.0,21.02379604162864,26.076809620810597,29.017236257093817,23.08679276123039,72.17340230306452,51.15662224971465,41.5,40.0,43.0,18.5,30.5,7.5,8.5,11.045361017187261,12.0,12.0,49.0,45.0,44.04543109109048,261.03064954139006,260.0076921939041,248.0080643850115,230.00869548780108
845,36,845,0,28.16666666666722,15.033296378372908,95.08417323613851,9.055385138137417,21.02379604162864,24.020824298928627,26.019223662515376,26.076809620810597,71.17583859709698,50.15974481593781,42.5,41.0,45.0,17.0,28.0,5.0,8.0,12.041594578792296,13.0,12.5,48.0,44.0,43.04648650006177,259.09457732650446,260.06922155457,249.07227866625382,232.1055794245369
846,36,846,0,28.20000000000056,4.123105625617661,96.04686356149273,13.0,21.02379604162864,23.0,26.0,29.068883707497267,67.11929677819934,46.09772228646444,44.0,41.0,44.0,13.5,24.5,1.5,1.5,14.035668847618199,14.0,14.0,49.0,45.0,42.01190307520001,260.155722597063,260.09421369957465,248.0987706539474,232.1055794245369
847,36,847,0,28.23333333333389,2.23606797749979,94.08506789071261,13.038404810405298,21.02379604162864,22.02271554554524,24.020824298928627,30.01666203960727,66.12110101926616,45.09988913511872,44.0,41.0,45.0,13.0,23.0,0.0,1.0,14.142135623730951,13.0,13.5,49.0,43.0,40.049968789001575,259.09457732650446,260.09421369957465,249.12848090894786,233.173754955398
848,36,848,0,28.266666666667223,2.23606797749979,94.08506789071261,13.038404810405298,22.02271554554524,23.08679276123039,25.0,30.01666203960727,67.11929677819934,45.09988913511872,44.0,42.0,46.0,14.0,23.0,1.0,1.0,14.142135623730951,13.0,13.5,49.0,44.0,42.01190307520001,259.19297829995315,259.19297829995315,249.1625975141534,231.21634890292685
849,36,849,0,28.30000000000056,11.180339887498949,96.08329719571451,11.045361017187261,21.02379604162864,23.08679276123039,26.0,28.0178514522438,71.17583859709698,50.15974481593781,44.5,42.0,46.0,16.0,27.0,4.0,5.0,15.033296378372908,14.0,14.0,49.0,44.0,42.01190307520001,259.09457732650446,260.06922155457,249.0501957437496,230.05434140654683
850,36,850,0,28.333333333333893,17.029386365926403,92.02173656261873,10.04987562112089,21.0,22.090722034374522,26.019223662515376,28.0178514522438,76.05918747922567,55.08175741568164,46.5,44.0,46.0,17.0,31.0,8.0,7.0,15.033296378372908,15.033296378372908,14.5,49.0,44.0,43.04648650006177,260.155722597063,259.12352266824405,247.09917037497314,229.13969538253298
851,36,851,0,28.36666666666723,7.0710678118654755,93.04837451562494,14.0,24.020824298928627,22.0,24.0,30.066592756745816,75.1065909225016,51.088159097779204,47.5,44.0,47.0,15.5,29.5,4.5,2.5,15.132745950421556,15.0,14.5,50.0,44.0,43.104524124504614,259.2778432492835,259.19297829995315,249.20072231034965,231.21634890292685
852,36,852,0,28.400000000000563,3.1622776601683795,91.0494371207203,13.038404810405298,22.0,22.02271554554524,24.0,31.016124838541646,69.06518659932803,47.095647357266465,45.5,43.0,46.0,13.5,24.5,0.5,1.5,15.132745950421556,15.0,15.0,49.0,43.0,44.04543109109048,259.3260495977988,259.3260495977988,248.29015284541592,230.3670983452281
853,36,853,0,28.4333333333339,3.1622776601683795,90.0499861188218,14.0,22.02271554554524,21.02379604162864,24.020824298928627,31.064449134018133,70.11419257183242,48.093658625644196,46.5,44.0,47.0,14.5,24.5,0.5,1.5,15.132745950421556,15.0,15.0,50.0,44.0,44.04543109109048,257.2800031094527,259.3260495977988,247.29132617218906,229.31419493786248
854,36,854,0,28.46666666666724,6.082762530298219,86.05230967266364,13.0,23.021728866442675,19.026297590440446,22.02271554554524,31.016124838541646,73.06161783043132,50.039984012787215,47.0,45.0,48.0,15.5,26.5,1.5,3.5,15.132745950421556,14.0,14.5,50.0,43.0,42.04759208325728,258.2789190003706,259.23348549136165,247.2023462671825,229.2640399190418
855,36,855,0,28.50000000000057,7.0710678118654755,85.14693182963201,13.0,22.02271554554524,19.026297590440446,21.02379604162864,31.016124838541646,73.06161783043132,51.03920062069938,47.5,44.0,49.0,15.5,26.5,2.5,3.5,16.1245154965971,16.0312195418814,16.0,50.0,43.0,44.04543109109048,259.23348549136165,260.2325882744127,248.16325271885037,230.21728866442677
856,36,856,0,28.533333333333903,2.23606797749979,89.08984229416954,13.038404810405298,23.021728866442675,20.024984394500787,22.02271554554524,34.0147027033899,72.11102550927978,49.09175083453431,48.0,44.0,48.0,12.0,26.0,1.0,0.0,16.1245154965971,15.0,15.5,50.0,43.0,42.04759208325728,259.23348549136165,260.2325882744127,249.20072231034965,231.26175645791503
857,36,857,0,28.56666666666724,3.1622776601683795,88.09086218218096,13.038404810405298,22.02271554554524,19.026297590440446,22.02271554554524,33.015148038438355,71.11258679024411,49.09175083453431,47.5,44.0,48.0,13.0,25.0,1.0,1.0,16.1245154965971,15.0,15.5,50.0,43.0,42.04759208325728,259.2778432492835,260.3247971285102,249.33912649241395,231.36551169091732
858,36,858,0,28.600000000000573,3.605551275463989,90.19977827023745,12.0,20.024984394500787,21.02379604162864,22.0,34.058772731852805,69.18092222571191,49.16299421312742,47.5,42.0,48.0,11.0,24.0,2.0,0.0,15.132745950421556,15.0,15.0,50.0,43.0,43.04648650006177,259.3260495977988,259.3260495977988,247.29132617218906,230.4256930118688
859,36,859,0,28.63333333333391,3.1622776601683795,91.19758768739445,12.0,20.024984394500787,21.02379604162864,23.021728866442675,34.132096331752024,69.18092222571191,49.16299421312742,47.5,42.0,48.0,11.0,24.0,2.0,0.0,16.278820596099706,15.0,15.0,50.0,43.0,43.04648650006177,258.3273117577776,259.2778432492835,249.24285345822858,231.36551169091732
860,36,860,0,28.666666666667243,6.082762530298219,95.1892851112981,13.038404810405298,21.02379604162864,23.021728866442675,25.019992006393608,31.064449134018133,71.17583859709698,50.15974481593781,47.0,41.0,47.0,13.0,27.0,3.0,1.0,15.132745950421556,16.0,15.5,50.0,43.0,43.04648650006177,260.27677575995904,261.27571643763605,248.2438317461282,230.2628932329306
861,36,861,0,28.70000000000058,17.11724276862369,94.13288479590966,13.0,22.02271554554524,24.020824298928627,28.0178514522438,26.1725046566048,78.23042886243178,56.22277118748239,47.5,41.0,46.0,17.5,34.5,10.5,5.5,15.132745950421556,15.033296378372908,15.0,50.0,44.0,43.04648650006177,260.27677575995904,260.2325882744127,248.12899870833317,230.13908837917995
862,36,862,0,28.73333333333392,24.08318915758459,94.19129471453293,10.0,23.021728866442675,25.079872407968907,29.017236257093817,26.1725046566048,83.21658488546619,60.207972893961475,48.0,42.0,48.0,19.0,38.0,13.0,8.0,15.132745950421556,15.033296378372908,15.5,51.0,44.0,42.1070065428546,261.23169792351007,261.15512631384433,248.0987706539474,231.1384866265244
863,36,863,0,28.76666666666725,23.08679276123039,95.1892851112981,10.0,23.021728866442675,25.079872407968907,29.017236257093817,25.317977802344327,81.30190649671138,58.309518948453004,46.5,42.0,48.0,20.0,36.0,11.0,10.0,16.1245154965971,15.033296378372908,15.0,50.0,43.0,42.1070065428546,261.19150062741323,260.1922366251537,247.1639132235934,229.17678765529462
864,36,864,0,28.800000000000583,22.090722034374522,95.13148795220224,10.0,21.02379604162864,25.079872407968907,29.017236257093817,25.317977802344327,78.31347265956222,57.3149195236284,46.0,42.0,47.0,19.5,33.5,9.5,9.5,16.1245154965971,16.0,16.0,51.0,45.0,41.048751503547585,261.23169792351007,260.155722597063,247.07286374670934,229.10696191953662
865,36,865,0,28.83333333333392,20.09975124224178,94.13288479590966,9.055385138137417,22.02271554554524,25.079872407968907,28.0178514522438,24.186773244895647,75.32595834106593,53.33854141237835,43.0,40.0,45.0,18.5,32.5,8.5,8.5,15.132745950421556,15.0,15.5,51.0,44.0,41.048751503547585,261.15512631384433,260.1230478062257,248.0987706539474,230.10649708341572
866,36,866,0,28.866666666667253,19.1049731745428,93.13431161500041,10.04987562112089,22.02271554554524,26.076809620810597,29.017236257093817,24.331050121192877,75.4254598925323,53.46026561849464,43.5,41.0,46.0,19.5,31.5,7.5,8.5,15.132745950421556,15.0,15.0,52.0,45.0,41.012193308819754,262.2746651889961,261.23169792351007,248.2438317461282,231.26175645791503
867,36,867,0,28.90000000000059,18.110770276274835,93.13431161500041,10.04987562112089,21.02379604162864,25.079872407968907,28.0178514522438,25.179356624028344,74.33034373659252,53.33854141237835,44.0,41.0,46.0,18.5,30.5,6.5,8.5,15.132745950421556,16.0312195418814,15.5,52.0,45.0,41.048751503547585,260.27677575995904,260.1922366251537,248.16325271885037,231.21634890292685
868,36,868,0,28.933333333333923,20.09975124224178,94.19129471453293,11.045361017187261,22.02271554554524,26.076809620810597,28.0178514522438,23.194827009486403,76.32168761236873,54.3323108288245,44.0,41.0,47.0,21.0,32.0,8.0,10.0,16.0312195418814,16.0,15.5,51.0,44.0,42.01190307520001,261.3235542388018,260.27677575995904,247.2023462671825,230.21728866442677
869,36,869,0,28.96666666666726,22.090722034374522,94.13288479590966,10.04987562112089,23.021728866442675,26.076809620810597,29.017236257093817,23.194827009486403,78.31347265956222,55.326304774492215,44.0,41.0,46.0,20.5,34.5,9.5,10.5,16.1245154965971,16.0,15.5,50.0,44.0,42.04759208325728,259.3260495977988,260.27677575995904,247.24481794367298,229.2640399190418
870,36,870,0,29.0000000000006,22.090722034374522,93.13431161500041,10.04987562112089,22.02271554554524,26.076809620810597,29.017236257093817,23.194827009486403,77.31752712031083,55.326304774492215,44.0,42.0,47.0,21.5,32.5,7.5,11.5,15.132745950421556,16.0312195418814,16.0,50.0,43.0,41.10960958218893,259.37810239108467,259.2778432492835,247.24481794367298,230.2628932329306
871,36,871,0,29.03333333333393,22.090722034374522,95.13148795220224,11.0,22.02271554554524,25.079872407968907,28.0178514522438,22.20360331117452,77.23341245859851,55.226805085936306,44.0,42.0,47.0,22.5,32.5,8.5,11.5,16.1245154965971,16.0312195418814,15.5,51.0,45.0,42.1070065428546,260.43233286210835,260.3247971285102,248.2438317461282,230.2628932329306
872,36,872,0,29.066666666667263,23.08679276123039,95.13148795220224,11.045361017187261,22.02271554554524,25.079872407968907,28.0178514522438,23.194827009486403,79.30952023559341,57.3149195236284,45.5,42.0,47.0,21.5,34.5,10.5,10.5,16.1245154965971,16.0,16.0,51.0,44.0,43.04648650006177,260.37665025881256,260.27677575995904,248.16325271885037,230.17601960239037
873,36,873,0,29.1000000000006,22.20360331117452,95.13148795220224,11.0,23.021728866442675,26.1725046566048,29.017236257093817,23.194827009486403,79.30952023559341,56.32051136131489,45.0,43.0,48.0,22.5,33.5,8.5,10.5,15.132745950421556,16.0,15.5,51.0,45.0,41.012193308819754,262.2746651889961,261.19150062741323,250.1619475459847,232.17450333746814
874,36,874,0,29.133333333333933,22.090722034374522,97.082439194738,12.041594578792296,24.020824298928627,26.1725046566048,29.017236257093817,23.194827009486403,81.30190649671138,57.3149195236284,46.0,45.0,49.0,24.0,34.0,8.0,11.0,15.033296378372908,15.0,15.5,51.0,45.0,43.01162633521314,263.2736219221364,261.23169792351007,250.2418829852429,232.31013753170566
875,36,875,0,29.16666666666727,23.021728866442675,95.08417323613851,12.041594578792296,23.021728866442675,26.076809620810597,28.0178514522438,23.194827009486403,81.2219182240853,58.215118311311535,46.5,45.0,49.0,24.0,34.0,9.0,12.0,15.132745950421556,15.033296378372908,15.0,51.0,45.0,42.01190307520001,261.27571643763605,261.19150062741323,250.19992006393608,232.17450333746814
876,36,876,0,29.200000000000603,22.090722034374522,98.12746812182611,12.0,22.02271554554524,25.179356624028344,29.068883707497267,23.194827009486403,79.22752047110903,57.21887800367987,46.0,44.0,49.0,23.5,32.5,8.5,10.5,15.033296378372908,16.0,16.0,52.0,46.0,44.04543109109048,262.23081436017395,261.19150062741323,248.16325271885037,230.21728866442677
877,36,877,0,29.23333333333394,21.02379604162864,99.08077512817509,12.041594578792296,22.02271554554524,26.076809620810597,29.068883707497267,23.08679276123039,78.16009211867653,56.142675390472796,45.5,45.0,49.0,24.0,31.0,7.0,12.0,14.142135623730951,15.0,15.0,52.0,46.0,46.010868281309364,262.32232081925474,261.27571643763605,248.2438317461282,231.26175645791503
878,36,878,0,29.26666666666728,21.095023109728988,99.12618221237011,12.0,23.021728866442675,26.1725046566048,29.017236257093817,22.20360331117452,78.23042886243178,55.226805085936306,44.5,44.0,49.0,24.5,31.5,5.5,11.5,15.033296378372908,15.0,15.0,54.0,47.0,41.0,262.32232081925474,262.2746651889961,251.24092023394596,233.25951213187426
879,36,879,0,29.30000000000061,19.235384061671343,100.07996802557443,12.0,22.0,25.079872407968907,29.017236257093817,22.090722034374522,75.16648189186454,53.23532661682466,43.5,44.0,48.0,24.0,29.0,5.0,12.0,15.033296378372908,15.0,15.0,52.0,46.0,41.012193308819754,263.32109676210905,262.2746651889961,251.24092023394596,232.26062946612367
880,36,880,0,29.333333333333943,19.1049731745428,99.18165152889924,12.0,23.021728866442675,27.16615541441225,29.017236257093817,23.08679276123039,77.1621668954417,54.147945482723536,44.5,44.0,50.0,24.0,30.0,5.0,11.0,15.033296378372908,16.0,15.5,53.0,45.0,42.01190307520001,262.48809496813374,262.42903802742563,250.39169315294788,233.42022191746798
881,36,881,0,29.36666666666728,17.11724276862369,100.17983829094555,12.0,23.021728866442675,25.079872407968907,28.0178514522438,23.194827009486403,75.23961722390672,52.23983154643591,43.5,43.0,49.0,23.0,29.0,4.0,11.0,14.035668847618199,14.035668847618199,14.0,51.0,44.0,41.012193308819754,261.37520922994975,263.32109676210905,251.2866888635369,234.2584043316269
882,36,882,0,29.400000000000613,18.110770276274835,100.17983829094555,12.0,23.08679276123039,26.1725046566048,29.068883707497267,23.194827009486403,76.32168761236873,53.23532661682466,44.0,43.0,49.0,23.0,30.0,5.0,10.0,14.142135623730951,14.0,14.0,51.0,43.0,40.049968789001575,263.54885695066105,262.5509474368737,252.44603383693712,234.4184293096428
883,36,883,0,29.433333333333948,19.1049731745428,100.17983829094555,11.045361017187261,22.02271554554524,27.16615541441225,30.066592756745816,23.194827009486403,75.32595834106593,53.33854141237835,43.5,42.0,48.0,22.0,30.0,6.0,10.0,14.035668847618199,14.0,14.0,51.0,42.0,39.05124837953327,263.48624252510797,262.48809496813374,252.50742563338608,234.54637068179076
884,36,884,0,29.466666666667283,21.095023109728988,102.23991392797629,11.045361017187261,21.02379604162864,27.16615541441225,30.14962686336267,24.186773244895647,77.31752712031083,56.32051136131489,45.5,42.0,49.0,21.5,31.5,8.5,9.5,13.152946437965905,13.038404810405298,13.5,52.0,42.0,41.10960958218893,264.61292485439935,264.5467822522134,251.57503850740042,234.61670869739862
885,36,885,0,29.50000000000061,23.08679276123039,103.31021246711285,11.045361017187261,21.095023109728988,28.160255680657446,31.064449134018133,24.08318915758459,79.30952023559341,58.215118311311535,46.5,41.0,49.0,21.0,34.0,10.0,9.0,14.142135623730951,14.0,14.0,51.0,41.0,41.19465984809196,264.6828290615015,263.6152499382386,251.6445906432324,234.7701003109212
886,36,886,0,29.53333333333396,22.090722034374522,102.3132444994293,10.04987562112089,22.090722034374522,28.160255680657446,32.14031735997639,23.08679276123039,77.31752712031083,55.226805085936306,44.0,40.0,48.0,21.0,33.0,9.0,10.0,13.152946437965905,14.035668847618199,13.5,52.0,42.0,41.19465984809196,263.68541863364385,263.75936002348806,252.79240494919938,235.9364321167886
887,36,887,0,29.566666666667288,22.090722034374522,104.38869670610895,10.198039027185569,21.095023109728988,29.154759474226502,31.144823004794873,23.08679276123039,76.4198926981712,55.326304774492215,44.0,39.0,48.0,20.5,32.5,8.5,9.5,13.152946437965905,14.035668847618199,13.5,51.0,41.0,41.10960958218893,263.68541863364385,263.68541863364385,252.7152547829276,235.8495283014151
888,36,888,0,29.600000000000623,22.090722034374522,105.38500842150178,10.04987562112089,21.095023109728988,29.274562336608895,32.14031735997639,23.194827009486403,76.4198926981712,55.326304774492215,44.0,38.0,47.0,19.5,33.5,9.5,8.5,14.142135623730951,14.035668847618199,14.0,51.0,41.0,40.11234224026316,262.76224995230956,263.75936002348806,251.6445906432324,234.85314560380067
889,36,889,0,29.63333333333396,21.213203435596427,105.38500842150178,10.04987562112089,22.090722034374522,28.284271247461902,32.14031735997639,22.20360331117452,75.53806987208503,53.46026561849464,42.5,37.0,46.0,19.5,33.5,8.5,8.5,14.142135623730951,14.035668847618199,14.0,51.0,42.0,41.048751503547585,263.8370709358334,263.8370709358334,250.88044961694405,234.94041797868667
890,36,890,0,29.666666666667293,26.076809620810597,104.38869670610895,9.055385138137417,23.08679276123039,29.154759474226502,32.14031735997639,22.360679774997898,80.50465825031493,57.42821606144492,44.0,38.0,47.0,20.5,37.5,11.5,10.5,13.152946437965905,14.035668847618199,13.5,52.0,41.0,40.11234224026316,263.8370709358334,263.9185480408681,250.9661331733826,234.0363219673391
891,36,891,0,29.700000000000628,26.076809620810597,103.4842983258813,9.055385138137417,24.08318915758459,27.16615541441225,31.144823004794873,23.345235059857504,82.49242389456137,58.42088667591412,45.0,39.0,49.0,21.0,38.0,11.0,11.0,13.152946437965905,14.035668847618199,14.0,53.0,42.0,41.19465984809196,263.68541863364385,263.75936002348806,249.72384747957094,232.86047324524614
892,36,892,0,29.733333333333963,21.02379604162864,101.40019723846694,10.04987562112089,24.08318915758459,26.1725046566048,30.066592756745816,25.317977802344327,80.39900496896712,56.32051136131489,45.5,40.0,49.0,19.5,35.5,8.5,8.5,14.142135623730951,14.0,14.0,51.0,40.0,41.19465984809196,263.68541863364385,263.68541863364385,250.57733337235433,232.62201099638014
893,36,893,0,29.76666666666729,9.055385138137417,101.31633629380802,12.041594578792296,22.02271554554524,25.179356624028344,28.160255680657446,29.154759474226502,72.24956747275377,50.24937810560445,45.5,41.0,49.0,16.0,27.0,2.0,3.0,13.152946437965905,14.035668847618199,14.0,52.0,40.0,42.1070065428546,262.68802789621,261.6199533674754,249.64975465639858,233.8567937862828
894,36,894,0,29.80000000000064,2.23606797749979,100.31948963187563,14.035668847618199,22.02271554554524,25.079872407968907,26.076809620810597,29.068883707497267,67.1863081289633,45.17742799230607,44.0,41.0,49.0,16.0,22.0,3.0,2.0,15.297058540778355,15.033296378372908,14.5,51.0,40.0,42.1070065428546,261.6199533674754,261.5530538915575,250.51147678300092,234.61670869739862
895,36,895,0,29.833333333333968,3.1622776601683795,100.40418317978589,15.033296378372908,23.021728866442675,25.079872407968907,27.16615541441225,28.160255680657446,69.26037828369117,46.2709412050371,44.5,42.0,51.0,18.5,22.5,2.5,3.5,15.297058540778355,15.033296378372908,14.5,52.0,40.0,42.190046219457976,261.6199533674754,261.6906570743404,249.64975465639858,232.86047324524614
896,36,896,0,29.866666666667303,21.095023109728988,99.32270636667126,12.041594578792296,23.021728866442675,26.1725046566048,30.066592756745816,24.331050121192877,80.39900496896712,57.42821606144492,46.5,43.0,51.0,23.0,33.0,8.0,10.0,14.142135623730951,15.033296378372908,14.5,52.0,40.0,41.19465984809196,262.76224995230956,261.76516192954324,250.79872407968904,232.86047324524614
897,36,897,0,29.90000000000064,25.079872407968907,100.4987562112089,11.045361017187261,24.08318915758459,28.160255680657446,31.144823004794873,23.194827009486403,83.38465086573187,59.30430001273095,46.5,42.0,52.0,24.0,36.0,9.0,12.0,14.317821063276353,14.0,14.0,52.0,40.0,41.19465984809196,263.75936002348806,262.8402556687236,250.88044961694405,232.94849216082082
898,36,898,0,29.933333333333973,23.08679276123039,102.59142264341595,11.045361017187261,25.079872407968907,28.160255680657446,31.144823004794873,22.20360331117452,81.39410298049853,56.32051136131489,44.5,38.0,49.0,21.5,37.5,9.5,9.5,14.142135623730951,14.0,14.0,51.0,40.0,41.10960958218893,264.7564918939666,263.68541863364385,251.7180962902747,233.77339455121918
899,36,899,0,29.966666666667308,16.278820596099706,104.47966309287182,12.041594578792296,23.021728866442675,28.284271247461902,31.25699921617557,23.194827009486403,74.43117626371358,51.478150704935004,43.0,38.0,48.0,20.0,31.0,5.0,7.0,14.142135623730951,14.0,14.0,53.0,41.0,42.1070065428546,262.76224995230956,263.68541863364385,251.7180962902747,234.7701003109212
900,36,900,0,30.000000000000643,16.1245154965971,104.47966309287182,12.041594578792296,23.021728866442675,28.160255680657446,31.144823004794873,23.345235059857504,74.43117626371358,51.478150704935004,43.0,37.0,47.0,19.0,32.0,6.0,7.0,14.317821063276353,14.0,14.5,51.0,40.0,41.10960958218893,263.8370709358334,263.9185480408681,251.87695408671274,235.03191272676142
901,36,901,0,30.03333333333397,16.1245154965971,105.38500842150178,11.045361017187261,22.090722034374522,28.160255680657446,31.064449134018133,23.345235059857504,72.56031973468694,50.48762224545735,42.0,37.0,46.0,18.5,30.5,5.5,6.5,15.132745950421556,15.033296378372908,14.5,51.0,41.0,41.10960958218893,262.8402556687236,262.76224995230956,251.7180962902747,235.76683396949622
902,36,902,0,30.06666666666732,15.132745950421556,105.47511554864494,12.041594578792296,21.095023109728988,29.274562336608895,32.14031735997639,23.345235059857504,71.56814934033156,50.48762224545735,42.5,36.0,46.0,18.0,30.0,6.0,5.0,14.142135623730951,14.0,14.0,52.0,41.0,42.1070065428546,261.6906570743404,261.6906570743404,249.57964660604839,234.69128658729537
903,36,903,0,30.100000000000648,15.132745950421556,105.38500842150178,11.045361017187261,22.090722034374522,29.154759474226502,31.064449134018133,23.53720459187964,71.7007670809734,49.64876634922564,41.5,36.0,45.0,17.5,30.5,5.5,5.5,14.142135623730951,14.0,14.0,51.0,40.0,41.10960958218893,262.76224995230956,261.76516192954324,250.72096043211067,236.76359517459605
904,36,904,0,30.133333333333983,15.297058540778355,104.47966309287182,11.045361017187261,22.02271554554524,28.160255680657446,31.144823004794873,23.345235059857504,71.56814934033156,49.64876634922564,41.5,36.0,46.0,18.0,30.0,6.0,6.0,15.132745950421556,15.0,14.5,52.0,41.0,43.104524124504614,261.6199533674754,261.6199533674754,249.57964660604839,234.61670869739862
905,36,905,0,30.16666666666732,17.26267650163207,104.47966309287182,11.045361017187261,22.02271554554524,28.284271247461902,31.144823004794873,23.345235059857504,73.55270219373317,51.62363799656123,42.5,36.0,46.0,18.0,32.0,7.0,6.0,14.142135623730951,14.0,14.5,52.0,41.0,43.104524124504614,261.6906570743404,261.76516192954324,250.72096043211067,234.7701003109212
906,36,906,0,30.200000000000653,20.09975124224178,102.39628899525607,10.04987562112089,23.08679276123039,28.160255680657446,31.144823004794873,21.37755832643195,74.54528824815154,51.478150704935004,41.0,36.0,45.0,19.5,33.5,7.5,8.5,14.142135623730951,15.0,15.0,51.0,40.0,41.19465984809196,262.5509474368737,261.6199533674754,249.64975465639858,234.7701003109212
907,36,907,0,30.233333333333988,20.09975124224178,103.39245620450265,9.055385138137417,24.08318915758459,28.160255680657446,31.064449134018133,22.360679774997898,75.53806987208503,51.478150704935004,41.0,36.0,45.0,18.5,34.5,8.5,8.5,14.142135623730951,14.0,14.5,51.0,41.0,41.19465984809196,263.4274093559742,262.42903802742563,250.39169315294788,234.4184293096428
908,36,908,0,30.266666666667323,20.09975124224178,102.48902380255166,10.04987562112089,25.019992006393608,27.16615541441225,31.144823004794873,21.587033144922902,76.53103945458993,51.62363799656123,41.0,37.0,47.0,21.0,34.0,7.0,10.0,14.142135623730951,15.0,15.0,52.0,42.0,42.190046219457976,262.5509474368737,262.48809496813374,250.51147678300092,234.54637068179076
909,36,909,0,30.30000000000065,19.235384061671343,98.41239759298622,10.0,25.019992006393608,26.1725046566048,29.154759474226502,23.345235059857504,77.41446893184762,52.46903848937962,42.5,41.0,50.0,22.5,31.5,4.5,11.5,15.132745950421556,14.035668847618199,14.5,51.0,41.0,41.19465984809196,262.5509474368737,262.5509474368737,250.44959572736389,233.4823333787805
910,36,910,0,30.333333333334,6.082762530298219,99.32270636667126,13.038404810405298,21.095023109728988,24.186773244895647,26.1725046566048,28.160255680657446,68.3593446428504,47.265209192385896,44.0,40.0,48.0,16.0,24.0,0.0,2.0,15.132745950421556,15.0,15.0,51.0,41.0,42.1070065428546,262.48809496813374,261.37520922994975,250.3377718203947,234.3608329051593
911,36,911,0,30.366666666667328,1.0,95.25754563287887,15.033296378372908,23.021728866442675,23.08679276123039,25.079872407968907,30.14962686336267,68.26419266350405,45.27692569068709,45.0,41.0,48.0,14.5,23.5,2.5,0.5,15.132745950421556,15.033296378372908,15.0,51.0,42.0,42.04759208325728,260.49184248263896,260.43233286210835,249.39326374222702,232.48440807933767
912,36,912,0,30.400000000000663,2.23606797749979,96.25487000666512,15.0,23.021728866442675,23.08679276123039,25.079872407968907,29.154759474226502,68.26419266350405,45.27692569068709,44.5,42.0,49.0,16.5,22.5,2.5,1.5,15.132745950421556,15.033296378372908,15.0,51.0,41.0,43.104524124504614,260.62233212063774,260.49184248263896,249.45139807184887,232.48440807933767
913,36,913,0,30.433333333334,12.041594578792296,97.32933781753577,13.038404810405298,23.021728866442675,24.186773244895647,27.073972741361768,25.179356624028344,73.24616030891995,50.24937810560445,44.0,41.0,49.0,20.0,28.0,2.0,6.0,15.132745950421556,15.0,15.0,51.0,41.0,42.1070065428546,259.5573154430443,259.43399931389104,247.45504642257754,230.4256930118688
914,36,914,0,30.466666666667333,22.090722034374522,98.2496819333274,11.045361017187261,23.021728866442675,26.076809620810597,29.017236257093817,23.194827009486403,79.30952023559341,56.32051136131489,45.0,43.0,50.0,23.5,32.5,7.5,11.5,16.1245154965971,15.0,15.0,51.0,42.0,42.1070065428546,260.43233286210835,259.43399931389104,248.45321491178174,230.4886114323222
915,36,915,0,30.500000000000668,26.076809620810597,98.32598842625484,10.04987562112089,25.019992006393608,28.160255680657446,32.0624390837628,23.194827009486403,84.29116205154607,59.30430001273095,46.0,41.0,49.0,22.0,39.0,11.0,11.0,15.132745950421556,15.0,15.0,51.0,41.0,43.104524124504614,261.48996156640504,260.49184248263896,247.45504642257754,231.48650068632512
916,36,916,0,30.533333333334003,17.11724276862369,101.31633629380802,11.0,24.08318915758459,28.160255680657446,31.064449134018133,23.194827009486403,75.32595834106593,51.24451190127583,42.5,38.0,46.0,19.0,33.0,7.0,8.0,14.035668847618199,15.0,15.0,50.0,41.0,43.104524124504614,262.48809496813374,262.42903802742563,249.33912649241395,233.36237914453991
917,36,917,0,30.56666666666733,17.11724276862369,101.40019723846694,11.045361017187261,24.020824298928627,29.154759474226502,32.0624390837628,23.194827009486403,75.32595834106593,51.35172830587107,42.5,38.0,47.0,19.5,32.5,6.5,8.5,15.132745950421556,15.0,15.0,52.0,42.0,43.04648650006177,263.54885695066105,262.48809496813374,250.3377718203947,233.36237914453991
918,36,918,0,30.60000000000068,14.142135623730951,103.23759005323593,11.045361017187261,22.02271554554524,27.073972741361768,31.064449134018133,23.194827009486403,70.34912934784623,48.373546489791295,41.0,36.0,43.0,16.5,30.5,6.5,5.5,15.132745950421556,14.0,14.5,51.0,42.0,42.04759208325728,261.48996156640504,261.37520922994975,249.39326374222702,234.3608329051593
919,36,919,0,30.633333333334008,17.11724276862369,103.31021246711285,11.045361017187261,23.021728866442675,27.16615541441225,31.064449134018133,24.186773244895647,75.32595834106593,52.3450093132096,43.5,38.0,46.0,18.0,33.0,7.0,6.0,15.132745950421556,15.033296378372908,15.0,51.0,42.0,44.10215414239989,261.48996156640504,261.48996156640504,248.51559307214507,232.55106965997814
920,36,920,0,30.666666666667343,22.20360331117452,101.24228365658294,10.0,25.019992006393608,28.071337695236398,32.0624390837628,24.186773244895647,81.30190649671138,56.32051136131489,45.0,41.0,48.0,20.5,36.5,9.5,10.5,15.132745950421556,15.0,15.0,51.0,42.0,43.04648650006177,262.6175927084855,262.5509474368737,248.51559307214507,231.5534495532295
921,36,921,0,30.70000000000068,22.20360331117452,101.24228365658294,11.045361017187261,24.020824298928627,28.160255680657446,32.01562118716424,23.194827009486403,80.39900496896712,56.43580423808985,45.0,41.0,48.0,21.5,35.5,9.5,9.5,14.035668847618199,15.0,15.0,52.0,42.0,44.10215414239989,261.48996156640504,261.48996156640504,248.39484696748443,232.48440807933767
922,36,922,0,30.733333333334013,26.076809620810597,99.18165152889924,9.055385138137417,24.020824298928627,27.16615541441225,30.01666203960727,24.08318915758459,83.21658488546619,59.21148537234985,46.0,44.0,50.0,23.0,36.0,10.0,13.0,15.033296378372908,16.0,15.5,51.0,42.0,43.104524124504614,263.4274093559742,262.32232081925474,249.28898892650673,231.26175645791503
923,36,923,0,30.766666666667348,22.090722034374522,97.18538984847466,9.055385138137417,23.021728866442675,22.090722034374522,25.019992006393608,27.073972741361768,81.2219182240853,58.215118311311535,47.0,44.0,50.0,20.0,34.0,9.0,10.0,14.142135623730951,15.0,14.5,50.0,42.0,42.04759208325728,260.27677575995904,260.1922366251537,248.16325271885037,231.17525819170183
924,36,924,0,30.800000000000683,20.09975124224178,97.18538984847466,10.04987562112089,23.021728866442675,24.08318915758459,26.076809620810597,27.073972741361768,80.22468448052632,57.21887800367987,47.0,44.0,50.0,20.0,33.0,8.0,10.0,15.132745950421556,15.0,15.0,50.0,42.0,41.048751503547585,260.3247971285102,260.27677575995904,248.20153101864622,230.17601960239037
925,36,925,0,30.83333333333401,3.1622776601683795,90.08884503644167,14.035668847618199,23.0,21.02379604162864,23.021728866442675,31.064449134018133,71.11258679024411,48.16637831516918,46.5,44.0,48.0,15.0,25.0,0.0,2.0,15.132745950421556,15.0,15.0,50.0,42.0,43.04648650006177,260.43233286210835,259.37810239108467,248.29015284541592,231.36551169091732
926,36,926,0,30.86666666666736,2.0,91.08786966440702,14.035668847618199,25.019992006393608,21.02379604162864,24.0,32.0624390837628,73.10950690573696,48.093658625644196,47.0,46.0,50.0,16.0,25.0,2.0,3.0,16.1245154965971,15.0,15.0,50.0,42.0,44.04543109109048,259.3260495977988,260.2325882744127,247.1639132235934,228.17756243767704
927,36,927,0,30.900000000000688,8.06225774829855,90.08884503644167,14.035668847618199,25.019992006393608,21.095023109728988,24.020824298928627,29.068883707497267,76.16429609731846,51.15662224971465,47.0,46.0,50.0,19.0,28.0,1.0,5.0,15.132745950421556,15.0,15.0,49.0,41.0,43.04648650006177,260.37665025881256,260.37665025881256,247.24481794367298,228.31557108528537
928,36,928,0,30.933333333334023,24.020824298928627,93.1933474020544,11.045361017187261,24.020824298928627,22.090722034374522,26.019223662515376,25.179356624028344,84.2140130857092,60.207972893961475,48.0,47.0,53.0,25.0,34.0,8.0,13.0,15.132745950421556,16.0,16.0,51.0,44.0,43.04648650006177,262.32232081925474,260.3247971285102,247.2023462671825,229.31419493786248
929,36,929,0,30.96666666666736,25.079872407968907,94.19129471453293,11.0,24.020824298928627,23.08679276123039,26.076809620810597,24.186773244895647,84.2140130857092,60.207972893961475,47.5,46.0,52.0,25.0,35.0,9.0,14.0,16.1245154965971,16.0,15.5,50.0,42.0,42.04759208325728,261.37520922994975,261.3235542388018,249.28898892650673,230.31283073246266
930,36,930,0,31.000000000000693,24.08318915758459,95.1892851112981,11.0,24.020824298928627,23.194827009486403,26.076809620810597,24.331050121192877,83.2946576918352,59.30430001273095,47.0,46.0,52.0,25.0,34.0,8.0,13.0,16.1245154965971,16.0,15.5,49.0,42.0,43.04648650006177,262.37377917772193,261.27571643763605,248.2438317461282,229.31419493786248
931,36,931,0,31.033333333334028,19.026297590440446,97.18538984847466,10.04987562112089,22.02271554554524,23.08679276123039,27.018512172212592,23.194827009486403,74.24284477308234,52.23983154643591,42.5,42.0,48.0,22.0,29.0,5.0,11.0,15.132745950421556,15.0,15.0,50.0,42.0,42.04759208325728,262.37377917772193,261.3235542388018,250.28783430282823,232.36393868240398
932,36,932,0,31.066666666667363,12.165525060596439,99.24716620639605,11.045361017187261,22.0,24.186773244895647,26.019223662515376,23.08679276123039,68.18357573492314,46.2709412050371,40.0,40.0,47.0,20.5,24.5,0.5,8.5,15.033296378372908,15.0,15.0,50.0,42.0,42.1070065428546,260.3247971285102,261.3235542388018,249.28898892650673,231.36551169091732
933,36,933,0,31.100000000000698,8.06225774829855,100.24470060806208,12.041594578792296,23.021728866442675,25.079872407968907,28.071337695236398,22.20360331117452,65.27633568147036,42.2965719651132,38.0,38.0,45.0,19.5,23.5,1.5,7.5,14.142135623730951,14.0,14.5,49.0,42.0,40.049968789001575,260.3247971285102,261.27571643763605,249.24285345822858,232.31013753170566
934,36,934,0,31.13333333333404,8.246211251235321,98.2496819333274,13.038404810405298,22.0,24.08318915758459,27.073972741361768,21.095023109728988,64.19501538281614,42.2965719651132,38.0,38.0,45.0,20.5,22.5,1.5,7.5,15.033296378372908,16.0,15.5,49.0,42.0,42.01190307520001,259.3260495977988,260.27677575995904,248.2438317461282,232.26062946612367
935,36,935,0,31.166666666667368,11.180339887498949,97.18538984847466,11.0,22.02271554554524,25.079872407968907,27.018512172212592,22.20360331117452,66.27216610312357,44.28317965096906,38.5,39.0,45.0,20.0,24.0,0.0,9.0,15.132745950421556,15.0,15.0,49.0,41.0,41.048751503547585,260.3247971285102,261.23169792351007,249.1625975141534,232.2154172315008
936,36,936,0,31.200000000000703,15.132745950421556,99.24716620639605,10.04987562112089,22.0,26.076809620810597,27.018512172212592,22.20360331117452,69.26037828369117,47.38143096192854,39.5,39.0,46.0,20.5,26.5,2.5,10.5,15.033296378372908,15.0,15.0,50.0,42.0,41.048751503547585,260.43233286210835,260.43233286210835,248.34049206683954,231.42385356743154
937,36,937,0,31.23333333333404,15.132745950421556,97.18538984847466,11.0,22.02271554554524,25.079872407968907,27.018512172212592,21.213203435596427,69.26037828369117,47.265209192385896,39.5,39.0,45.0,21.0,27.0,3.0,10.0,15.132745950421556,16.0,15.5,50.0,43.0,41.048751503547585,262.2746651889961,260.2325882744127,249.24285345822858,231.26175645791503
938,36,938,0,31.266666666667373,12.165525060596439,99.18165152889924,11.045361017187261,22.02271554554524,25.079872407968907,28.071337695236398,23.194827009486403,68.3593446428504,46.389654018972806,40.0,38.0,44.0,18.0,27.0,2.0,7.0,14.035668847618199,15.0,15.0,50.0,42.0,40.01249804748511,261.27571643763605,260.1922366251537,249.1625975141534,231.21634890292685
939,36,939,0,31.300000000000708,6.324555320336759,100.24470060806208,13.038404810405298,23.021728866442675,24.08318915758459,27.018512172212592,23.08679276123039,65.27633568147036,42.2965719651132,39.0,37.0,44.0,17.5,24.5,0.5,4.5,14.142135623730951,15.033296378372908,15.0,49.0,42.0,41.048751503547585,261.27571643763605,261.27571643763605,249.20072231034965,232.26062946612367
940,36,940,0,31.333333333334043,6.082762530298219,99.18165152889924,13.038404810405298,23.08679276123039,26.076809620810597,28.0178514522438,22.090722034374522,64.28063471995279,41.19465984809196,38.0,36.0,42.0,17.0,25.0,0.0,4.0,14.035668847618199,15.0,14.5,50.0,43.0,42.04759208325728,261.3235542388018,262.23081436017395,250.19992006393608,233.21449354617735
941,36,941,0,31.366666666667378,12.165525060596439,99.24716620639605,11.0,21.02379604162864,25.079872407968907,27.018512172212592,23.194827009486403,67.26812023536856,46.2709412050371,40.0,37.0,44.0,17.5,26.5,2.5,6.5,14.142135623730951,15.0,14.5,50.0,42.0,43.04648650006177,259.37810239108467,260.3247971285102,249.24285345822858,233.25951213187426
942,36,942,0,31.40000000000072,17.11724276862369,99.24716620639605,10.0,21.02379604162864,25.079872407968907,28.071337695236398,23.194827009486403,71.25307010929424,50.24937810560445,41.5,38.0,45.0,18.5,29.5,5.5,8.5,15.132745950421556,15.0,15.0,50.0,43.0,41.048751503547585,261.19150062741323,261.19150062741323,249.1625975141534,232.2154172315008
943,36,943,0,31.433333333334048,19.1049731745428,99.24716620639605,10.0,21.02379604162864,25.179356624028344,28.071337695236398,24.186773244895647,74.24284477308234,53.23532661682466,43.5,39.0,46.0,18.5,31.5,7.5,7.5,14.142135623730951,15.0,15.0,50.0,44.0,43.01162633521314,261.19150062741323,261.15512631384433,249.1625975141534,231.21634890292685
944,36,944,0,31.466666666667383,13.038404810405298,100.17983829094555,10.04987562112089,22.02271554554524,24.08318915758459,27.018512172212592,26.1725046566048,71.25307010929424,49.25444142409901,42.5,39.0,45.0,16.0,29.0,5.0,5.0,15.132745950421556,14.0,14.0,50.0,43.0,42.04759208325728,261.27571643763605,260.2325882744127,249.20072231034965,231.26175645791503
945,36,945,0,31.50000000000072,11.045361017187261,101.1236866416568,12.041594578792296,21.0,24.020824298928627,27.018512172212592,28.071337695236398,72.11102550927978,51.15662224971465,45.5,39.0,44.0,13.5,30.5,7.5,2.5,15.132745950421556,15.0,15.0,50.0,42.0,43.104524124504614,261.3235542388018,261.27571643763605,250.2418829852429,234.2584043316269
946,36,946,0,31.533333333334053,6.0,100.12492197250393,12.041594578792296,19.026297590440446,23.021728866442675,25.019992006393608,30.066592756745816,67.11929677819934,48.093658625644196,45.0,37.0,42.0,9.5,27.5,5.5,1.5,14.035668847618199,14.0,14.0,50.0,43.0,41.048751503547585,259.3260495977988,260.3247971285102,251.2866888635369,235.35929979501554
947,36,947,0,31.566666666667388,1.4142135623730951,97.12878049270464,13.038404810405298,19.026297590440446,22.090722034374522,24.020824298928627,30.01666203960727,63.12685640834652,44.10215414239989,43.5,36.0,41.0,8.5,24.5,2.5,3.5,15.132745950421556,14.0,14.0,49.0,42.0,41.048751503547585,262.2746651889961,261.23169792351007,250.19992006393608,236.25621684941964
948,36,948,0,31.600000000000723,1.0,99.08077512817509,14.0,19.026297590440446,22.02271554554524,24.020824298928627,28.071337695236398,61.1310068623117,42.1070065428546,42.0,36.0,40.0,10.0,23.0,2.0,3.0,15.132745950421556,16.0,15.5,51.0,43.0,40.11234224026316,260.2325882744127,261.19150062741323,251.16130275183716,236.17154782064668
949,36,949,0,31.633333333334058,1.4142135623730951,101.04454463255303,14.035668847618199,21.02379604162864,21.02379604162864,24.020824298928627,27.018512172212592,61.1310068623117,40.11234224026316,40.5,36.0,39.0,10.5,23.5,0.5,2.5,15.132745950421556,15.0,14.5,49.0,42.0,43.04648650006177,259.23348549136165,260.2325882744127,250.1619475459847,237.21087664776252
950,36,950,0,31.6666666666674,0.0,103.07764064044152,14.035668847618199,21.02379604162864,22.090722034374522,25.019992006393608,25.019992006393608,60.07495318350236,39.05124837953327,39.0,35.0,39.0,12.0,23.0,0.0,2.0,15.132745950421556,15.0,15.0,49.0,41.0,43.04648650006177,259.23348549136165,261.23169792351007,251.19912420229494,237.21087664776252
951,36,951,0,31.700000000000728,0.0,102.07840124139877,15.033296378372908,22.02271554554524,23.021728866442675,26.019223662515376,24.020824298928627,61.07372593840988,39.05124837953327,39.0,35.0,39.0,13.0,24.0,0.0,1.0,15.033296378372908,15.033296378372908,15.0,50.0,42.0,44.10215414239989,260.27677575995904,261.23169792351007,250.1619475459847,236.10379073619296
952,36,952,0,31.733333333334063,1.0,104.0768946500615,15.033296378372908,22.02271554554524,24.020824298928627,26.019223662515376,24.020824298928627,61.1310068623117,39.11521443121589,39.0,36.0,40.0,14.0,23.0,1.0,0.0,16.1245154965971,15.033296378372908,14.5,50.0,43.0,42.04759208325728,260.27677575995904,261.23169792351007,251.127457678367,236.13555429032706
953,36,953,0,31.7666666666674,1.4142135623730951,103.12128781197411,16.0312195418814,23.021728866442675,23.08679276123039,26.019223662515376,24.020824298928627,62.12889826803627,39.11521443121589,39.5,35.0,40.0,13.5,24.5,0.5,1.5,15.132745950421556,15.0,15.0,50.0,43.0,42.04759208325728,260.3247971285102,261.23169792351007,251.19912420229494,236.17154782064668
954,36,954,0,31.800000000000733,1.0,104.17293314484334,16.0312195418814,23.021728866442675,24.020824298928627,27.018512172212592,23.08679276123039,62.20128616033595,39.20459156782532,39.0,35.0,41.0,15.0,24.0,1.0,0.0,15.033296378372908,15.033296378372908,14.5,49.0,42.0,42.04759208325728,262.2746651889961,261.19150062741323,251.16130275183716,236.13555429032706
955,36,955,0,31.833333333334068,1.0,103.1746092796091,16.0,24.020824298928627,23.08679276123039,26.019223662515376,23.194827009486403,63.198101237299845,39.20459156782532,39.0,35.0,41.0,15.0,25.0,1.0,1.0,15.132745950421556,16.0312195418814,15.5,49.0,42.0,42.01190307520001,260.27677575995904,262.1907702418222,250.1619475459847,235.1361307838504
956,36,956,0,31.866666666667403,1.4142135623730951,104.17293314484334,16.0,24.020824298928627,23.08679276123039,27.073972741361768,24.186773244895647,63.198101237299845,39.20459156782532,39.5,36.0,42.0,15.0,24.0,2.0,0.0,15.132745950421556,15.0,15.0,50.0,43.0,42.04759208325728,260.3247971285102,261.3235542388018,250.19992006393608,235.2126697267815
957,36,957,0,31.900000000000738,1.0,104.17293314484334,16.0312195418814,24.020824298928627,24.08318915758459,27.073972741361768,23.08679276123039,63.198101237299845,39.20459156782532,39.0,36.0,42.0,16.0,24.0,2.0,1.0,16.1245154965971,15.033296378372908,14.5,50.0,42.0,42.01190307520001,261.27571643763605,262.1907702418222,251.127457678367,236.10379073619296
958,36,958,0,31.93333333333408,1.4142135623730951,101.17806086301516,15.033296378372908,23.021728866442675,24.08318915758459,27.073972741361768,24.08318915758459,63.198101237299845,40.19950248448356,39.5,37.0,43.0,16.0,23.0,3.0,2.0,15.132745950421556,15.0,15.0,50.0,43.0,41.10960958218893,262.32232081925474,261.23169792351007,252.1983346495373,236.21176939348302
959,36,959,0,31.966666666667408,1.4142135623730951,101.17806086301516,15.0,24.020824298928627,23.08679276123039,26.019223662515376,24.08318915758459,64.1248781675256,40.11234224026316,39.5,36.0,42.0,15.0,25.0,1.0,0.0,15.132745950421556,15.0,15.0,50.0,43.0,42.1070065428546,261.19150062741323,262.1221089492453,252.1269521491108,236.17154782064668
960,36,960,0,32.00000000000074,1.4142135623730951,101.17806086301516,15.033296378372908,22.02271554554524,26.076809620810597,28.071337695236398,25.079872407968907,63.198101237299845,41.19465984809196,40.5,37.0,43.0,15.0,23.0,2.0,1.0,15.132745950421556,15.0,15.0,49.0,42.0,42.04759208325728,262.23081436017395,261.19150062741323,252.1606630701942,236.17154782064668
961,36,961,0,32.03333333333407,2.23606797749979,100.24470060806208,15.0,22.0,26.076809620810597,29.017236257093817,25.079872407968907,63.12685640834652,41.19465984809196,40.5,37.0,44.0,15.5,22.5,2.5,1.5,14.142135623730951,15.0,15.0,48.0,41.0,42.04759208325728,262.2746651889961,262.23081436017395,252.1983346495373,237.17082451262846
962,36,962,0,32.0666666666674,1.4142135623730951,98.12746812182611,14.035668847618199,22.02271554554524,24.020824298928627,28.071337695236398,25.019992006393608,62.12889826803627,40.11234224026316,39.5,37.0,42.0,14.5,22.5,1.5,1.5,14.142135623730951,14.0,14.5,49.0,41.0,41.048751503547585,260.27677575995904,262.1907702418222,252.1606630701942,237.21087664776252
963,36,963,0,32.10000000000073,2.23606797749979,100.07996802557443,14.035668847618199,21.0,25.019992006393608,27.073972741361768,25.019992006393608,62.07253821135398,41.10960958218893,40.0,38.0,42.0,15.0,22.0,2.0,2.0,15.132745950421556,14.0,14.5,50.0,43.0,41.048751503547585,261.15512631384433,261.1225765804252,250.09798079952586,235.10423220350586
964,36,964,0,32.133333333334065,3.605551275463989,96.13012014972206,13.0,20.024984394500787,25.079872407968907,27.073972741361768,26.019223662515376,62.12889826803627,42.1070065428546,40.5,39.0,44.0,15.5,20.5,1.5,2.5,9.0,9.0,9.5,51.0,46.0,43.04648650006177,260.1922366251537,261.15512631384433,249.09837414162303,234.10467744152402
965,36,965,0,32.1666666666674,3.605551275463989,96.13012014972206,13.0,20.024984394500787,25.079872407968907,27.073972741361768,26.019223662515376,62.12889826803627,42.1070065428546,40.5,39.0,44.0,15.5,20.5,1.5,2.5,9.0,9.0,9.5,51.0,46.0,43.04648650006177,260.1922366251537,261.15512631384433,249.09837414162303,234.10467744152402
966,36,966,0,32.20000000000073,2.8284271247461903,97.082439194738,14.0,19.026297590440446,26.019223662515376,28.0178514522438,26.019223662515376,61.1310068623117,42.1070065428546,41.0,40.0,44.0,16.0,19.0,2.0,3.0,8.0,8.06225774829855,8.0,50.0,45.0,43.04648650006177,260.27677575995904,259.2778432492835,249.28898892650673,234.2584043316269
967,36,967,0,32.23333333333406,3.605551275463989,95.08417323613851,14.0,21.0,25.079872407968907,27.073972741361768,25.079872407968907,63.12685640834652,42.190046219457976,40.5,39.0,43.0,16.0,22.0,1.0,3.0,8.0,8.06225774829855,8.0,50.0,45.0,44.04543109109048,259.19297829995315,261.15512631384433,250.12796724876648,235.1361307838504
968,36,968,0,32.26666666666739,4.123105625617661,95.04735661763561,13.0,21.02379604162864,25.079872407968907,28.0178514522438,25.079872407968907,63.12685640834652,42.1070065428546,40.0,39.0,42.0,15.5,22.5,1.5,2.5,9.055385138137417,8.0,8.0,49.0,44.0,43.04648650006177,260.09421369957465,260.06922155457,249.0501957437496,234.05341270744162
969,36,969,0,32.30000000000072,3.1622776601683795,97.082439194738,13.0,22.02271554554524,26.019223662515376,28.0178514522438,26.076809620810597,64.1248781675256,42.1070065428546,40.5,40.0,44.0,16.0,22.0,2.0,4.0,11.045361017187261,11.0,11.0,50.0,45.0,43.01162633521314,260.09421369957465,259.0694887477103,248.03225596683993,232.0538730553748
970,36,970,0,32.33333333333405,3.1622776601683795,96.04686356149273,14.0,22.02271554554524,26.019223662515376,28.0178514522438,25.019992006393608,64.07027391856539,42.04759208325728,40.5,40.0,43.0,16.5,22.5,1.5,3.5,12.041594578792296,12.0,12.5,50.0,45.0,43.01162633521314,262.0686932847951,262.0686932847951,250.04999500099976,233.0772404161333
971,36,971,0,32.366666666667385,3.1622776601683795,97.02061636580135,14.0,22.0,25.019992006393608,27.018512172212592,26.0,65.00769185258002,43.01162633521314,41.5,41.0,43.0,16.0,23.0,1.0,3.0,15.033296378372908,14.0,14.0,50.0,46.0,42.01190307520001,262.03053257206494,262.03053257206494,251.01792764661252,233.03433223454437
972,36,972,0,32.40000000000072,3.0,95.02105029939419,13.0,23.021728866442675,26.019223662515376,28.0,26.019223662515376,65.03076195155643,42.01190307520001,40.5,40.0,42.0,15.0,24.0,1.0,3.0,14.035668847618199,14.0,13.5,49.0,46.0,42.01190307520001,262.0477055804916,261.03064954139006,249.0321264415497,232.0538730553748
973,36,973,0,32.43333333333405,4.47213595499958,96.02083107326243,14.0,23.0,25.019992006393608,28.0178514522438,25.019992006393608,66.06814663663572,43.104524124504614,41.0,40.0,42.0,16.0,25.0,0.0,3.0,15.132745950421556,15.0,15.0,51.0,48.0,42.0,261.0938528575501,260.06922155457,247.07286374670934,230.07824755939012
974,36,974,0,32.46666666666738,7.280109889280518,96.02083107326243,13.0,23.0,25.019992006393608,27.0,26.019223662515376,69.06518659932803,46.09772228646444,42.5,40.0,42.0,15.0,28.0,3.0,3.0,15.132745950421556,15.033296378372908,15.0,51.0,48.0,41.012193308819754,262.03053257206494,260.0307674103201,248.03225596683993,230.0347799790284
975,36,975,0,32.50000000000071,16.0312195418814,94.02127418834527,10.0,22.02271554554524,25.079872407968907,28.0,24.08318915758459,72.11102550927978,50.08991914547278,42.0,39.0,41.0,16.0,32.0,7.0,6.0,15.132745950421556,15.0,15.0,51.0,48.0,42.0,263.0171097096157,261.01724080987447,248.03225596683993,230.05434140654683
976,36,976,0,32.53333333333404,20.024984394500787,96.04686356149273,9.055385138137417,22.0,26.019223662515376,29.017236257093817,24.020824298928627,75.05997601918082,53.08483775994799,43.0,39.0,42.0,16.5,34.5,9.5,7.5,15.132745950421556,14.035668847618199,14.5,51.0,48.0,43.0,262.03053257206494,260.0173071162764,247.0323865407125,229.05457864884517
977,36,977,0,32.56666666666737,19.026297590440446,96.04686356149273,9.0,23.021728866442675,25.019992006393608,28.0,25.079872407968907,76.10519036176179,53.08483775994799,43.5,39.0,42.0,15.5,35.5,10.5,6.5,15.132745950421556,14.035668847618199,14.0,52.0,48.0,43.01162633521314,263.0304164920856,261.01724080987447,248.0181444975347,230.0195643852931
978,36,978,0,32.600000000000705,20.09975124224178,99.04544411531506,9.0,21.0,26.076809620810597,29.0,24.020824298928627,74.06078584514209,53.08483775994799,43.0,38.0,41.0,15.5,34.5,10.5,6.5,14.142135623730951,15.0,15.0,52.0,48.0,44.01136216933077,263.0171097096157,262.01717500957835,248.0181444975347,231.03462943896528
979,36,979,0,32.63333333333404,20.024984394500787,100.0199980003999,9.0,22.02271554554524,26.019223662515376,29.0,24.08318915758459,75.1065909225016,53.08483775994799,43.0,37.0,39.0,14.0,37.0,13.0,5.0,14.035668847618199,15.033296378372908,15.0,50.0,48.0,43.0,264.0,262.0019083899963,250.00199999200007,232.0
980,36,980,0,32.66666666666737,19.026297590440446,100.0199980003999,9.055385138137417,22.0,25.079872407968907,29.0,24.08318915758459,74.02702209328699,52.03844732503075,42.5,37.0,39.0,14.0,36.0,12.0,5.0,15.033296378372908,15.033296378372908,15.5,52.0,50.0,43.01162633521314,264.0018939326004,262.0,251.0,232.0021551624036
981,36,981,0,32.7000000000007,20.024984394500787,102.0196059588548,9.0,22.0,25.0,28.0,25.079872407968907,76.05918747922567,54.08326913195984,44.0,38.0,40.0,14.0,37.0,13.0,6.0,14.142135623730951,14.035668847618199,14.5,52.0,51.0,45.0,264.0018939326004,264.0018939326004,253.00197627686626,234.00213674238105
982,36,982,0,32.73333333333403,22.0,102.00490184299969,9.0,23.0,24.020824298928627,27.0,25.019992006393608,79.00632886041473,56.00892785976178,45.0,39.0,40.0,14.5,39.5,15.5,6.5,15.033296378372908,14.035668847618199,14.5,51.0,52.0,43.01162633521314,264.04734423962685,264.0170449043016,253.00790501484337,234.0
983,36,983,0,32.76666666666736,26.0,102.0,8.06225774829855,22.0,24.0,28.0,24.020824298928627,80.0,58.0,45.0,40.0,40.0,16.0,40.0,16.0,8.0,14.035668847618199,14.035668847618199,14.0,50.0,52.0,42.01190307520001,266.0676605677586,265.04716561397146,253.03161857759991,234.00213674238105
984,36,984,0,32.80000000000069,27.0,102.00490184299969,9.0,22.02271554554524,25.0,29.0,24.0,82.00609733428362,60.0,46.5,42.0,41.0,17.5,40.5,17.5,9.5,15.033296378372908,15.033296378372908,15.0,49.0,53.0,41.048751503547585,266.1879035568671,265.1207272168662,253.09681941897256,233.05364189387817
985,36,985,0,32.833333333334025,28.0,102.0196059588548,9.055385138137417,22.0,26.0,30.01666203960727,23.0,82.00609733428362,60.00833275470999,46.0,43.0,41.0,19.0,40.0,17.0,11.0,14.035668847618199,14.035668847618199,14.5,49.0,53.0,43.04648650006177,266.2273464541162,265.1886121235224,253.16002844051033,233.13729860320507
986,36,986,0,32.86666666666736,28.0,102.04410811016969,9.0,23.021728866442675,27.018512172212592,31.064449134018133,24.020824298928627,84.02380615040002,61.00819617067857,47.0,45.0,42.0,19.5,40.5,16.5,11.5,14.0,15.033296378372908,15.0,47.0,51.0,42.04759208325728,266.27053911388697,264.2290672882149,252.1606630701942,233.10512649875378
987,36,987,0,32.90000000000069,26.0,99.04544411531506,9.055385138137417,24.020824298928627,27.0,30.01666203960727,25.0,84.02380615040002,60.00833275470999,47.0,46.0,43.0,19.5,39.5,14.5,11.5,14.0,14.142135623730951,14.5,48.0,53.0,41.048751503547585,265.3695536417092,263.2736219221364,252.23996511258878,232.13789005675054
988,36,988,0,32.93333333333402,15.0,97.12878049270464,12.041594578792296,23.021728866442675,23.021728866442675,27.018512172212592,29.017236257093817,79.05694150420949,56.0357029044876,48.5,47.0,42.0,15.5,34.5,10.5,5.5,15.033296378372908,14.035668847618199,14.5,48.0,54.0,44.10215414239989,263.48624252510797,263.3723599772763,250.28783430282823,232.17450333746814
989,36,989,0,32.96666666666735,4.0,98.08159868191383,12.041594578792296,20.024984394500787,24.08318915758459,26.076809620810597,33.06055050963308,69.1158447825099,49.09175083453431,47.0,43.0,39.0,8.0,28.0,6.0,1.0,15.033296378372908,14.035668847618199,14.5,47.0,53.0,43.18564576337837,261.43067914841214,263.3723599772763,251.2866888635369,233.21449354617735
990,36,990,0,33.00000000000068,5.0990195135927845,97.04638066409278,12.041594578792296,20.024984394500787,22.02271554554524,25.019992006393608,33.06055050963308,70.06425622241343,50.039984012787215,47.5,43.0,40.0,8.5,28.5,6.5,1.5,14.035668847618199,13.038404810405298,13.5,46.0,52.0,43.104524124504614,261.43067914841214,263.3723599772763,252.33509466580347,234.21357774475842
991,36,991,0,33.033333333334014,3.1622776601683795,99.08077512817509,12.041594578792296,20.024984394500787,24.020824298928627,26.019223662515376,34.058772731852805,69.06518659932803,49.040799340956916,47.5,43.0,39.0,7.0,28.0,6.0,2.0,15.0,14.035668847618199,14.5,47.0,54.0,44.181444068749045,263.48624252510797,264.3709515056448,254.23807739990482,235.1361307838504
992,36,992,0,33.066666666667345,5.0,100.07996802557443,13.038404810405298,21.02379604162864,24.020824298928627,26.076809620810597,31.144823004794873,70.178344238091,49.16299421312742,46.5,43.0,39.0,10.0,29.0,7.0,1.0,15.033296378372908,14.035668847618199,14.5,46.0,53.0,46.04345773288535,261.6906570743404,263.48624252510797,253.38705570727168,234.30749027719963
993,36,993,0,33.10000000000068,7.0,101.1236866416568,13.038404810405298,22.02271554554524,24.020824298928627,27.073972741361768,29.154759474226502,71.17583859709698,49.16299421312742,45.5,43.0,38.0,11.5,30.5,7.5,0.5,14.0,13.038404810405298,13.5,47.0,55.0,43.18564576337837,262.68802789621,263.6152499382386,253.57050301641948,235.47823678633233
994,36,994,0,33.13333333333401,14.0,100.07996802557443,10.0,21.02379604162864,22.090722034374522,25.019992006393608,27.073972741361768,72.06247289678588,51.03920062069938,44.0,42.0,38.0,13.0,32.0,10.0,5.0,15.0,15.132745950421556,14.5,47.0,54.0,42.190046219457976,263.68541863364385,264.5467822522134,254.568261965234,235.47823678633233
995,36,995,0,33.16666666666734,14.0,98.08159868191383,10.04987562112089,23.021728866442675,23.021728866442675,26.019223662515376,25.019992006393608,72.06247289678588,49.040799340956916,42.0,41.0,37.0,14.0,33.0,9.0,5.0,15.0,15.132745950421556,15.0,46.0,54.0,43.18564576337837,264.7564918939666,264.61292485439935,252.57276179350774,234.54637068179076
996,36,996,0,33.20000000000067,13.038404810405298,96.08329719571451,11.045361017187261,23.08679276123039,23.021728866442675,26.076809620810597,25.019992006393608,72.06247289678588,49.01020301937138,42.5,42.0,38.0,15.0,32.0,8.0,6.0,15.0,14.142135623730951,14.5,46.0,54.0,42.190046219457976,264.7564918939666,264.7564918939666,254.70963860835735,235.54405108174564
997,36,997,0,33.233333333334,14.035668847618199,93.08598175880189,11.045361017187261,23.021728866442675,21.02379604162864,25.019992006393608,26.0,74.00675644831355,51.0,44.0,44.0,40.0,16.0,32.0,8.0,7.0,15.0,14.142135623730951,14.5,46.0,54.0,44.28317965096906,265.6106172576691,264.5467822522134,254.503438090726,234.4184293096428
998,36,998,0,33.266666666667334,6.082762530298219,92.13576938409967,14.0,25.019992006393608,22.090722034374522,25.079872407968907,29.068883707497267,74.10802925459562,49.09175083453431,46.0,45.0,40.0,13.5,31.5,6.5,2.5,14.0,14.142135623730951,14.5,47.0,54.0,42.190046219457976,262.68802789621,263.6152499382386,254.4425278918601,234.4184293096428
999,36,999,0,33.300000000000665,3.0,95.13148795220224,14.035668847618199,24.020824298928627,22.090722034374522,24.020824298928627,30.066592756745816,71.11258679024411,47.095647357266465,45.5,44.0,39.0,11.5,29.5,4.5,0.5,15.0,14.142135623730951,14.5,47.0,54.0,41.10960958218893,263.68541863364385,264.61292485439935,252.50742563338608,234.48027635602958
1000,36,1000,0,33.333333333334,14.0,97.082439194738,12.041594578792296,22.02271554554524,24.020824298928627,27.018512172212592,29.017236257093817,77.05841939723393,55.036351623268054,48.0,47.0,43.0,16.0,32.0,8.0,6.0,15.033296378372908,15.033296378372908,15.0,45.0,51.0,40.11234224026316,263.68541863364385,264.42579299304373,251.3364279208249,232.17450333746814
1001,36,1001,0,33.36666666666733,25.019992006393608,99.02019995940222,12.041594578792296,24.08318915758459,27.018512172212592,31.016124838541646,24.020824298928627,85.05292469985967,61.00819617067857,48.5,47.0,45.0,22.0,39.0,14.0,11.0,14.0,14.035668847618199,14.5,45.0,52.0,44.04543109109048,264.5467822522134,263.48624252510797,250.3377718203947,232.26062946612367
1002,36,1002,0,33.40000000000066,27.0,101.04454463255303,11.045361017187261,23.021728866442675,28.0178514522438,32.01562118716424,24.020824298928627,85.05292469985967,62.03224967708329,48.5,45.0,42.0,19.5,41.5,17.5,10.5,14.0,14.035668847618199,14.0,45.0,52.0,43.104524124504614,264.6828290615015,263.54885695066105,251.3901350490906,233.25951213187426
1003,36,1003,0,33.43333333333399,23.021728866442675,103.07764064044152,11.0,23.021728866442675,27.018512172212592,32.01562118716424,24.020824298928627,81.05553651663777,58.034472514187634,46.5,44.0,40.0,18.0,39.0,15.0,8.0,13.0,14.035668847618199,14.0,45.0,52.0,41.048751503547585,264.5467822522134,263.48624252510797,250.39169315294788,233.25951213187426
1004,36,1004,0,33.46666666666732,23.0,102.04410811016969,11.045361017187261,23.021728866442675,28.0,32.01562118716424,24.0,81.02468759581859,58.008620049092706,46.5,43.0,40.0,17.5,39.5,15.5,7.5,14.035668847618199,14.035668847618199,14.0,44.0,51.0,41.10960958218893,264.42579299304373,263.3723599772763,250.3377718203947,233.21449354617735
1005,36,1005,0,33.500000000000654,20.0,103.07764064044152,10.04987562112089,23.021728866442675,28.0,32.0624390837628,24.0,77.02596964660685,54.00925846556311,44.0,40.0,36.0,14.0,39.0,15.0,5.0,14.035668847618199,14.142135623730951,14.0,44.0,51.0,41.10960958218893,264.61292485439935,263.54885695066105,250.51147678300092,234.3608329051593
1006,36,1006,0,33.533333333333985,15.0,104.12012293500234,10.0,21.02379604162864,29.0,32.0624390837628,24.0,70.00714249274856,49.0,41.5,38.0,33.0,11.5,34.5,11.5,2.5,14.035668847618199,14.035668847618199,14.5,44.0,51.0,40.11234224026316,263.6152499382386,263.54885695066105,250.44959572736389,235.30618351416098
1007,36,1007,0,33.56666666666732,15.033296378372908,104.12012293500234,10.04987562112089,22.02271554554524,28.0,31.064449134018133,24.0,71.00704190430693,49.0,41.5,39.0,34.0,12.5,34.5,11.5,3.5,14.035668847618199,14.035668847618199,14.0,43.0,51.0,41.048751503547585,263.48624252510797,263.4274093559742,251.3901350490906,234.2584043316269
1008,36,1008,0,33.60000000000065,14.035668847618199,104.0768946500615,10.04987562112089,22.02271554554524,28.0,31.064449134018133,24.0,70.00714249274856,48.0,41.0,38.0,34.0,12.0,34.0,11.0,3.0,13.0,14.035668847618199,14.0,44.0,51.0,40.049968789001575,264.3709515056448,262.32232081925474,251.2866888635369,236.17154782064668
1009,36,1009,0,33.63333333333398,16.0312195418814,104.0768946500615,10.04987562112089,21.02379604162864,28.0178514522438,31.016124838541646,24.0,71.00704190430693,50.0,42.0,37.0,33.0,11.0,36.0,13.0,3.0,14.035668847618199,14.035668847618199,14.5,44.0,51.0,40.049968789001575,262.32232081925474,261.23169792351007,250.19992006393608,235.1361307838504
1010,36,1010,0,33.66666666666731,16.0,104.0768946500615,9.0,21.02379604162864,27.018512172212592,31.064449134018133,24.0,70.00714249274856,49.0,41.0,37.0,33.0,11.0,35.0,13.0,3.0,14.035668847618199,14.035668847618199,14.5,44.0,50.0,41.048751503547585,262.42903802742563,262.37377917772193,250.28783430282823,235.2126697267815
1011,36,1011,0,33.70000000000064,19.0,102.07840124139877,10.0,22.0,28.0178514522438,32.01562118716424,24.0,75.0,53.0,43.5,40.0,36.0,14.0,37.0,14.0,6.0,15.033296378372908,15.132745950421556,15.0,44.0,51.0,41.048751503547585,263.48624252510797,262.42903802742563,250.39169315294788,233.25951213187426
1012,36,1012,0,33.733333333333974,19.0,103.07764064044152,10.0,22.0,28.0178514522438,32.01562118716424,24.0,75.0,53.0,43.5,39.0,35.0,13.0,38.0,15.0,5.0,15.0,15.132745950421556,15.0,44.0,50.0,42.04759208325728,264.3709515056448,263.32109676210905,250.28783430282823,233.25951213187426
1013,36,1013,0,33.766666666667305,20.024984394500787,103.04368005850722,10.04987562112089,22.0,29.017236257093817,32.01562118716424,24.0,76.0,54.0,44.0,39.0,36.0,13.5,38.5,15.5,5.5,14.035668847618199,15.132745950421556,15.0,43.0,50.0,42.04759208325728,263.3723599772763,262.2746651889961,250.19992006393608,232.13789005675054
1014,36,1014,0,33.80000000000064,17.029386365926403,103.04368005850722,10.0,22.0,28.0,31.016124838541646,23.0,72.00694410957877,50.00999900019995,41.5,38.0,35.0,13.5,35.5,11.5,5.5,15.033296378372908,15.033296378372908,15.0,43.0,50.0,40.11234224026316,263.4274093559742,261.3235542388018,248.2438317461282,232.1055794245369
1015,36,1015,0,33.83333333333397,17.029386365926403,103.01941564578979,9.0,22.02271554554524,28.0,31.016124838541646,25.0,73.0,51.0098029794274,42.5,39.0,37.0,13.0,35.0,12.0,5.0,15.033296378372908,15.132745950421556,15.0,43.0,50.0,41.048751503547585,262.37377917772193,261.27571643763605,249.24285345822858,233.13729860320507
1016,36,1016,0,33.8666666666673,15.0,104.04326023342406,10.0,22.0,29.017236257093817,33.015148038438355,23.0,70.0,48.0,40.5,37.0,34.0,12.5,34.5,11.5,4.5,14.035668847618199,14.035668847618199,14.5,43.0,50.0,42.04759208325728,262.37377917772193,261.23169792351007,250.1619475459847,234.10467744152402
1017,36,1017,0,33.90000000000063,15.033296378372908,102.04410811016969,9.0,22.0,28.0,31.016124838541646,24.020824298928627,70.0,48.0,40.5,38.0,35.0,12.5,33.5,9.5,4.5,13.038404810405298,14.142135623730951,14.5,43.0,49.0,41.10960958218893,262.37377917772193,262.32232081925474,249.28898892650673,233.13729860320507
1018,36,1018,0,33.93333333333396,15.033296378372908,102.04410811016969,9.0,20.024984394500787,28.0,32.01562118716424,23.021728866442675,67.00746227100382,47.0,39.5,36.0,33.0,11.5,32.5,10.5,3.5,15.033296378372908,15.033296378372908,15.5,44.0,50.0,41.048751503547585,262.37377917772193,262.2746651889961,249.20072231034965,233.13729860320507
1019,36,1019,0,33.966666666667294,14.0,102.04410811016969,9.0,21.0,27.0,31.016124838541646,24.0,68.0,47.0,40.0,37.0,34.0,11.5,32.5,10.5,3.5,14.035668847618199,15.132745950421556,15.0,43.0,49.0,40.11234224026316,262.32232081925474,262.23081436017395,249.24285345822858,235.1361307838504
1020,36,1020,0,34.000000000000625,14.0,103.04368005850722,9.0,21.0,28.0,31.016124838541646,24.0,68.0,47.0,40.0,37.0,34.0,11.5,32.5,10.5,3.5,14.035668847618199,14.142135623730951,14.5,44.0,51.0,40.11234224026316,262.37377917772193,261.27571643763605,250.2418829852429,234.13671220037236
1021,36,1021,0,34.03333333333396,15.0,103.07764064044152,10.0,21.0,29.0,32.0624390837628,23.0,69.0,48.0,40.5,38.0,34.0,13.0,33.0,10.0,4.0,14.035668847618199,15.132745950421556,15.0,45.0,50.0,42.04759208325728,263.2736219221364,262.23081436017395,251.19912420229494,235.10423220350586
1022,36,1022,0,34.06666666666729,18.027756377319946,101.07917688624102,10.0,23.021728866442675,29.017236257093817,32.01562118716424,24.0,75.0,52.009614495783374,43.0,41.0,37.0,15.0,36.0,11.0,7.0,15.0,14.035668847618199,14.5,44.0,50.0,42.04759208325728,262.23081436017395,261.19150062741323,248.20153101864622,231.10603626906848
1023,36,1023,0,34.10000000000062,26.019223662515376,100.07996802557443,9.0,24.020824298928627,29.0,33.015148038438355,25.0,84.0,60.00833275470999,47.0,45.0,41.0,18.0,41.0,15.0,10.0,14.035668847618199,13.038404810405298,13.0,43.0,49.0,42.01190307520001,263.2736219221364,261.23169792351007,247.24481794367298,229.17678765529462
1024,36,1024,0,34.13333333333395,34.0147027033899,98.08159868191383,9.055385138137417,23.0,30.01666203960727,34.0147027033899,24.020824298928627,90.00555538409837,67.00746227100382,50.0,46.0,42.0,20.0,46.0,21.0,12.0,10.0,10.04987562112089,10.0,45.0,50.0,44.04543109109048,264.2290672882149,261.23169792351007,247.2023462671825,230.10649708341572
1025,36,1025,0,34.16666666666728,35.0,99.02019995940222,10.0,24.0,29.0,33.015148038438355,23.021728866442675,92.00543462209176,68.00735254367721,50.5,44.0,42.0,20.0,49.0,23.0,11.0,8.06225774829855,8.0,8.0,46.0,51.0,42.01190307520001,264.2290672882149,262.15453457836657,248.16325271885037,230.05434140654683
1026,36,1026,0,34.200000000000614,36.013886210738214,100.04498987955368,9.0,24.020824298928627,29.0,34.0147027033899,24.020824298928627,93.00537618869137,69.02897942168927,51.0,46.0,43.0,20.5,48.5,22.5,12.5,6.0,6.082762530298219,6.0,47.0,51.0,43.01162633521314,264.18932605235966,261.15512631384433,248.12899870833317,230.0347799790284
1027,36,1027,0,34.233333333333945,32.01562118716424,102.0196059588548,9.0,24.020824298928627,27.0,31.016124838541646,24.020824298928627,89.00561780022652,65.03076195155643,49.0,45.0,43.0,20.0,45.0,19.0,11.0,7.0,8.0,8.0,48.0,52.0,43.01162633521314,264.15336454416024,262.15453457836657,248.12899870833317,229.10696191953662
1028,36,1028,0,34.26666666666728,25.019992006393608,101.01980003939822,9.0,24.0,26.019223662515376,30.01666203960727,26.0,84.00595217006948,60.00833275470999,47.5,44.0,42.0,17.0,41.0,16.0,8.0,9.0,10.0,9.5,48.0,51.0,42.0,264.12118430750684,262.0934947685654,250.0719896349849,232.03448019637082
1029,36,1029,0,34.30000000000061,11.0,101.01980003939822,12.0,22.0,24.0,27.018512172212592,28.0,73.0,51.0,45.5,43.0,41.0,14.0,31.0,8.0,3.0,9.055385138137417,10.0,10.0,48.0,50.0,43.04648650006177,262.0686932847951,261.04788832702707,249.0501957437496,232.03448019637082
1030,36,1030,0,34.33333333333394,2.0,99.0,13.0,21.0,23.0,25.0,30.0,66.0,45.0,44.0,40.0,40.0,10.0,26.0,4.0,1.0,12.041594578792296,13.0,13.0,49.0,50.0,43.01162633521314,261.00766272276377,262.00763347658403,250.00199999200007,234.0
1031,36,1031,0,34.36666666666727,3.1622776601683795,101.0,13.0,22.02271554554524,24.020824298928627,27.0,28.0,66.0,44.01136216933077,42.5,40.0,40.0,12.0,26.0,2.0,1.0,13.038404810405298,14.035668847618199,14.0,47.0,49.0,44.0,263.0019011338131,262.0,250.00199999200007,236.0
1032,36,1032,0,34.4000000000006,6.082762530298219,104.0,13.0,22.0,25.0,28.0,25.0,66.007575322837,44.01136216933077,41.0,40.0,40.0,15.0,26.0,2.0,3.0,14.0,13.0,13.0,48.0,48.0,43.01162633521314,263.00760445279906,262.00763347658403,251.00796800101784,236.00211863455803
1033,36,1033,0,34.433333333333934,14.0,105.01904589168576,11.0,21.0,27.018512172212592,30.0,23.021728866442675,69.00724599634447,48.010415536631214,41.0,39.0,41.0,17.0,29.0,6.0,6.0,14.035668847618199,14.035668847618199,14.0,50.0,48.0,43.01162633521314,264.0,263.0019011338131,251.0,235.00212764994276
1034,36,1034,0,34.466666666667265,15.132745950421556,103.01941564578979,11.045361017187261,21.0,27.018512172212592,31.0,23.08679276123039,70.06425622241343,49.09175083453431,41.5,39.0,41.0,17.0,30.0,7.0,6.0,13.038404810405298,13.038404810405298,13.0,49.0,47.0,43.01162633521314,263.00760445279906,262.00763347658403,251.00796800101784,236.03389587091087
1035,36,1035,0,34.5000000000006,16.0312195418814,102.0196059588548,10.0,24.020824298928627,28.0,31.0,23.021728866442675,73.06161783043132,49.040799340956916,41.0,39.0,41.0,17.0,33.0,8.0,7.0,13.152946437965905,12.0,13.0,50.0,47.0,42.0,265.0018867857359,263.00760445279906,250.0079998720041,235.01914815605983
1036,36,1036,0,34.53333333333393,22.02271554554524,102.0196059588548,11.0,26.019223662515376,28.0178514522438,32.01562118716424,24.020824298928627,83.05419917138447,57.0350769263968,46.0,43.0,45.0,20.0,39.0,12.0,10.0,13.038404810405298,13.0,13.0,49.0,46.0,42.01190307520001,263.0019011338131,261.00766272276377,249.0180716333656,231.07790893982056
1037,36,1037,0,34.56666666666726,30.01666203960727,102.04410811016969,9.055385138137417,24.020824298928627,28.071337695236398,32.01562118716424,23.021728866442675,86.09297300012354,62.07253821135398,47.0,43.0,46.0,21.5,41.5,15.5,11.5,13.038404810405298,14.0,14.0,51.0,47.0,42.0,263.00760445279906,261.01724080987447,247.0323865407125,229.0785891348207
1038,36,1038,0,34.60000000000059,30.01666203960727,100.04498987955368,8.0,24.0,28.071337695236398,31.0,23.08679276123039,85.05292469985967,61.07372593840988,46.0,43.0,46.0,21.5,40.5,14.5,12.5,14.035668847618199,14.0,14.5,51.0,47.0,42.01190307520001,264.0170449043016,261.01724080987447,246.03251817595168,230.07824755939012
1039,36,1039,0,34.63333333333392,24.0,99.12618221237011,8.0,21.0,26.019223662515376,29.017236257093817,23.08679276123039,76.02631123499285,55.036351623268054,43.0,41.0,46.0,20.5,32.5,9.5,12.5,13.038404810405298,13.0,13.5,52.0,48.0,42.01190307520001,262.00763347658403,261.01724080987447,248.03225596683993,230.05434140654683
1040,36,1040,0,34.666666666667254,13.038404810405298,99.08077512817509,10.0,21.02379604162864,24.08318915758459,27.073972741361768,23.0,67.02984409947557,46.010868281309364,39.5,39.0,43.0,18.0,26.0,3.0,8.0,14.035668847618199,14.035668847618199,14.5,51.0,46.0,41.012193308819754,262.03053257206494,262.03053257206494,250.0319979522621,232.07757323791543
1041,36,1041,0,34.700000000000585,5.0,98.08159868191383,14.0,22.0,25.019992006393608,27.018512172212592,25.019992006393608,66.007575322837,44.01136216933077,41.5,39.0,43.0,16.0,25.0,0.0,3.0,13.038404810405298,13.038404810405298,13.0,51.0,47.0,43.0,261.00766272276377,261.03064954139006,251.04979585731593,233.10512649875378
1042,36,1042,0,34.73333333333392,2.23606797749979,93.08598175880189,14.0,22.0,23.021728866442675,25.019992006393608,26.0,64.00781202322104,42.01190307520001,41.0,38.0,42.0,14.0,24.0,0.0,1.0,14.035668847618199,13.038404810405298,13.5,52.0,47.0,43.01162633521314,261.01724080987447,262.03053257206494,252.07141845120006,233.13729860320507
1043,36,1043,0,34.76666666666725,3.0,89.02246907382428,14.0,23.0,20.024984394500787,22.0,28.0,68.0,45.0,43.5,42.0,44.0,15.0,25.0,0.0,2.0,14.035668847618199,13.0,13.0,52.0,46.0,42.01190307520001,262.0934947685654,263.0931394012394,252.0972034751675,233.173754955398
1044,36,1044,0,34.80000000000058,6.082762530298219,89.05054744357274,13.0,25.0,22.02271554554524,23.021728866442675,29.0,73.00684899377592,48.010415536631214,45.0,43.0,46.0,15.5,28.5,0.5,3.5,14.142135623730951,13.038404810405298,13.5,51.0,46.0,42.01190307520001,262.0477055804916,262.0477055804916,250.0719896349849,231.1384866265244
1045,36,1045,0,34.83333333333391,9.0,87.05170877128145,14.0,25.0,21.02379604162864,24.020824298928627,27.0,75.0,50.0,45.5,44.0,47.0,18.5,29.5,2.5,5.5,14.035668847618199,14.0,14.5,51.0,46.0,42.04759208325728,262.0477055804916,261.0689564080724,249.07227866625382,229.10696191953662
1046,36,1046,0,34.86666666666724,9.0,90.0499861188218,15.0,25.0,21.02379604162864,24.0,27.018512172212592,76.00657866263946,51.0098029794274,46.5,44.0,47.0,18.5,30.5,3.5,4.5,15.132745950421556,14.0,14.5,52.0,46.0,43.01162633521314,262.03053257206494,262.03053257206494,251.04979585731593,233.10512649875378
1047,36,1047,0,34.900000000000574,15.0,94.08506789071261,11.0,24.020824298928627,22.02271554554524,26.019223662515376,26.076809620810597,76.05918747922567,52.03844732503075,44.5,42.0,46.0,18.0,32.0,6.0,7.0,14.142135623730951,14.0,14.0,51.0,45.0,43.04648650006177,261.04788832702707,261.04788832702707,250.04999500099976,231.10603626906848
1048,36,1048,0,34.933333333333906,16.0312195418814,98.08159868191383,12.0,24.0,23.08679276123039,27.018512172212592,25.019992006393608,77.02596964660685,53.03772242470448,45.0,43.0,47.0,20.0,32.0,6.0,8.0,15.132745950421556,15.0,15.0,51.0,45.0,42.04759208325728,262.03053257206494,263.04752422328556,250.04999500099976,231.10603626906848
1049,36,1049,0,34.96666666666724,14.035668847618199,97.082439194738,11.0,23.0,24.020824298928627,27.018512172212592,24.020824298928627,72.02777242147643,49.040799340956916,42.0,41.0,45.0,19.0,29.0,4.0,8.0,15.033296378372908,14.0,14.5,51.0,45.0,42.04759208325728,263.0304164920856,263.04752422328556,252.04959829366916,233.13729860320507
1050,36,1050,0,35.00000000000057,13.038404810405298,97.082439194738,12.0,23.021728866442675,24.020824298928627,27.018512172212592,24.020824298928627,72.06247289678588,49.040799340956916,42.5,41.0,45.0,19.0,29.0,4.0,8.0,15.132745950421556,14.0,14.5,52.0,45.0,42.1070065428546,264.0170449043016,264.0170449043016,251.01792764661252,233.05364189387817
1051,36,1051,0,35.0333333333339,12.041594578792296,97.04638066409278,12.0,22.02271554554524,24.020824298928627,26.019223662515376,23.021728866442675,69.06518659932803,47.042533945356304,41.0,40.0,43.0,18.5,27.5,3.5,7.5,15.132745950421556,14.035668847618199,14.5,52.0,45.0,41.048751503547585,264.06817301598466,264.06817301598466,251.07170290576354,232.1055794245369
1052,36,1052,0,35.06666666666723,13.038404810405298,96.04686356149273,10.0,22.02271554554524,25.019992006393608,28.0,24.020824298928627,69.06518659932803,47.042533945356304,40.5,40.0,43.0,17.5,27.5,3.5,7.5,14.035668847618199,14.0,14.5,51.0,44.0,41.048751503547585,264.04734423962685,263.0684321616716,250.04999500099976,232.1055794245369
1053,36,1053,0,35.10000000000056,20.024984394500787,97.12878049270464,10.0,22.0,26.076809620810597,30.01666203960727,23.021728866442675,75.02666192761077,53.03772242470448,43.0,39.0,44.0,18.5,33.5,9.5,8.5,15.033296378372908,14.0,14.5,52.0,45.0,42.1070065428546,265.04716561397146,264.09278672466615,251.09759058979438,232.13789005675054
1054,36,1054,0,35.133333333333894,19.026297590440446,99.12618221237011,10.0,22.02271554554524,27.073972741361768,30.01666203960727,23.021728866442675,74.06078584514209,52.03844732503075,42.5,38.0,43.0,17.5,33.5,8.5,7.5,15.132745950421556,15.0,14.5,51.0,44.0,43.104524124504614,263.0684321616716,262.0686932847951,249.07227866625382,232.07757323791543
1055,36,1055,0,35.166666666667226,16.0312195418814,98.12746812182611,10.0,22.02271554554524,26.076809620810597,29.017236257093817,24.020824298928627,72.06247289678588,50.039984012787215,42.0,39.0,44.0,17.5,30.5,6.5,7.5,15.033296378372908,14.0,14.0,52.0,45.0,42.190046219457976,264.030301291348,263.04752422328556,250.04999500099976,233.05364189387817
1056,36,1056,0,35.20000000000056,20.024984394500787,101.07917688624102,10.0,22.02271554554524,27.073972741361768,30.01666203960727,23.021728866442675,75.05997601918082,53.03772242470448,43.0,38.0,42.0,17.0,35.0,10.0,7.0,15.033296378372908,15.0,15.0,51.0,44.0,42.190046219457976,263.0684321616716,262.0934947685654,250.09798079952586,233.173754955398
1057,36,1057,0,35.23333333333389,20.024984394500787,102.12247548899312,10.04987562112089,22.02271554554524,28.071337695236398,31.064449134018133,23.021728866442675,75.1065909225016,53.08483775994799,43.0,38.0,43.0,17.5,34.5,9.5,7.5,15.033296378372908,15.0,14.5,51.0,45.0,43.104524124504614,264.04734423962685,263.0931394012394,251.16130275183716,233.25951213187426
1058,36,1058,0,35.26666666666722,20.024984394500787,101.1236866416568,10.0,22.02271554554524,28.071337695236398,31.064449134018133,23.08679276123039,75.1065909225016,53.08483775994799,43.0,38.0,43.0,17.5,34.5,9.5,7.5,15.132745950421556,14.0,14.0,52.0,45.0,42.1070065428546,263.04752422328556,263.0931394012394,250.12796724876648,232.17450333746814
1059,36,1059,0,35.30000000000055,20.09975124224178,101.1236866416568,10.0,22.0,27.073972741361768,31.016124838541646,23.021728866442675,75.05997601918082,53.08483775994799,43.0,37.0,42.0,16.5,35.5,10.5,6.5,15.132745950421556,15.033296378372908,15.0,51.0,44.0,41.10960958218893,263.0684321616716,262.0934947685654,249.1625975141534,232.2154172315008
1060,36,1060,0,35.33333333333388,20.024984394500787,102.07840124139877,10.0,22.02271554554524,27.018512172212592,30.066592756745816,22.02271554554524,74.06078584514209,52.03844732503075,42.0,37.0,41.0,17.0,35.0,10.0,7.0,15.132745950421556,15.0,15.0,52.0,45.0,41.19465984809196,264.06817301598466,263.0931394012394,251.127457678367,234.17301296263838
1061,36,1061,0,35.366666666667214,22.02271554554524,102.07840124139877,10.04987562112089,23.0,28.071337695236398,32.01562118716424,23.021728866442675,78.05767098754612,55.08175741568164,44.0,38.0,42.0,17.0,38.0,12.0,7.0,13.152946437965905,13.0,13.0,52.0,45.0,40.11234224026316,264.06817301598466,262.0934947685654,250.12796724876648,232.26062946612367
1062,36,1062,0,35.400000000000546,26.076809620810597,100.12492197250393,10.0,23.021728866442675,28.071337695236398,32.0624390837628,23.08679276123039,82.15229759416349,59.135437767890075,46.0,39.0,44.0,18.5,40.5,14.5,8.5,7.0710678118654755,7.0710678118654755,7.5,52.0,45.0,40.11234224026316,263.1216448717209,261.1225765804252,248.0987706539474,230.17601960239037
1063,36,1063,0,35.43333333333388,26.076809620810597,103.12128781197411,11.0,24.020824298928627,30.066592756745816,33.015148038438355,23.08679276123039,84.1486779456457,60.13318551349163,47.0,39.0,44.0,18.5,42.5,15.5,7.5,6.0,6.082762530298219,6.0,53.0,46.0,42.1070065428546,262.0934947685654,261.15512631384433,249.20072231034965,231.26175645791503
1064,36,1064,0,35.46666666666721,26.019223662515376,103.1746092796091,11.045361017187261,23.021728866442675,28.071337695236398,33.06055050963308,23.194827009486403,83.21658488546619,60.207972893961475,47.0,38.0,44.0,18.0,42.0,16.0,7.0,6.0,6.082762530298219,6.5,54.0,46.0,43.04648650006177,263.1539473388153,262.1907702418222,249.24285345822858,232.31013753170566
1065,36,1065,0,35.50000000000054,26.076809620810597,103.1746092796091,10.0,22.02271554554524,29.154759474226502,34.0147027033899,24.08318915758459,82.15229759416349,60.13318551349163,47.0,38.0,44.0,17.0,41.0,16.0,7.0,7.0710678118654755,6.324555320336759,6.0,54.0,46.0,42.04759208325728,264.15336454416024,263.1900454044567,249.20072231034965,233.30880823492285
1066,36,1066,0,35.53333333333387,24.020824298928627,106.23088063270491,9.055385138137417,21.02379604162864,28.160255680657446,32.0624390837628,24.08318915758459,78.16009211867653,57.14017850864661,45.0,35.0,42.0,14.5,39.5,15.5,4.5,8.06225774829855,9.055385138137417,8.5,54.0,46.0,43.104524124504614,264.12118430750684,262.23081436017395,250.28783430282823,233.4823333787805
1067,36,1067,0,35.5666666666672,18.027756377319946,103.12128781197411,9.055385138137417,21.02379604162864,28.071337695236398,32.0624390837628,24.08318915758459,72.17340230306452,51.15662224971465,42.0,36.0,41.0,14.5,33.5,9.5,5.5,13.038404810405298,12.041594578792296,12.5,54.0,44.0,42.04759208325728,264.3709515056448,262.37377917772193,250.39169315294788,234.48027635602958
1068,36,1068,0,35.600000000000534,18.027756377319946,104.23531071570709,10.04987562112089,21.095023109728988,28.160255680657446,30.14962686336267,24.08318915758459,73.24616030891995,52.15361924162119,43.0,35.0,42.0,14.5,34.5,10.5,4.5,13.152946437965905,13.038404810405298,13.0,54.0,44.0,42.190046219457976,265.42418879973997,263.54885695066105,250.51147678300092,234.61670869739862
1069,36,1069,0,35.633333333333866,21.02379604162864,103.1746092796091,10.198039027185569,22.090722034374522,28.160255680657446,31.064449134018133,23.021728866442675,76.23647421018367,54.147945482723536,43.5,36.0,42.0,16.0,37.0,12.0,5.0,13.152946437965905,13.038404810405298,13.0,54.0,43.0,42.190046219457976,265.3695536417092,262.48809496813374,250.57733337235433,232.7767170487633
1070,36,1070,0,35.6666666666672,22.090722034374522,103.1746092796091,9.055385138137417,22.090722034374522,28.160255680657446,30.14962686336267,24.020824298928627,77.23341245859851,55.14526271584895,44.0,37.0,43.0,16.0,37.0,12.0,6.0,13.152946437965905,13.038404810405298,13.5,54.0,44.0,42.190046219457976,266.42259663924904,263.48624252510797,250.51147678300092,233.6193485137736
1071,36,1071,0,35.70000000000053,22.02271554554524,102.23991392797629,9.055385138137417,22.090722034374522,28.160255680657446,30.066592756745816,23.08679276123039,76.23647421018367,54.147945482723536,43.0,35.0,42.0,15.5,37.5,12.5,5.5,13.152946437965905,13.038404810405298,13.0,54.0,44.0,42.1070065428546,263.3723599772763,262.42903802742563,249.39326374222702,232.48440807933767
1072,36,1072,0,35.73333333333386,22.090722034374522,102.23991392797629,9.055385138137417,22.02271554554524,27.16615541441225,31.064449134018133,24.08318915758459,77.23341245859851,55.226805085936306,44.0,36.0,43.0,15.5,37.5,12.5,6.5,14.035668847618199,13.038404810405298,13.0,54.0,43.0,41.19465984809196,265.31867631209076,263.4274093559742,251.5094431626773,232.62201099638014
1073,36,1073,0,35.76666666666719,26.019223662515376,101.17806086301516,8.06225774829855,22.02271554554524,27.16615541441225,31.064449134018133,24.08318915758459,80.15609770940699,58.137767414994535,45.0,38.0,44.0,17.0,39.0,14.0,9.0,13.152946437965905,13.0,13.0,53.0,43.0,42.190046219457976,263.4274093559742,261.43067914841214,249.45139807184887,231.5534495532295
1074,36,1074,0,35.80000000000052,24.020824298928627,98.2496819333274,8.06225774829855,23.021728866442675,24.186773244895647,28.071337695236398,25.179356624028344,80.22468448052632,57.21887800367987,45.0,40.0,47.0,18.5,36.5,11.5,9.5,13.152946437965905,13.038404810405298,13.0,52.0,42.0,42.190046219457976,262.42903802742563,261.43067914841214,248.45321491178174,229.55827146935917
1075,36,1075,0,35.833333333333854,11.045361017187261,96.18731725128839,11.045361017187261,22.02271554554524,23.08679276123039,26.076809620810597,31.016124838541646,75.1065909225016,53.08483775994799,47.5,42.0,48.0,14.0,30.0,5.0,3.0,14.142135623730951,14.035668847618199,14.0,51.0,42.0,42.1070065428546,260.43233286210835,260.43233286210835,249.45139807184887,231.48650068632512
1076,36,1076,0,35.866666666667186,2.0,95.13148795220224,14.035668847618199,21.02379604162864,23.08679276123039,25.019992006393608,32.0624390837628,69.1158447825099,48.093658625644196,47.0,42.0,47.0,12.5,24.5,1.5,0.5,15.132745950421556,14.0,14.0,51.0,42.0,40.11234224026316,260.37665025881256,261.43067914841214,249.39326374222702,232.48440807933767
1077,36,1077,0,35.90000000000052,3.605551275463989,96.13012014972206,14.0,22.0,23.08679276123039,26.019223662515376,30.066592756745816,69.1158447825099,47.16990566028302,45.5,42.0,47.0,14.5,24.5,0.5,0.5,14.142135623730951,14.035668847618199,14.0,51.0,42.0,41.10960958218893,260.27677575995904,261.3235542388018,249.33912649241395,233.42022191746798
1078,36,1078,0,35.93333333333385,17.029386365926403,98.12746812182611,12.041594578792296,22.02271554554524,24.08318915758459,28.0,26.019223662515376,77.10382610480494,55.08175741568164,46.5,42.0,47.0,18.5,32.5,8.5,6.5,14.142135623730951,14.0,14.0,51.0,43.0,41.10960958218893,261.19150062741323,261.19150062741323,248.16325271885037,231.21634890292685
1079,36,1079,0,35.96666666666718,24.020824298928627,97.082439194738,9.0,23.021728866442675,25.019992006393608,28.0178514522438,26.076809620810597,82.09750300709517,59.07622195096772,47.0,44.0,48.0,20.0,36.0,11.0,11.0,13.152946437965905,14.0,14.0,50.0,43.0,41.10960958218893,260.1922366251537,261.19150062741323,249.24285345822858,232.31013753170566
1080,36,1080,0,36.00000000000051,24.08318915758459,98.08159868191383,9.0,22.0,25.079872407968907,28.0178514522438,26.076809620810597,81.09870529176159,59.135437767890075,47.0,43.0,47.0,19.0,36.0,12.0,10.0,13.152946437965905,13.0,13.5,50.0,42.0,43.104524124504614,261.15512631384433,261.15512631384433,248.16325271885037,230.21728866442677
1081,36,1081,0,36.03333333333384,17.029386365926403,98.04590761474952,10.04987562112089,22.0,24.08318915758459,26.019223662515376,29.0,78.02563681252464,56.0357029044876,47.5,43.0,46.0,15.5,33.5,9.5,4.5,13.038404810405298,14.0,14.0,49.0,43.0,44.10215414239989,262.0934947685654,262.0934947685654,249.09837414162303,232.13789005675054
1082,36,1082,0,36.06666666666717,4.0,96.02083107326243,12.041594578792296,22.02271554554524,22.02271554554524,25.0,33.015148038438355,71.06335201775947,49.040799340956916,47.0,42.0,44.0,10.0,28.0,4.0,2.0,14.035668847618199,14.0,13.5,48.0,43.0,43.01162633521314,259.04825805243314,260.09421369957465,249.09837414162303,233.13729860320507
1083,36,1083,0,36.100000000000506,1.0,95.04735661763561,13.0,21.02379604162864,22.02271554554524,24.020824298928627,32.01562118716424,67.02984409947557,46.010868281309364,45.5,41.0,44.0,10.5,24.5,1.5,1.5,15.033296378372908,14.0,14.0,47.0,43.0,43.01162633521314,260.09421369957465,261.0689564080724,250.0719896349849,233.10512649875378
1084,36,1084,0,36.13333333333384,1.0,95.00526301210897,13.038404810405298,21.0,22.02271554554524,25.019992006393608,31.016124838541646,66.03029607687671,45.044422518220834,44.5,42.0,43.0,11.5,23.5,0.5,0.5,14.142135623730951,14.0,14.0,48.0,44.0,43.01162633521314,259.01737393464555,260.00192306981114,248.0020161208372,232.0021551624036
1085,36,1085,0,36.16666666666717,2.23606797749979,97.02061636580135,14.0,22.02271554554524,24.020824298928627,26.0,29.017236257093817,67.06713054842886,45.044422518220834,44.0,40.0,42.0,12.0,26.0,2.0,1.0,15.033296378372908,15.0,15.0,47.0,44.0,41.0,259.0694887477103,260.06922155457,248.07257002740147,231.10603626906848
1086,36,1086,0,36.2000000000005,11.180339887498949,98.04590761474952,11.0,22.0,25.019992006393608,28.0,27.0,71.02816342831905,49.040799340956916,43.5,41.0,44.0,15.5,28.5,5.5,4.5,15.033296378372908,14.035668847618199,14.0,48.0,45.0,42.0,260.00192306981114,260.00192306981114,248.0020161208372,232.01939574095957
1087,36,1087,0,36.23333333333383,16.0312195418814,97.02061636580135,11.0,22.0,25.019992006393608,28.0,24.020824298928627,73.02739212103907,51.03920062069938,43.0,41.0,43.0,18.0,31.0,7.0,8.0,14.142135623730951,15.033296378372908,15.0,48.0,45.0,42.01190307520001,261.01724080987447,261.0019157017818,250.0,232.0
1088,36,1088,0,36.26666666666716,16.0312195418814,97.02061636580135,11.0,22.0,25.019992006393608,29.0,22.090722034374522,71.06335201775947,49.09175083453431,41.0,38.0,40.0,17.0,32.0,9.0,7.0,14.035668847618199,14.035668847618199,15.0,48.0,46.0,41.012193308819754,261.03064954139006,260.0307674103201,248.0181444975347,231.01947969814148
1089,36,1089,0,36.300000000000495,15.033296378372908,99.02019995940222,10.0,22.0,27.018512172212592,30.0,23.194827009486403,70.11419257183242,48.16637831516918,40.5,38.0,40.0,16.0,31.0,8.0,6.0,15.033296378372908,14.035668847618199,14.5,47.0,45.0,42.01190307520001,262.00763347658403,261.0019157017818,249.0020080240318,232.0021551624036
1090,36,1090,0,36.33333333333383,12.041594578792296,99.02019995940222,11.0,23.0,27.018512172212592,30.0,22.090722034374522,68.06614430096654,45.09988913511872,39.0,36.0,38.0,15.0,31.0,6.0,5.0,14.035668847618199,14.035668847618199,14.0,47.0,44.0,42.0,261.03064954139006,260.0173071162764,249.0020080240318,233.00214591286493
1091,36,1091,0,36.36666666666716,13.038404810405298,99.02019995940222,10.0,23.021728866442675,27.018512172212592,30.0,22.090722034374522,68.11754546370561,45.09988913511872,38.5,36.0,38.0,15.0,31.0,7.0,5.0,15.132745950421556,15.0,15.0,48.0,45.0,42.0,261.0,261.0019157017818,250.01799935204664,234.00213674238105
1092,36,1092,0,36.40000000000049,13.038404810405298,99.02019995940222,11.045361017187261,21.0,27.018512172212592,29.0,22.090722034374522,67.11929677819934,46.17358552246078,39.5,36.0,38.0,15.0,30.0,7.0,5.0,14.035668847618199,14.035668847618199,14.0,47.0,44.0,42.0,262.01717500957835,260.0076921939041,248.0,233.00214591286493
1093,36,1093,0,36.43333333333382,13.152946437965905,100.0199980003999,10.0,21.0,27.018512172212592,29.017236257093817,23.08679276123039,67.11929677819934,46.17358552246078,39.5,36.0,38.0,14.0,30.0,7.0,5.0,15.033296378372908,15.033296378372908,15.5,48.0,45.0,42.0,261.0019157017818,260.00192306981114,248.0020161208372,232.0021551624036
1094,36,1094,0,36.46666666666715,14.035668847618199,98.02040603874276,9.0,21.0,28.0178514522438,30.0,23.194827009486403,67.11929677819934,46.17358552246078,39.0,36.0,38.0,14.0,30.0,7.0,5.0,14.035668847618199,15.0,15.0,48.0,46.0,42.0,262.00763347658403,261.0019157017818,249.0020080240318,233.0085835328819
1095,36,1095,0,36.50000000000048,13.152946437965905,98.02040603874276,10.0,22.0,27.018512172212592,30.0,23.021728866442675,68.06614430096654,46.09772228646444,39.5,37.0,39.0,15.0,30.0,6.0,5.0,15.033296378372908,15.033296378372908,15.0,48.0,45.0,43.0,261.01724080987447,261.00766272276377,250.0079998720041,233.0085835328819
1096,36,1096,0,36.533333333333815,13.152946437965905,98.02040603874276,10.0,21.0,26.019223662515376,29.0,23.08679276123039,67.11929677819934,46.17358552246078,39.5,36.0,38.0,14.0,30.0,7.0,4.0,14.142135623730951,14.035668847618199,14.0,48.0,45.0,43.0,261.00766272276377,261.0019157017818,249.0,232.0021551624036
1097,36,1097,0,36.566666666667146,13.152946437965905,100.0199980003999,10.0,21.0,27.018512172212592,29.0,23.021728866442675,67.06713054842886,46.09772228646444,39.5,36.0,38.0,14.0,30.0,7.0,5.0,15.033296378372908,14.035668847618199,14.5,47.0,45.0,42.0,262.01717500957835,261.00766272276377,249.0,233.00214591286493
1098,36,1098,0,36.60000000000048,12.041594578792296,100.0199980003999,10.0,21.02379604162864,27.073972741361768,30.0,24.186773244895647,67.1863081289633,46.17358552246078,40.0,37.0,39.0,14.0,29.0,6.0,4.0,15.033296378372908,14.035668847618199,14.5,47.0,45.0,42.0,262.00763347658403,261.00766272276377,249.0,232.0021551624036
1099,36,1099,0,36.63333333333381,13.152946437965905,100.0199980003999,10.0,22.0,26.019223662515376,29.0,23.08679276123039,68.11754546370561,46.17358552246078,39.5,37.0,39.0,15.0,30.0,6.0,5.0,16.1245154965971,15.033296378372908,15.5,49.0,47.0,40.0,262.0,261.0,250.00199999200007,233.00214591286493
1100,36,1100,0,36.66666666666714,13.152946437965905,100.04498987955368,10.04987562112089,21.0,26.076809620810597,29.0,23.021728866442675,67.11929677819934,46.17358552246078,39.5,36.0,39.0,14.5,29.5,6.5,4.5,16.1245154965971,16.0312195418814,16.0,48.0,46.0,42.0,261.0019157017818,261.0,250.00199999200007,232.0021551624036
1101,36,1101,0,36.70000000000047,13.152946437965905,100.0199980003999,11.0,21.02379604162864,27.018512172212592,30.0,23.021728866442675,68.11754546370561,47.095647357266465,40.5,38.0,40.0,16.0,29.0,6.0,6.0,15.033296378372908,15.033296378372908,15.0,48.0,45.0,42.0,261.0019157017818,260.0,248.0020161208372,232.0021551624036
1102,36,1102,0,36.7333333333338,14.035668847618199,99.04544411531506,11.045361017187261,22.02271554554524,27.073972741361768,30.0,23.08679276123039,70.178344238091,48.16637831516918,41.0,39.0,42.0,17.5,29.5,5.5,6.5,16.1245154965971,16.0312195418814,16.0,49.0,45.0,42.01190307520001,261.03064954139006,260.0173071162764,249.0180716333656,233.03433223454437
1103,36,1103,0,36.766666666667135,16.1245154965971,97.04638066409278,10.0,23.0,26.076809620810597,29.0,23.08679276123039,72.11102550927978,49.16299421312742,41.0,40.0,43.0,18.5,30.5,5.5,8.5,15.033296378372908,15.033296378372908,15.0,49.0,46.0,41.012193308819754,261.03064954139006,260.0173071162764,248.0181444975347,231.03462943896528
1104,36,1104,0,36.80000000000047,18.110770276274835,96.04686356149273,11.0,23.021728866442675,26.076809620810597,28.0,22.090722034374522,74.16872656315464,51.15662224971465,42.0,41.0,44.0,20.5,31.5,7.5,9.5,15.132745950421556,16.0312195418814,15.5,49.0,46.0,41.0,263.0171097096157,262.01717500957835,249.00803199896987,231.01947969814148
1105,36,1105,0,36.8333333333338,21.095023109728988,97.04638066409278,10.0,23.021728866442675,27.018512172212592,30.0,22.090722034374522,76.16429609731846,53.150729063673246,42.5,41.0,44.0,20.5,33.5,8.5,10.5,15.132745950421556,15.033296378372908,15.5,49.0,46.0,42.0,261.03064954139006,260.0307674103201,247.0323865407125,231.07790893982056
1106,36,1106,0,36.86666666666713,23.08679276123039,97.02061636580135,11.0,23.0,28.071337695236398,31.016124838541646,22.090722034374522,79.1012010022604,56.142675390472796,44.5,43.0,45.0,22.0,35.0,10.0,11.0,16.0312195418814,16.0,16.0,51.0,46.0,42.01190307520001,263.0684321616716,261.0689564080724,248.07257002740147,230.10649708341572
1107,36,1107,0,36.90000000000046,23.08679276123039,97.04638066409278,11.0,22.0,28.071337695236398,31.016124838541646,22.090722034374522,78.10249675906654,56.142675390472796,44.5,42.0,45.0,21.5,34.5,10.5,10.5,16.0312195418814,16.0,16.0,50.0,45.0,41.0,263.0684321616716,260.06922155457,247.05060210410335,229.0785891348207
1108,36,1108,0,36.93333333333379,23.021728866442675,98.04590761474952,11.0,23.0,27.018512172212592,31.0,22.090722034374522,79.05694150420949,56.08029957123981,44.5,42.0,45.0,21.5,35.5,10.5,11.5,16.0312195418814,15.0,15.5,50.0,45.0,42.04759208325728,263.0684321616716,261.0689564080724,248.07257002740147,230.07824755939012
1109,36,1109,0,36.96666666666712,25.019992006393608,98.08159868191383,10.0,25.019992006393608,29.068883707497267,32.01562118716424,23.08679276123039,83.09632964216891,58.077534382926416,45.5,44.0,48.0,23.0,37.0,9.0,13.0,14.035668847618199,15.0,14.5,51.0,46.0,42.04759208325728,262.0934947685654,261.0938528575501,249.09837414162303,230.13908837917995
1110,36,1110,0,37.000000000000455,25.019992006393608,98.12746812182611,11.0,25.019992006393608,28.071337695236398,31.016124838541646,22.090722034374522,83.09632964216891,58.077534382926416,45.5,43.0,48.0,23.5,37.5,9.5,12.5,15.132745950421556,15.0,15.0,51.0,46.0,43.01162633521314,262.0934947685654,260.09421369957465,247.09917037497314,230.13908837917995
1111,36,1111,0,37.033333333333786,26.019223662515376,99.08077512817509,11.0,25.019992006393608,29.068883707497267,32.01562118716424,21.095023109728988,83.09632964216891,58.077534382926416,45.0,43.0,47.0,24.0,38.0,10.0,12.0,15.033296378372908,15.0,15.0,51.0,45.0,43.04648650006177,262.1221089492453,260.09421369957465,247.09917037497314,229.13969538253298
1112,36,1112,0,37.06666666666712,26.019223662515376,97.082439194738,11.0,25.019992006393608,26.076809620810597,30.01666203960727,23.08679276123039,85.09406559801923,60.07495318350236,47.0,44.0,48.0,23.0,39.0,12.0,12.0,15.132745950421556,15.0,14.5,51.0,44.0,43.04648650006177,262.1221089492453,260.1230478062257,247.12952069714376,229.17678765529462
1113,36,1113,0,37.10000000000045,12.041594578792296,100.07996802557443,14.0,24.020824298928627,24.020824298928627,27.018512172212592,29.017236257093817,79.05694150420949,55.036351623268054,49.0,43.0,47.0,16.0,34.0,8.0,3.0,15.033296378372908,15.0,15.0,51.0,45.0,43.01162633521314,262.1221089492453,260.1230478062257,249.12848090894786,230.17601960239037
1114,36,1114,0,37.13333333333378,2.23606797749979,101.07917688624102,14.0,22.0,23.08679276123039,25.019992006393608,33.0,70.02856560004639,48.041648597857254,47.5,41.0,45.0,10.0,27.0,3.0,3.0,14.035668847618199,15.033296378372908,15.0,51.0,44.0,43.01162633521314,261.1225765804252,262.1221089492453,250.12796724876648,234.17301296263838
1115,36,1115,0,37.16666666666711,13.038404810405298,101.1236866416568,11.045361017187261,22.02271554554524,24.08318915758459,26.019223662515376,28.0,74.06078584514209,52.03844732503075,45.5,42.0,47.0,16.5,29.5,5.5,5.5,14.035668847618199,14.035668847618199,14.5,51.0,45.0,42.04759208325728,260.1230478062257,261.1225765804252,250.12796724876648,232.2154172315008
1116,36,1116,0,37.20000000000044,18.110770276274835,100.12492197250393,10.0,22.02271554554524,26.019223662515376,28.0178514522438,25.019992006393608,75.1065909225016,53.08483775994799,44.0,43.0,48.0,20.5,29.5,5.5,10.5,14.142135623730951,14.0,14.5,52.0,45.0,42.04759208325728,261.0938528575501,261.0938528575501,249.12848090894786,232.17450333746814
1117,36,1117,0,37.233333333333775,18.027756377319946,97.12878049270464,11.045361017187261,23.021728866442675,24.186773244895647,28.0178514522438,23.08679276123039,75.16648189186454,52.15361924162119,43.0,42.0,47.0,21.5,30.5,5.5,9.5,15.033296378372908,15.0,15.0,51.0,45.0,43.04648650006177,262.0934947685654,261.0938528575501,249.12848090894786,232.2154172315008
1118,36,1118,0,37.26666666666711,19.026297590440446,95.1892851112981,10.0,24.020824298928627,23.08679276123039,27.073972741361768,23.194827009486403,76.16429609731846,52.15361924162119,42.5,42.0,48.0,22.0,31.0,5.0,11.0,14.035668847618199,14.0,14.0,50.0,43.0,43.01162633521314,261.23169792351007,261.19150062741323,250.2418829852429,232.31013753170566
1119,36,1119,0,37.30000000000044,16.0312195418814,91.19758768739445,12.0,26.019223662515376,23.194827009486403,25.079872407968907,23.194827009486403,77.1621668954417,51.15662224971465,43.0,42.0,48.0,22.0,32.0,4.0,9.0,13.038404810405298,14.035668847618199,14.0,51.0,44.0,43.01162633521314,263.1216448717209,261.1225765804252,250.12796724876648,232.13789005675054
1120,36,1120,0,37.33333333333377,6.082762530298219,92.0869154657707,15.0,26.019223662515376,22.02271554554524,25.019992006393608,27.073972741361768,74.10802925459562,48.093658625644196,45.0,43.0,47.0,18.0,29.0,1.0,3.0,15.033296378372908,14.0,14.0,51.0,43.0,42.04759208325728,261.15512631384433,262.15453457836657,250.09798079952586,234.13671220037236
1121,36,1121,0,37.3666666666671,1.4142135623730951,94.13288479590966,14.0,24.020824298928627,22.02271554554524,25.019992006393608,31.064449134018133,70.11419257183242,46.09772228646444,45.5,43.0,48.0,14.5,24.5,1.5,1.5,14.035668847618199,14.0,14.5,51.0,44.0,42.04759208325728,260.1922366251537,260.1922366251537,247.2023462671825,231.21634890292685
1122,36,1122,0,37.40000000000043,5.0990195135927845,97.18538984847466,14.0,24.020824298928627,23.08679276123039,26.076809620810597,29.068883707497267,72.11102550927978,48.093658625644196,45.5,43.0,49.0,17.0,26.0,0.0,3.0,14.142135623730951,14.0,14.0,50.0,43.0,40.11234224026316,260.1922366251537,261.19150062741323,249.1625975141534,232.2154172315008
1123,36,1123,0,37.43333333333376,21.02379604162864,98.18350166906862,12.041594578792296,24.020824298928627,24.020824298928627,28.0178514522438,26.076809620810597,83.15046602394962,59.135437767890075,48.5,45.0,51.0,22.0,35.0,9.0,10.0,14.142135623730951,15.033296378372908,15.0,51.0,44.0,41.048751503547585,260.155722597063,260.155722597063,249.1625975141534,231.21634890292685
1124,36,1124,0,37.466666666667095,23.08679276123039,101.07917688624102,12.0,23.0,27.073972741361768,30.066592756745816,24.08318915758459,82.09750300709517,59.135437767890075,47.5,45.0,49.0,23.0,35.0,9.0,11.0,14.142135623730951,14.0,14.0,51.0,44.0,41.10960958218893,262.15453457836657,261.15512631384433,248.12899870833317,230.21728866442677
1125,36,1125,0,37.500000000000426,20.09975124224178,102.12247548899312,12.041594578792296,23.0,27.073972741361768,31.064449134018133,24.020824298928627,79.1012010022604,56.142675390472796,46.0,43.0,48.0,21.5,33.5,8.5,9.5,14.142135623730951,15.0,15.0,51.0,44.0,43.104524124504614,263.1539473388153,262.15453457836657,251.16130275183716,233.21449354617735
1126,36,1126,0,37.53333333333376,19.026297590440446,105.11898020814318,11.045361017187261,22.02271554554524,28.071337695236398,31.064449134018133,24.020824298928627,76.10519036176179,54.08326913195984,44.5,40.0,45.0,18.5,33.5,9.5,7.5,14.035668847618199,14.0,14.0,50.0,44.0,42.04759208325728,262.1907702418222,262.1907702418222,249.20072231034965,233.21449354617735
1127,36,1127,0,37.56666666666709,21.095023109728988,106.04244433244644,11.0,22.02271554554524,29.068883707497267,31.016124838541646,24.08318915758459,78.16009211867653,56.142675390472796,45.5,41.0,44.0,18.5,35.5,11.5,6.5,13.038404810405298,14.0,14.0,50.0,44.0,42.04759208325728,263.0931394012394,262.1221089492453,250.09798079952586,233.173754955398
1128,36,1128,0,37.60000000000042,23.08679276123039,105.04284840006957,11.0,22.0,30.066592756745816,33.015148038438355,24.08318915758459,80.09993757800315,58.137767414994535,46.5,41.0,44.0,18.5,37.5,13.5,7.5,13.038404810405298,14.0,14.0,49.0,45.0,43.04648650006177,264.12118430750684,262.1221089492453,250.12796724876648,233.173754955398
1129,36,1129,0,37.63333333333375,27.018512172212592,105.04284840006957,10.04987562112089,23.021728866442675,29.068883707497267,33.0,23.08679276123039,83.15046602394962,60.13318551349163,46.5,41.0,44.0,19.5,40.5,16.5,8.5,14.035668847618199,13.0,13.5,49.0,44.0,40.049968789001575,263.04752422328556,262.0686932847951,249.07227866625382,232.13789005675054
1130,36,1130,0,37.66666666666708,26.019223662515376,105.01904589168576,10.0,22.02271554554524,30.01666203960727,33.0,24.08318915758459,82.09750300709517,60.07495318350236,47.0,41.0,43.0,18.0,40.0,16.0,8.0,14.035668847618199,14.035668847618199,14.0,49.0,45.0,43.04648650006177,262.03053257206494,261.03064954139006,248.0181444975347,231.05410621756974
1131,36,1131,0,37.700000000000415,23.08679276123039,106.01886624558857,10.0,21.0,29.068883707497267,32.0,24.08318915758459,78.10249675906654,57.14017850864661,45.5,39.0,41.0,16.0,38.0,15.0,6.0,14.142135623730951,14.0,14.0,50.0,45.0,40.049968789001575,263.0304164920856,262.03053257206494,249.0321264415497,233.0772404161333
1132,36,1132,0,37.73333333333375,20.024984394500787,105.01904589168576,10.0,21.0,29.017236257093817,32.0,24.08318915758459,75.05997601918082,54.08326913195984,44.0,38.0,40.0,15.0,36.0,13.0,5.0,14.035668847618199,14.0,14.0,49.0,45.0,41.012193308819754,264.030301291348,262.03053257206494,249.00803199896987,232.03448019637082
1133,36,1133,0,37.76666666666708,19.026297590440446,104.04326023342406,10.0,22.02271554554524,29.017236257093817,32.0,23.08679276123039,74.10802925459562,52.08646657242167,42.5,37.0,40.0,15.5,35.5,11.5,5.5,13.038404810405298,14.0,14.5,49.0,44.0,41.048751503547585,262.03053257206494,261.03064954139006,249.0180716333656,233.01931250435015
1134,36,1134,0,37.80000000000041,20.09975124224178,105.04284840006957,10.0,22.02271554554524,29.068883707497267,33.0,22.02271554554524,74.10802925459562,52.08646657242167,42.0,35.0,38.0,14.5,37.5,13.5,4.5,14.142135623730951,14.0,14.0,50.0,44.0,42.04759208325728,263.04752422328556,262.0477055804916,250.0079998720041,234.01922997907673
1135,36,1135,0,37.83333333333374,22.02271554554524,103.01941564578979,9.0,22.02271554554524,29.017236257093817,32.01562118716424,24.08318915758459,77.10382610480494,55.08175741568164,44.0,38.0,40.0,15.0,38.0,14.0,6.0,14.142135623730951,14.0,14.0,50.0,46.0,41.048751503547585,262.03053257206494,261.04788832702707,248.0181444975347,232.01939574095957
1136,36,1136,0,37.86666666666707,22.02271554554524,103.04368005850722,10.04987562112089,22.02271554554524,28.0178514522438,31.0,23.021728866442675,77.10382610480494,55.08175741568164,44.0,37.0,40.0,15.5,38.5,14.5,5.5,15.132745950421556,15.033296378372908,15.0,49.0,44.0,42.1070065428546,262.0477055804916,261.03064954139006,249.0180716333656,232.01939574095957
1137,36,1137,0,37.9000000000004,21.095023109728988,103.01941564578979,10.0,22.0,29.017236257093817,32.0,23.021728866442675,76.05918747922567,54.08326913195984,43.5,38.0,40.0,16.0,37.0,12.0,7.0,15.033296378372908,15.0,15.5,50.0,45.0,42.04759208325728,263.04752422328556,261.03064954139006,248.0181444975347,231.01947969814148
1138,36,1138,0,37.933333333333735,21.02379604162864,103.01941564578979,10.0,22.02271554554524,29.068883707497267,32.0,22.090722034374522,75.1065909225016,53.08483775994799,42.5,36.0,38.0,15.0,38.0,14.0,5.0,14.142135623730951,13.038404810405298,13.5,50.0,44.0,41.048751503547585,262.0477055804916,261.0689564080724,249.0321264415497,232.0538730553748
1139,36,1139,0,37.96666666666707,21.02379604162864,102.0196059588548,10.04987562112089,23.021728866442675,28.0178514522438,32.0,22.02271554554524,76.10519036176179,53.08483775994799,42.5,37.0,39.0,16.0,38.0,13.0,6.0,15.033296378372908,14.035668847618199,14.0,50.0,45.0,41.048751503547585,261.03064954139006,260.0076921939041,248.0020161208372,232.0021551624036
1140,36,1140,0,38.0000000000004,22.090722034374522,103.01941564578979,10.0,23.0,28.0178514522438,31.0,22.02271554554524,77.05841939723393,54.08326913195984,43.0,37.0,39.0,16.0,39.0,14.0,6.0,15.033296378372908,14.0,14.0,50.0,45.0,42.04759208325728,261.03064954139006,261.03064954139006,248.0080643850115,232.0086205294967
1141,36,1141,0,38.03333333333373,19.1049731745428,103.01941564578979,10.0,22.0,29.017236257093817,32.0,22.090722034374522,73.10950690573696,51.15662224971465,41.5,36.0,38.0,15.0,36.0,12.0,6.0,14.142135623730951,14.035668847618199,14.0,49.0,45.0,42.04759208325728,262.1221089492453,262.1221089492453,250.09798079952586,234.10467744152402
1142,36,1142,0,38.06666666666706,18.027756377319946,102.00490184299969,10.04987562112089,23.021728866442675,28.0178514522438,32.0,22.02271554554524,73.10950690573696,50.08991914547278,41.0,37.0,38.0,15.5,35.5,11.5,5.5,14.035668847618199,14.035668847618199,14.0,48.0,44.0,41.012193308819754,262.0686932847951,261.0938528575501,250.04999500099976,233.0772404161333
1143,36,1143,0,38.10000000000039,18.027756377319946,104.00480758118829,10.0,23.021728866442675,29.017236257093817,32.0,22.02271554554524,73.06161783043132,50.039984012787215,41.0,37.0,38.0,15.5,35.5,10.5,5.5,15.132745950421556,14.035668847618199,14.0,49.0,45.0,41.012193308819754,261.0689564080724,260.0480724789169,249.0180716333656,234.03418553707064
1144,36,1144,0,38.13333333333373,17.029386365926403,105.01904589168576,10.0,22.02271554554524,29.017236257093817,32.0,23.08679276123039,72.11102550927978,50.08991914547278,41.5,35.0,37.0,13.0,36.0,12.0,4.0,15.033296378372908,14.035668847618199,14.5,48.0,43.0,40.049968789001575,261.0689564080724,260.0480724789169,248.03225596683993,233.01931250435015
1145,36,1145,0,38.166666666667055,16.0312195418814,105.00476179678711,10.0,22.02271554554524,29.0,32.0,23.08679276123039,71.11258679024411,49.09175083453431,41.0,35.0,36.0,12.5,35.5,12.5,3.5,11.180339887498949,11.045361017187261,11.5,49.0,45.0,42.01190307520001,261.04788832702707,261.03064954139006,249.00803199896987,234.03418553707064
1146,36,1146,0,38.20000000000039,15.033296378372908,104.00480758118829,10.0,21.02379604162864,29.017236257093817,32.0,23.08679276123039,69.1158447825099,48.093658625644196,40.5,35.0,36.0,12.5,33.5,10.5,3.5,8.06225774829855,7.0710678118654755,7.5,48.0,45.0,42.01190307520001,261.03064954139006,260.0307674103201,249.00803199896987,234.00854685246006
1147,36,1147,0,38.23333333333372,15.132745950421556,104.00480758118829,10.0,21.0,28.0178514522438,31.0,22.090722034374522,68.11754546370561,47.16990566028302,39.5,34.0,35.0,12.5,33.5,10.5,2.5,8.0,9.055385138137417,8.5,50.0,46.0,41.012193308819754,262.0477055804916,261.04788832702707,250.01799935204664,234.03418553707064
1148,36,1148,0,38.26666666666705,16.1245154965971,103.00485425454472,10.04987562112089,22.0,29.017236257093817,32.0,22.02271554554524,70.11419257183242,48.16637831516918,40.0,34.0,35.0,12.5,35.5,11.5,2.5,7.0,7.0710678118654755,7.0,49.0,46.0,44.04543109109048,261.01724080987447,261.01724080987447,250.01799935204664,235.03404008781365
1149,36,1149,0,38.30000000000038,16.1245154965971,102.00490184299969,10.0,23.021728866442675,29.017236257093817,31.0,23.08679276123039,72.17340230306452,49.16299421312742,41.0,36.0,37.0,13.5,35.5,10.5,4.5,8.0,8.06225774829855,8.5,48.0,45.0,43.01162633521314,263.00760445279906,262.00763347658403,250.00199999200007,235.00851048419503
1150,36,1150,0,38.33333333333371,19.026297590440446,103.01941564578979,9.055385138137417,23.021728866442675,29.017236257093817,32.0,23.021728866442675,74.10802925459562,51.088159097779204,41.5,36.0,38.0,14.0,37.0,12.0,5.0,9.055385138137417,10.04987562112089,10.0,49.0,45.0,41.012193308819754,263.0684321616716,262.03053257206494,250.0319979522621,233.05364189387817
1151,36,1151,0,38.36666666666704,18.110770276274835,102.00490184299969,10.0,23.0,29.017236257093817,33.0,23.08679276123039,74.10802925459562,51.15662224971465,42.0,37.0,38.0,14.5,36.5,11.5,4.5,13.038404810405298,13.038404810405298,13.0,50.0,45.0,42.01190307520001,264.04734423962685,263.0304164920856,249.0180716333656,234.01922997907673
1152,36,1152,0,38.400000000000375,17.029386365926403,102.0196059588548,10.04987562112089,23.021728866442675,28.0178514522438,32.0,22.02271554554524,72.11102550927978,49.09175083453431,40.5,35.0,37.0,14.0,36.0,11.0,4.0,13.038404810405298,14.0,13.5,48.0,45.0,42.01190307520001,263.04752422328556,262.03053257206494,249.00803199896987,233.01931250435015
1153,36,1153,0,38.43333333333371,15.033296378372908,102.0196059588548,10.04987562112089,23.021728866442675,29.068883707497267,32.0,22.090722034374522,70.178344238091,47.16990566028302,39.5,35.0,37.0,14.0,34.0,9.0,4.0,13.152946437965905,13.0,13.0,49.0,44.0,41.012193308819754,262.03053257206494,261.04788832702707,249.0321264415497,234.05341270744162
1154,36,1154,0,38.46666666666704,14.035668847618199,103.04368005850722,10.04987562112089,22.02271554554524,30.01666203960727,33.0,23.021728866442675,69.1158447825099,47.095647357266465,40.0,34.0,37.0,12.5,33.5,9.5,3.5,13.038404810405298,14.0,14.0,48.0,45.0,40.01249804748511,262.01717500957835,261.01724080987447,250.0079998720041,233.01931250435015
1155,36,1155,0,38.50000000000037,15.132745950421556,104.04326023342406,9.0,22.0,28.0178514522438,31.0,23.021728866442675,69.06518659932803,47.095647357266465,39.5,34.0,37.0,12.5,33.5,9.5,3.5,14.035668847618199,15.033296378372908,15.0,49.0,46.0,42.0,261.04788832702707,261.03064954139006,249.0180716333656,234.05341270744162
1156,36,1156,0,38.5333333333337,14.142135623730951,104.01922899156675,10.0,22.0,28.0178514522438,31.0,23.08679276123039,69.1158447825099,47.16990566028302,40.0,34.0,36.0,12.0,34.0,10.0,3.0,14.035668847618199,15.0,14.5,48.0,45.0,40.0,262.0686932847951,261.04788832702707,250.0319979522621,234.07691043757393
1157,36,1157,0,38.56666666666703,17.11724276862369,104.04326023342406,10.04987562112089,23.021728866442675,28.0178514522438,31.0,22.02271554554524,72.17340230306452,49.16299421312742,40.5,34.0,37.0,13.5,36.5,11.5,3.5,14.035668847618199,14.0,14.5,49.0,45.0,41.012193308819754,260.06922155457,261.0689564080724,250.0719896349849,234.10467744152402
1158,36,1158,0,38.60000000000037,23.08679276123039,101.04454463255303,10.0,24.020824298928627,29.068883707497267,32.0,23.08679276123039,80.15609770940699,56.142675390472796,44.5,39.0,42.0,17.5,39.5,12.5,7.5,15.033296378372908,14.0,14.0,50.0,46.0,43.01162633521314,263.04752422328556,262.0477055804916,250.0319979522621,231.05410621756974
1159,36,1159,0,38.633333333333695,32.01562118716424,100.04498987955368,10.04987562112089,25.019992006393608,29.017236257093817,32.0,23.08679276123039,90.13878188659973,65.12296062065974,49.0,42.0,45.0,20.5,46.5,19.5,10.5,13.152946437965905,14.0,14.0,50.0,46.0,42.01190307520001,264.15336454416024,262.1907702418222,250.19992006393608,231.26175645791503
1160,36,1160,0,38.66666666666703,35.05709628591621,100.07996802557443,11.045361017187261,25.019992006393608,29.068883707497267,33.0,23.08679276123039,94.19129471453293,69.18092222571191,51.5,43.0,47.0,22.0,49.0,21.0,11.0,14.142135623730951,14.0,14.5,49.0,45.0,42.01190307520001,263.1216448717209,262.15453457836657,249.12848090894786,231.21634890292685
1161,36,1161,0,38.70000000000036,37.05401462729781,102.07840124139877,10.0,24.020824298928627,29.068883707497267,33.015148038438355,22.090722034374522,93.13431161500041,69.1158447825099,50.5,42.0,46.0,22.0,49.0,22.0,11.0,14.142135623730951,14.0,14.0,50.0,45.0,42.01190307520001,264.15336454416024,262.1907702418222,249.1625975141534,232.2154172315008
1162,36,1162,0,38.73333333333369,30.01666203960727,100.07996802557443,9.055385138137417,24.020824298928627,26.019223662515376,31.0,25.079872407968907,88.14193099768123,64.1248781675256,49.0,43.0,47.0,20.0,43.0,17.0,11.0,14.142135623730951,14.0,14.0,50.0,45.0,43.04648650006177,263.1216448717209,261.15512631384433,248.16325271885037,231.21634890292685
1163,36,1163,0,38.76666666666702,31.064449134018133,100.07996802557443,8.0,24.020824298928627,28.071337695236398,32.0,24.08318915758459,87.14355971613737,63.12685640834652,47.5,42.0,46.0,20.0,43.0,17.0,11.0,13.038404810405298,13.0,13.5,50.0,44.0,42.01190307520001,262.23081436017395,261.19150062741323,249.20072231034965,231.26175645791503
1164,36,1164,0,38.80000000000035,22.02271554554524,101.04454463255303,10.04987562112089,23.021728866442675,25.079872407968907,29.0,26.019223662515376,81.09870529176159,58.077534382926416,47.0,42.0,45.0,17.5,37.5,13.5,7.5,13.152946437965905,14.0,14.0,49.0,44.0,42.01190307520001,259.15632348063593,260.1922366251537,249.1625975141534,232.17450333746814
1165,36,1165,0,38.83333333333368,2.23606797749979,97.04638066409278,14.0,23.0,22.02271554554524,25.019992006393608,30.01666203960727,69.02897942168927,46.04345773288535,45.0,41.0,44.0,12.5,26.5,1.5,0.5,15.132745950421556,15.0,15.0,49.0,43.0,42.04759208325728,260.1922366251537,261.23169792351007,251.24092023394596,235.30618351416098
1166,36,1166,0,38.866666666667015,2.0,97.04638066409278,15.033296378372908,22.02271554554524,22.090722034374522,24.020824298928627,30.0,69.02897942168927,47.01063709417264,46.0,42.0,45.0,13.5,25.5,1.5,0.5,15.033296378372908,15.0,15.0,48.0,42.0,42.04759208325728,260.27677575995904,261.27571643763605,250.2418829852429,234.30749027719963
1167,36,1167,0,38.90000000000035,7.0710678118654755,94.08506789071261,14.0,25.0,21.095023109728988,23.021728866442675,27.073972741361768,73.06161783043132,48.093658625644196,44.5,42.0,46.0,17.0,29.0,2.0,3.0,16.1245154965971,16.0,16.0,50.0,43.0,43.01162633521314,260.27677575995904,260.1922366251537,250.1619475459847,232.17450333746814
1168,36,1168,0,38.93333333333368,9.0,92.0869154657707,14.035668847618199,25.019992006393608,21.02379604162864,23.021728866442675,28.071337695236398,76.10519036176179,51.088159097779204,46.5,44.0,48.0,18.0,30.0,3.0,5.0,15.033296378372908,16.0,15.0,50.0,44.0,43.04648650006177,260.2325882744127,261.19150062741323,250.19992006393608,232.26062946612367
1169,36,1169,0,38.96666666666701,9.0,90.0499861188218,14.035668847618199,25.019992006393608,20.024984394500787,23.08679276123039,27.073972741361768,75.1065909225016,50.08991914547278,45.5,43.0,46.0,17.5,30.5,3.5,4.5,14.142135623730951,15.0,15.0,50.0,44.0,44.04543109109048,258.2343896540505,259.2778432492835,249.28898892650673,232.42202993692314
1170,36,1170,0,39.00000000000034,7.0710678118654755,90.0499861188218,15.0,27.0,20.024984394500787,23.021728866442675,27.16615541441225,76.10519036176179,49.16299421312742,45.5,43.0,46.0,17.5,31.5,2.5,3.5,16.1245154965971,15.0,15.0,50.0,44.0,43.01162633521314,258.1937257177254,260.2325882744127,250.2418829852429,233.30880823492285
1171,36,1171,0,39.03333333333367,8.06225774829855,89.08984229416954,14.0,26.019223662515376,20.024984394500787,23.021728866442675,28.071337695236398,76.10519036176179,50.08991914547278,46.0,43.0,47.0,17.0,31.0,3.0,4.0,16.1245154965971,16.0,16.0,49.0,43.0,43.04648650006177,261.27571643763605,262.2746651889961,250.2418829852429,233.30880823492285
1172,36,1172,0,39.06666666666701,7.0,92.04890004774636,14.035668847618199,26.0,20.024984394500787,23.0,29.068883707497267,76.05918747922567,50.08991914547278,46.5,43.0,46.0,15.5,31.5,4.5,2.5,16.1245154965971,15.0,15.5,49.0,43.0,43.01162633521314,259.23348549136165,260.2325882744127,250.1619475459847,233.173754955398
1173,36,1173,0,39.100000000000335,7.0710678118654755,94.02127418834527,15.0,25.0,21.02379604162864,23.021728866442675,29.068883707497267,76.05918747922567,51.088159097779204,47.5,44.0,46.0,16.0,31.0,4.0,2.0,15.132745950421556,14.0,14.5,49.0,43.0,43.04648650006177,259.2778432492835,260.3247971285102,251.3364279208249,234.3608329051593
1174,36,1174,0,39.13333333333367,12.041594578792296,100.07996802557443,14.035668847618199,25.019992006393608,22.02271554554524,26.019223662515376,26.076809620810597,77.1621668954417,52.15361924162119,46.0,43.0,47.0,19.0,32.0,6.0,5.0,14.142135623730951,14.035668847618199,14.5,49.0,43.0,44.01136216933077,261.23169792351007,262.23081436017395,252.1983346495373,235.25730594393875
1175,36,1175,0,39.166666666667,18.027756377319946,101.07917688624102,13.0,23.021728866442675,25.019992006393608,29.017236257093817,23.194827009486403,77.1621668954417,54.147945482723536,45.0,43.0,47.0,22.0,32.0,7.0,9.0,15.132745950421556,14.035668847618199,14.5,50.0,43.0,43.04648650006177,263.1900454044567,263.1539473388153,252.1983346495373,234.17301296263838
1176,36,1176,0,39.20000000000033,25.019992006393608,101.07917688624102,11.0,25.019992006393608,27.073972741361768,31.016124838541646,23.345235059857504,84.2140130857092,59.21148537234985,46.5,45.0,49.0,24.0,37.0,10.0,13.0,13.038404810405298,14.0,14.0,50.0,44.0,43.04648650006177,262.32232081925474,261.3235542388018,249.33912649241395,231.42385356743154
1177,36,1177,0,39.23333333333366,30.066592756745816,102.12247548899312,11.0,25.019992006393608,27.073972741361768,32.01562118716424,21.213203435596427,87.20665112249179,62.20128616033595,47.0,44.0,49.0,25.5,40.5,13.5,14.5,14.035668847618199,15.0,15.0,50.0,44.0,42.04759208325728,262.23081436017395,262.1907702418222,250.19992006393608,232.26062946612367
1178,36,1178,0,39.26666666666699,29.154759474226502,101.07917688624102,10.0,24.0,26.019223662515376,30.01666203960727,23.194827009486403,86.20904824900923,62.289646009589745,47.5,45.0,49.0,24.0,39.0,13.0,14.0,14.142135623730951,14.0,13.5,49.0,43.0,43.104524124504614,262.23081436017395,261.19150062741323,249.20072231034965,231.21634890292685
1179,36,1179,0,39.30000000000032,24.08318915758459,101.1236866416568,9.055385138137417,22.02271554554524,25.079872407968907,28.0178514522438,27.073972741361768,82.21921916437786,60.207972893961475,48.0,45.0,50.0,20.5,34.5,10.5,10.5,14.142135623730951,14.0,14.0,48.0,42.0,44.10215414239989,261.23169792351007,261.23169792351007,249.20072231034965,232.17450333746814
1180,36,1180,0,39.333333333333655,8.0,99.08077512817509,13.038404810405298,23.021728866442675,22.02271554554524,25.019992006393608,31.064449134018133,75.1065909225016,52.08646657242167,48.0,45.0,49.0,16.0,28.0,3.0,3.0,13.152946437965905,14.0,14.0,47.0,41.0,43.04648650006177,259.2778432492835,260.27677575995904,249.24285345822858,233.25951213187426
1181,36,1181,0,39.36666666666699,1.0,99.12618221237011,15.033296378372908,22.02271554554524,22.090722034374522,25.019992006393608,31.016124838541646,68.11754546370561,46.09772228646444,46.0,42.0,47.0,13.5,23.5,0.5,0.5,14.035668847618199,14.0,14.0,47.0,41.0,43.01162633521314,259.23348549136165,259.19297829995315,249.20072231034965,232.2154172315008
1182,36,1182,0,39.40000000000032,1.4142135623730951,96.13012014972206,16.0,22.02271554554524,23.08679276123039,25.019992006393608,30.14962686336267,67.1863081289633,45.17742799230607,45.5,43.0,48.0,15.5,21.5,2.5,0.5,15.033296378372908,14.0,14.0,48.0,42.0,42.04759208325728,259.3260495977988,259.3260495977988,248.29015284541592,231.36551169091732
1183,36,1183,0,39.43333333333365,4.123105625617661,99.18165152889924,14.035668847618199,22.02271554554524,24.08318915758459,27.073972741361768,29.068883707497267,69.18092222571191,47.16990566028302,45.0,42.0,48.0,16.0,24.0,0.0,2.0,14.142135623730951,14.0,14.5,48.0,41.0,44.04543109109048,259.23348549136165,259.23348549136165,248.2438317461282,230.31283073246266
1184,36,1184,0,39.46666666666698,26.076809620810597,99.18165152889924,12.0,22.02271554554524,26.1725046566048,29.017236257093817,25.179356624028344,85.21150157109074,63.198101237299845,50.0,44.0,50.0,22.0,38.0,13.0,9.0,13.038404810405298,13.0,13.0,50.0,43.0,42.04759208325728,260.2325882744127,260.27677575995904,249.28898892650673,231.3114783144148
1185,36,1185,0,39.50000000000031,31.064449134018133,99.24716620639605,11.045361017187261,23.0,28.071337695236398,31.064449134018133,23.08679276123039,88.14193099768123,65.19202405202648,49.5,44.0,51.0,24.5,40.5,15.5,12.5,14.035668847618199,14.0,13.5,49.0,43.0,43.04648650006177,261.19150062741323,260.2325882744127,248.2438317461282,230.3670983452281
1186,36,1186,0,39.53333333333365,29.068883707497267,102.17631819555841,10.0,24.020824298928627,28.071337695236398,32.01562118716424,23.194827009486403,86.20904824900923,62.20128616033595,47.5,40.0,46.0,20.0,43.0,17.0,9.0,14.035668847618199,14.0,14.0,50.0,43.0,42.1070065428546,262.1221089492453,261.1225765804252,248.0987706539474,231.1384866265244
1187,36,1187,0,39.566666666666976,20.024984394500787,103.12128781197411,10.0,22.02271554554524,28.071337695236398,31.064449134018133,24.186773244895647,76.16429609731846,54.147945482723536,44.0,38.0,43.0,16.5,35.5,11.5,6.5,14.035668847618199,14.0,14.0,51.0,44.0,43.04648650006177,262.23081436017395,262.23081436017395,251.19912420229494,233.21449354617735
1188,36,1188,0,39.60000000000031,15.033296378372908,103.04368005850722,10.04987562112089,20.024984394500787,29.068883707497267,31.016124838541646,24.08318915758459,69.18092222571191,49.16299421312742,41.5,37.0,40.0,14.5,30.5,7.5,4.5,15.132745950421556,14.0,14.0,50.0,43.0,40.049968789001575,261.1225765804252,261.15512631384433,249.1625975141534,233.21449354617735
1189,36,1189,0,39.63333333333364,15.033296378372908,102.12247548899312,10.04987562112089,20.024984394500787,28.071337695236398,31.016124838541646,23.021728866442675,68.11754546370561,48.093658625644196,40.5,35.0,40.0,14.5,30.5,8.5,4.5,15.132745950421556,15.0,15.0,50.0,44.0,42.04759208325728,261.19150062741323,261.19150062741323,249.1625975141534,233.25951213187426
1190,36,1190,0,39.66666666666697,16.1245154965971,102.07840124139877,10.0,21.02379604162864,28.071337695236398,31.016124838541646,22.02271554554524,69.1158447825099,48.093658625644196,40.0,36.0,40.0,16.0,31.0,8.0,6.0,15.132745950421556,15.0,14.5,50.0,44.0,40.01249804748511,262.1221089492453,262.15453457836657,250.1619475459847,234.17301296263838
1191,36,1191,0,39.7000000000003,16.0312195418814,99.12618221237011,10.04987562112089,21.02379604162864,28.071337695236398,31.016124838541646,23.08679276123039,70.178344238091,49.16299421312742,41.0,36.0,41.0,15.5,31.5,8.5,5.5,14.142135623730951,15.0,14.5,51.0,45.0,40.049968789001575,260.1230478062257,260.1230478062257,249.09837414162303,233.173754955398
1192,36,1192,0,39.73333333333363,15.132745950421556,100.07996802557443,10.0,22.02271554554524,28.071337695236398,30.01666203960727,23.08679276123039,70.178344238091,48.16637831516918,40.5,36.0,40.0,15.0,32.0,8.0,5.0,14.142135623730951,14.0,14.0,49.0,43.0,40.01249804748511,260.155722597063,261.15512631384433,250.1619475459847,233.173754955398
1193,36,1193,0,39.76666666666696,15.033296378372908,100.07996802557443,10.0,21.02379604162864,28.071337695236398,31.016124838541646,23.08679276123039,69.1158447825099,48.093658625644196,40.5,36.0,40.0,15.0,31.0,7.0,5.0,15.033296378372908,14.0,14.5,50.0,44.0,42.04759208325728,260.1230478062257,260.09421369957465,248.0987706539474,232.1055794245369
1194,36,1194,0,39.800000000000296,15.033296378372908,101.07917688624102,10.04987562112089,21.02379604162864,28.071337695236398,30.01666203960727,23.08679276123039,69.18092222571191,48.16637831516918,40.5,35.0,39.0,14.0,32.0,8.0,4.0,15.132745950421556,14.0,14.0,50.0,44.0,41.048751503547585,260.09421369957465,260.09421369957465,248.07257002740147,232.1055794245369
1195,36,1195,0,39.83333333333363,16.0312195418814,100.07996802557443,10.04987562112089,22.02271554554524,28.071337695236398,31.016124838541646,23.08679276123039,71.17583859709698,49.16299421312742,41.0,36.0,40.0,15.0,33.0,9.0,5.0,15.033296378372908,14.0,14.0,50.0,45.0,40.01249804748511,260.1922366251537,260.155722597063,249.09837414162303,233.173754955398
1196,36,1196,0,39.86666666666696,21.095023109728988,101.07917688624102,9.055385138137417,21.02379604162864,29.017236257093817,32.01562118716424,23.021728866442675,74.16872656315464,53.150729063673246,42.5,37.0,41.0,16.0,35.0,11.0,7.0,14.035668847618199,14.035668847618199,14.0,51.0,45.0,41.048751503547585,261.23169792351007,260.2325882744127,248.20153101864622,232.26062946612367
1197,36,1197,0,39.90000000000029,26.076809620810597,100.04498987955368,10.0,23.021728866442675,28.071337695236398,32.0,23.194827009486403,82.21921916437786,59.21148537234985,46.0,40.0,43.0,18.5,40.5,15.5,7.5,15.033296378372908,15.0,14.5,51.0,45.0,43.04648650006177,262.1221089492453,260.1230478062257,247.09917037497314,230.17601960239037
1198,36,1198,0,39.93333333333362,28.071337695236398,98.08159868191383,10.0,24.020824298928627,28.0178514522438,32.0,23.194827009486403,85.21150157109074,61.204574992397426,47.0,40.0,44.0,19.0,43.0,17.0,9.0,15.033296378372908,14.0,14.5,50.0,44.0,42.01190307520001,264.18932605235966,262.15453457836657,249.1625975141534,231.26175645791503
1199,36,1199,0,39.96666666666695,29.068883707497267,101.07917688624102,10.0,23.021728866442675,29.068883707497267,32.01562118716424,24.08318915758459,86.14522621712709,63.12685640834652,48.5,40.0,44.0,18.0,44.0,19.0,8.0,14.142135623730951,14.0,14.5,50.0,45.0,42.04759208325728,262.15453457836657,261.19150062741323,249.1625975141534,230.2628932329306
1200,36,1200,0,40.00000000000029,29.017236257093817,101.07917688624102,10.04987562112089,23.08679276123039,29.068883707497267,33.015148038438355,24.08318915758459,86.20904824900923,63.12685640834652,48.5,40.0,44.0,18.0,44.0,19.0,8.0,14.035668847618199,14.0,14.0,50.0,45.0,41.012193308819754,262.15453457836657,260.155722597063,248.16325271885037,231.26175645791503
1201,36,1201,0,40.033333333333616,28.0178514522438,102.04410811016969,9.0,22.02271554554524,30.01666203960727,33.015148038438355,24.186773244895647,83.15046602394962,61.1310068623117,47.0,40.0,43.0,17.5,41.5,17.5,8.5,15.033296378372908,15.0,15.0,50.0,45.0,41.048751503547585,261.0938528575501,260.06922155457,248.05039810490126,232.0538730553748
1202,36,1202,0,40.06666666666695,23.08679276123039,104.01922899156675,10.0,22.0,28.071337695236398,32.01562118716424,23.08679276123039,78.10249675906654,56.142675390472796,44.5,38.0,40.0,16.0,39.0,15.0,6.0,15.033296378372908,15.0,15.5,50.0,46.0,40.01249804748511,261.0938528575501,260.09421369957465,248.07257002740147,232.1055794245369
1203,36,1203,0,40.10000000000028,22.090722034374522,103.04368005850722,10.04987562112089,21.02379604162864,29.068883707497267,32.0,24.020824298928627,77.1621668954417,56.142675390472796,45.0,38.0,41.0,15.5,37.5,13.5,5.5,14.035668847618199,14.035668847618199,14.0,49.0,46.0,42.01190307520001,262.0934947685654,261.0938528575501,249.07227866625382,232.1055794245369
1204,36,1204,0,40.13333333333361,25.019992006393608,102.04410811016969,10.04987562112089,23.021728866442675,28.0178514522438,32.01562118716424,23.08679276123039,81.15417426109393,58.137767414994535,45.5,39.0,42.0,17.5,40.5,16.5,7.5,14.142135623730951,15.033296378372908,14.5,49.0,46.0,42.01190307520001,262.0686932847951,261.0689564080724,250.0319979522621,232.0538730553748
1205,36,1205,0,40.16666666666694,32.01562118716424,102.04410811016969,10.04987562112089,21.02379604162864,29.017236257093817,33.0,23.021728866442675,86.09297300012354,65.06919393998976,49.0,41.0,44.0,19.5,43.5,19.5,10.5,15.033296378372908,15.033296378372908,15.0,48.0,45.0,43.0,261.0689564080724,258.0697580112788,246.01829200285087,230.0347799790284
1206,36,1206,0,40.20000000000027,38.05259518088089,101.00495037373169,10.0,23.021728866442675,29.017236257093817,33.0,23.08679276123039,94.13288479590966,71.11258679024411,52.0,45.0,46.0,22.5,48.5,23.5,12.5,14.035668847618199,14.035668847618199,14.0,48.0,46.0,42.01190307520001,262.01717500957835,261.01724080987447,248.0080643850115,230.0195643852931
1207,36,1207,0,40.2333333333336,39.01281840626232,101.00495037373169,10.04987562112089,24.020824298928627,29.017236257093817,33.0,22.090722034374522,95.13148795220224,71.11258679024411,51.5,45.0,46.0,23.5,49.5,23.5,13.5,15.033296378372908,15.033296378372908,14.5,49.0,46.0,44.01136216933077,262.01717500957835,260.0173071162764,248.0080643850115,231.03462943896528
1208,36,1208,0,40.266666666666936,34.058772731852805,101.00495037373169,9.0,24.0,28.0178514522438,32.0,23.194827009486403,90.13878188659973,66.18912297349165,49.0,45.0,46.0,22.5,44.5,18.5,13.5,13.038404810405298,15.033296378372908,14.5,48.0,46.0,43.01162633521314,262.00763347658403,261.01724080987447,249.0321264415497,230.05434140654683
1209,36,1209,0,40.30000000000027,27.073972741361768,99.02019995940222,8.0,24.0,25.019992006393608,29.0,24.08318915758459,83.09632964216891,59.135437767890075,45.5,42.0,44.0,19.0,40.0,15.0,11.0,14.035668847618199,14.035668847618199,14.0,47.0,46.0,41.0,261.01724080987447,260.0173071162764,247.00809703327542,230.0347799790284
1210,36,1210,0,40.3333333333336,9.055385138137417,96.00520819205592,14.0,24.020824298928627,23.021728866442675,26.0,28.071337695236398,75.02666192761077,51.088159097779204,46.5,41.0,42.0,13.5,33.5,7.5,0.5,16.1245154965971,15.033296378372908,15.0,48.0,46.0,42.01190307520001,260.0,261.0,248.0,230.0021739027699
1211,36,1211,0,40.36666666666693,8.06225774829855,96.00520819205592,14.0,24.0,22.02271554554524,25.0,29.068883707497267,75.05997601918082,51.088159097779204,47.0,42.0,43.0,13.5,32.5,6.5,0.5,16.0312195418814,15.033296378372908,15.0,48.0,46.0,42.01190307520001,259.0019304947359,261.0019157017818,249.0020080240318,231.00216449202375
1212,36,1212,0,40.40000000000026,5.0990195135927845,94.0,13.0,23.021728866442675,21.02379604162864,24.0,30.066592756745816,71.02816342831905,48.093658625644196,45.5,42.0,42.0,12.0,29.0,4.0,0.0,16.1245154965971,15.033296378372908,15.5,48.0,46.0,45.0,260.0173071162764,260.0076921939041,248.0020161208372,231.00216449202375
1213,36,1213,0,40.43333333333359,5.0990195135927845,93.0,12.0,23.0,22.02271554554524,25.0,30.066592756745816,70.06425622241343,47.095647357266465,44.5,41.0,41.0,11.0,29.0,4.0,0.0,16.1245154965971,16.0312195418814,16.0,48.0,46.0,42.01190307520001,260.0076921939041,260.00192306981114,249.0020080240318,232.0021551624036
1214,36,1214,0,40.46666666666693,13.038404810405298,98.02040603874276,11.0,21.0,25.019992006393608,28.0178514522438,24.08318915758459,69.06518659932803,48.093658625644196,41.5,38.0,40.0,15.0,30.0,7.0,5.0,15.132745950421556,15.033296378372908,15.5,47.0,45.0,44.01136216933077,261.03064954139006,261.01724080987447,249.0180716333656,232.01939574095957
1215,36,1215,0,40.500000000000256,13.152946437965905,99.04544411531506,10.0,23.0,26.076809620810597,29.0,23.08679276123039,69.1158447825099,46.17358552246078,39.5,36.0,39.0,14.5,31.5,6.5,4.5,15.033296378372908,15.033296378372908,15.0,48.0,45.0,43.01162633521314,261.0,261.0019157017818,248.0080643850115,231.00216449202375
1216,36,1216,0,40.53333333333359,16.0312195418814,100.04498987955368,10.04987562112089,22.02271554554524,25.019992006393608,29.017236257093817,23.021728866442675,71.11258679024411,49.09175083453431,41.0,37.0,40.0,15.5,32.5,8.5,5.5,17.11724276862369,16.0312195418814,16.0,49.0,46.0,43.0,263.0171097096157,263.00760445279906,249.00803199896987,232.01939574095957
1217,36,1217,0,40.56666666666692,13.152946437965905,99.04544411531506,10.0,23.021728866442675,26.076809620810597,30.01666203960727,23.08679276123039,69.18092222571191,46.17358552246078,39.5,36.0,39.0,14.5,31.5,6.5,3.5,15.033296378372908,15.033296378372908,15.0,49.0,47.0,41.012193308819754,262.0019083899963,261.0,249.0,232.0086205294967
1218,36,1218,0,40.60000000000025,16.1245154965971,98.02040603874276,10.0,22.0,26.076809620810597,29.017236257093817,22.090722034374522,70.11419257183242,48.16637831516918,40.0,36.0,38.0,15.0,33.0,8.0,5.0,17.029386365926403,16.0312195418814,16.0,48.0,46.0,42.01190307520001,262.0019083899963,261.0019157017818,249.0020080240318,232.01939574095957
1219,36,1219,0,40.63333333333358,17.029386365926403,97.04638066409278,9.0,21.0,27.073972741361768,30.01666203960727,23.08679276123039,70.06425622241343,49.09175083453431,40.5,35.0,38.0,13.5,33.5,9.5,4.5,16.1245154965971,16.0312195418814,16.0,47.0,45.0,44.01136216933077,262.01717500957835,261.0019157017818,249.00803199896987,231.00865784641059
1220,36,1220,0,40.66666666666691,16.1245154965971,97.04638066409278,9.0,21.0,27.073972741361768,29.017236257093817,23.08679276123039,69.1158447825099,48.16637831516918,40.0,35.0,38.0,13.5,32.5,8.5,4.5,16.1245154965971,16.0312195418814,16.0,48.0,46.0,42.01190307520001,262.00763347658403,261.0019157017818,247.0,229.0087334579186
1221,36,1221,0,40.70000000000024,15.132745950421556,98.04590761474952,10.0,21.0,28.071337695236398,31.064449134018133,22.090722034374522,68.11754546370561,47.16990566028302,39.5,35.0,38.0,14.5,31.5,7.5,4.5,16.0312195418814,15.033296378372908,15.5,49.0,46.0,43.01162633521314,262.0019083899963,261.0019157017818,249.00803199896987,231.01947969814148
1222,36,1222,0,40.733333333333576,15.033296378372908,98.04590761474952,10.0,22.0,27.018512172212592,31.016124838541646,23.08679276123039,70.06425622241343,48.093658625644196,40.5,36.0,39.0,14.5,32.5,7.5,5.5,16.1245154965971,16.0312195418814,16.0,48.0,46.0,42.01190307520001,262.0019083899963,261.0019157017818,249.0020080240318,231.00216449202375
1223,36,1223,0,40.76666666666691,16.0312195418814,97.04638066409278,9.055385138137417,22.02271554554524,28.071337695236398,30.01666203960727,23.021728866442675,70.11419257183242,48.093658625644196,40.0,36.0,39.0,14.5,32.5,7.5,5.5,17.029386365926403,15.033296378372908,15.5,48.0,46.0,42.01190307520001,262.0019083899963,260.00192306981114,248.0020161208372,231.00865784641059
1224,36,1224,0,40.80000000000024,17.029386365926403,98.02040603874276,10.04987562112089,22.02271554554524,27.073972741361768,30.01666203960727,22.02271554554524,71.11258679024411,49.09175083453431,40.5,36.0,38.0,15.0,34.0,9.0,5.0,16.1245154965971,16.0312195418814,16.0,49.0,46.0,42.0,262.0019083899963,261.0,249.0,232.0021551624036
1225,36,1225,0,40.83333333333357,17.11724276862369,99.04544411531506,10.0,22.0,27.073972741361768,30.01666203960727,22.090722034374522,71.11258679024411,49.16299421312742,40.5,36.0,39.0,15.5,33.5,9.5,5.5,16.0312195418814,15.033296378372908,15.5,49.0,46.0,43.01162633521314,261.0019157017818,261.00766272276377,249.00803199896987,231.01947969814148
1226,36,1226,0,40.8666666666669,18.110770276274835,97.082439194738,9.0,22.0,29.068883707497267,31.0,23.08679276123039,72.11102550927978,50.15974481593781,41.0,36.0,40.0,15.0,34.0,10.0,6.0,16.1245154965971,16.0312195418814,16.0,48.0,45.0,43.01162633521314,261.0019157017818,260.00192306981114,248.0020161208372,231.00865784641059
1227,36,1227,0,40.90000000000023,19.026297590440446,96.04686356149273,10.0,22.02271554554524,27.073972741361768,30.0,22.090722034374522,73.10950690573696,51.088159097779204,41.5,37.0,40.0,16.5,34.5,9.5,6.5,16.1245154965971,16.0312195418814,16.0,48.0,46.0,41.012193308819754,262.01717500957835,260.0307674103201,247.0323865407125,230.05434140654683
1228,36,1228,0,40.933333333333564,21.095023109728988,97.082439194738,10.0,23.0,27.018512172212592,30.01666203960727,22.090722034374522,76.10519036176179,53.150729063673246,42.5,38.0,42.0,18.0,36.0,11.0,8.0,16.1245154965971,16.0312195418814,16.5,49.0,46.0,41.012193308819754,262.01717500957835,261.01724080987447,248.03225596683993,230.05434140654683
1229,36,1229,0,40.966666666666896,23.08679276123039,98.02040603874276,10.0,23.0,28.0178514522438,31.0,22.090722034374522,78.10249675906654,55.14526271584895,43.5,40.0,42.0,19.0,37.0,12.0,9.0,16.1245154965971,15.033296378372908,15.5,47.0,45.0,43.0,261.0019157017818,261.00766272276377,249.00803199896987,231.01947969814148
1230,36,1230,0,41.00000000000023,22.02271554554524,97.02061636580135,10.0,23.021728866442675,27.018512172212592,30.0,22.090722034374522,77.10382610480494,54.08326913195984,43.0,40.0,42.0,19.0,36.0,11.0,9.0,15.132745950421556,16.0312195418814,16.0,48.0,46.0,43.0,261.01724080987447,260.0307674103201,248.03225596683993,230.07824755939012
1231,36,1231,0,41.03333333333356,26.019223662515376,98.04590761474952,11.0,23.021728866442675,28.071337695236398,32.0,22.20360331117452,82.15229759416349,59.135437767890075,46.0,41.0,44.0,20.5,39.5,14.5,9.5,15.033296378372908,15.0,15.0,49.0,46.0,42.01190307520001,263.04752422328556,261.03064954139006,248.03225596683993,230.07824755939012
1232,36,1232,0,41.06666666666689,29.017236257093817,98.02040603874276,11.0,23.021728866442675,29.068883707497267,32.0,23.08679276123039,86.09297300012354,63.071388124885914,48.5,43.0,45.0,21.0,42.0,17.0,10.0,13.038404810405298,13.0,13.0,48.0,46.0,43.01162633521314,262.01717500957835,261.03064954139006,248.07257002740147,230.10649708341572
1233,36,1233,0,41.10000000000022,33.06055050963308,97.0051545022222,10.04987562112089,23.0,28.0178514522438,32.0,23.021728866442675,89.08984229416954,66.12110101926616,49.5,45.0,46.0,22.5,43.5,18.5,12.5,8.0,9.055385138137417,8.5,49.0,48.0,44.04543109109048,262.03053257206494,260.0307674103201,246.03251817595168,229.05457864884517
1234,36,1234,0,41.13333333333355,33.06055050963308,99.02019995940222,10.0,23.021728866442675,28.0178514522438,32.0,23.08679276123039,89.1403387922662,66.12110101926616,49.5,43.0,45.0,21.0,45.0,20.0,11.0,7.0,7.0710678118654755,6.5,50.0,48.0,44.01136216933077,263.0304164920856,260.0307674103201,248.0181444975347,231.03462943896528
1235,36,1235,0,41.166666666666885,35.014282800023196,98.00510190801293,10.0,23.021728866442675,28.0178514522438,32.0,23.08679276123039,91.08786966440702,68.06614430096654,50.5,44.0,45.0,21.5,46.5,21.5,11.5,6.0,6.082762530298219,6.0,50.0,48.0,43.01162633521314,263.04752422328556,261.04788832702707,248.03225596683993,231.03462943896528
1236,36,1236,0,41.200000000000216,35.014282800023196,98.02040603874276,10.0,23.021728866442675,28.0,32.0,23.08679276123039,91.08786966440702,68.06614430096654,50.5,45.0,47.0,23.0,45.0,20.0,13.0,8.0,8.06225774829855,8.0,50.0,48.0,44.0,262.0477055804916,261.04788832702707,247.0323865407125,229.05457864884517
1237,36,1237,0,41.23333333333355,29.068883707497267,100.00499987500625,10.0,22.0,29.017236257093817,32.0,25.079872407968907,86.09297300012354,64.1248781675256,49.5,46.0,47.0,21.5,39.5,15.5,11.5,9.055385138137417,8.0,8.0,48.0,46.0,45.0111097397076,262.03053257206494,261.01724080987447,248.0080643850115,231.00865784641059
1238,36,1238,0,41.26666666666688,24.020824298928627,102.00490184299969,9.055385138137417,23.0,28.0178514522438,31.0,24.020824298928627,80.05623023850174,57.07889277132134,45.0,42.0,43.0,18.5,37.5,12.5,9.5,11.045361017187261,11.0,11.0,50.0,48.0,45.0,262.03053257206494,261.00766272276377,249.0020080240318,231.00216449202375
1239,36,1239,0,41.30000000000021,21.095023109728988,101.0,10.0,23.0,27.018512172212592,31.0,22.090722034374522,76.10519036176179,53.150729063673246,42.5,41.0,41.0,19.0,35.0,11.0,9.0,12.0,12.0,12.0,50.0,47.0,43.01162633521314,264.0075756488817,263.0019011338131,251.0019920239678,234.00213674238105
1240,36,1240,0,41.33333333333354,22.02271554554524,100.0,9.055385138137417,22.02271554554524,27.018512172212592,30.0,23.0,76.05918747922567,54.037024344425184,43.0,42.0,42.0,19.0,34.0,10.0,10.0,13.0,13.0,12.5,50.0,48.0,42.0,263.0304164920856,262.01717500957835,250.01799935204664,233.01931250435015
1241,36,1241,0,41.36666666666687,21.02379604162864,99.00505037623081,9.0,23.021728866442675,26.019223662515376,29.0,25.079872407968907,78.10249675906654,55.08175741568164,44.5,44.0,45.0,19.5,33.5,9.5,10.5,13.038404810405298,14.035668847618199,13.5,49.0,48.0,43.01162633521314,262.01717500957835,261.00766272276377,249.00803199896987,231.01947969814148
1242,36,1242,0,41.400000000000205,9.219544457292887,97.02061636580135,13.0,22.0,23.08679276123039,25.0,30.0,74.02702209328699,52.03844732503075,47.5,44.0,46.0,15.0,29.0,5.0,2.0,13.038404810405298,13.0,13.0,49.0,48.0,43.04648650006177,261.03064954139006,260.0173071162764,247.01821795163207,231.03462943896528
1243,36,1243,0,41.433333333333536,2.23606797749979,95.00526301210897,14.0,21.0,22.02271554554524,24.0,32.0,69.00724599634447,48.010415536631214,47.0,45.0,44.0,12.5,24.5,1.5,0.5,14.035668847618199,13.0,13.5,50.0,48.0,43.01162633521314,261.00766272276377,261.0,248.0020161208372,232.0021551624036
1244,36,1244,0,41.46666666666687,2.23606797749979,97.0,14.0,22.0,23.0,25.0,30.0,68.00735254367721,46.010868281309364,45.0,44.0,44.0,14.0,24.0,0.0,1.0,13.038404810405298,13.038404810405298,13.0,48.0,48.0,44.04543109109048,260.00192306981114,261.00766272276377,249.00803199896987,232.01939574095957
1245,36,1245,0,41.5000000000002,8.246211251235321,100.00499987500625,13.0,22.0,25.019992006393608,28.0,27.018512172212592,70.06425622241343,48.093658625644196,44.0,42.0,43.0,15.5,27.5,3.5,3.5,14.035668847618199,14.035668847618199,14.0,49.0,48.0,44.0,262.0,262.0,251.0,234.00213674238105
1246,36,1246,0,41.53333333333353,17.029386365926403,102.00490184299969,11.0,21.0,27.018512172212592,30.0,24.020824298928627,73.02739212103907,52.03844732503075,43.5,43.0,44.0,19.5,29.5,6.5,9.5,13.038404810405298,14.0,14.0,49.0,48.0,44.04543109109048,260.00192306981114,260.00192306981114,248.0020161208372,231.01947969814148
1247,36,1247,0,41.56666666666686,16.0312195418814,104.01922899156675,11.0,23.021728866442675,27.073972741361768,30.01666203960727,23.08679276123039,73.10950690573696,50.08991914547278,42.0,41.0,43.0,19.0,31.0,6.0,8.0,15.0,14.035668847618199,14.0,50.0,49.0,44.01136216933077,261.0019157017818,261.0019157017818,249.00803199896987,232.0
1248,36,1248,0,41.60000000000019,16.0312195418814,104.01922899156675,10.04987562112089,23.0,28.0178514522438,31.016124838541646,23.021728866442675,72.06247289678588,49.09175083453431,41.0,40.0,42.0,18.0,31.0,6.0,8.0,14.0,14.035668847618199,14.0,49.0,48.0,44.0,262.0019083899963,261.0019157017818,250.00199999200007,234.00213674238105
1249,36,1249,0,41.633333333333525,18.027756377319946,104.00480758118829,10.0,24.0,28.0178514522438,32.0,22.20360331117452,74.10802925459562,50.15974481593781,41.0,40.0,41.0,18.5,33.5,8.5,8.5,14.035668847618199,15.033296378372908,14.5,51.0,49.0,44.01136216933077,263.0,262.0019083899963,249.0020080240318,233.0
1250,36,1250,0,41.666666666666856,20.024984394500787,102.0196059588548,9.0,25.0,28.071337695236398,32.01562118716424,22.090722034374522,76.05918747922567,51.088159097779204,41.0,40.0,42.0,19.0,35.0,8.0,9.0,14.035668847618199,14.035668847618199,14.0,49.0,47.0,43.0,262.0019083899963,261.0019157017818,248.0080643850115,232.0021551624036
1251,36,1251,0,41.70000000000019,21.095023109728988,99.04544411531506,10.0,25.0,28.071337695236398,31.016124838541646,21.095023109728988,77.10382610480494,52.15361924162119,41.5,40.0,43.0,20.5,35.5,7.5,10.5,13.038404810405298,14.0,14.0,49.0,47.0,42.01190307520001,261.0,261.0,248.0,231.00216449202375
1252,36,1252,0,41.73333333333352,20.09975124224178,99.04544411531506,10.0,25.0,28.071337695236398,31.016124838541646,21.02379604162864,76.05918747922567,51.088159097779204,41.0,39.0,42.0,19.5,35.5,8.5,9.5,13.152946437965905,14.035668847618199,14.0,49.0,47.0,43.01162633521314,262.00763347658403,261.01724080987447,248.0181444975347,231.00865784641059
1253,36,1253,0,41.76666666666685,21.095023109728988,95.08417323613851,11.0,24.0,26.076809620810597,30.01666203960727,20.024984394500787,76.05918747922567,52.08646657242167,41.5,38.0,42.0,20.0,36.0,9.0,9.0,14.142135623730951,14.142135623730951,14.0,49.0,48.0,43.01162633521314,262.00763347658403,261.01724080987447,249.0180716333656,231.00865784641059
1254,36,1254,0,41.80000000000018,19.026297590440446,91.0494371207203,11.0,25.0,26.076809620810597,29.017236257093817,20.09975124224178,75.05997601918082,50.08991914547278,40.5,39.0,42.0,20.5,34.5,7.5,9.5,15.132745950421556,15.033296378372908,14.5,49.0,48.0,43.01162633521314,259.0019304947359,260.00192306981114,247.00809703327542,230.0021739027699
1255,36,1255,0,41.83333333333351,19.026297590440446,87.05170877128145,12.0,26.0,25.019992006393608,28.0178514522438,20.09975124224178,77.05841939723393,51.088159097779204,41.5,40.0,43.0,21.5,35.5,7.5,9.5,15.033296378372908,15.033296378372908,15.0,49.0,48.0,43.01162633521314,262.0,261.0019157017818,249.0020080240318,231.00216449202375
1256,36,1256,0,41.866666666666845,19.026297590440446,84.0535543567314,13.0,26.0,24.020824298928627,28.0,21.095023109728988,79.05694150420949,53.08483775994799,43.5,43.0,46.0,23.5,34.5,6.5,11.5,14.035668847618199,15.033296378372908,14.5,48.0,48.0,42.0,261.0,261.0,248.0,229.00218339570478
1257,36,1257,0,41.900000000000176,21.02379604162864,85.0235261559999,13.0,26.0,24.020824298928627,27.018512172212592,21.095023109728988,81.05553651663777,55.08175741568164,44.5,44.0,46.0,24.0,36.0,8.0,11.0,15.033296378372908,15.033296378372908,15.0,50.0,49.0,43.0,261.0,260.0,247.00809703327542,229.01964981197574
1258,36,1258,0,41.93333333333351,24.020824298928627,85.05292469985967,12.041594578792296,25.0,23.021728866442675,27.018512172212592,21.213203435596427,82.05485969764375,57.07889277132134,45.0,44.0,47.0,24.5,36.5,9.5,12.5,15.033296378372908,15.033296378372908,15.0,49.0,48.0,42.01190307520001,261.0019157017818,260.0076921939041,248.0080643850115,229.01964981197574
1259,36,1259,0,41.96666666666684,24.020824298928627,88.09086218218096,11.0,25.019992006393608,24.08318915758459,27.073972741361768,21.02379604162864,81.05553651663777,56.0357029044876,44.0,44.0,48.0,25.0,35.0,8.0,13.0,14.035668847618199,14.035668847618199,14.5,49.0,48.0,43.0,261.0,261.0,247.0,228.00877176108818
1260,36,1260,0,42.00000000000017,25.019992006393608,89.08984229416954,11.0,24.020824298928627,25.019992006393608,28.0178514522438,20.024984394500787,80.05623023850174,56.0357029044876,43.5,43.0,47.0,25.0,35.0,9.0,14.0,15.033296378372908,14.035668847618199,14.0,49.0,48.0,43.0,262.0019083899963,261.0019157017818,247.0,228.00877176108818
1261,36,1261,0,42.0333333333335,20.09975124224178,93.08598175880189,10.0,24.0,26.076809620810597,29.017236257093817,21.095023109728988,75.1065909225016,51.15662224971465,41.0,41.0,45.0,22.0,32.0,6.0,11.0,15.033296378372908,14.0,15.0,50.0,48.0,44.01136216933077,262.0019083899963,261.0019157017818,249.0020080240318,231.01947969814148
1262,36,1262,0,42.06666666666683,17.11724276862369,95.04735661763561,11.0,23.0,26.076809620810597,29.068883707497267,20.09975124224178,71.11258679024411,48.16637831516918,39.5,40.0,43.0,21.5,29.5,4.5,10.5,15.033296378372908,15.033296378372908,15.0,50.0,48.0,41.012193308819754,262.0,261.0019157017818,249.0020080240318,231.01947969814148
1263,36,1263,0,42.100000000000165,16.1245154965971,96.13012014972206,11.0,23.0,27.073972741361768,29.068883707497267,20.223748416156685,70.178344238091,47.265209192385896,39.0,38.0,43.0,20.5,29.5,3.5,9.5,15.033296378372908,15.0,15.0,49.0,46.0,41.048751503547585,262.01717500957835,261.01724080987447,250.0319979522621,232.07757323791543
1264,36,1264,0,42.133333333333496,17.11724276862369,96.08329719571451,11.0,24.0,27.073972741361768,30.01666203960727,20.223748416156685,72.17340230306452,48.25971404805462,39.5,39.0,43.0,21.0,31.0,4.0,10.0,15.132745950421556,15.033296378372908,15.0,48.0,45.0,41.012193308819754,262.01717500957835,261.03064954139006,248.03225596683993,231.10603626906848
1265,36,1265,0,42.16666666666683,18.027756377319946,97.18538984847466,10.0,24.020824298928627,27.073972741361768,30.01666203960727,21.213203435596427,73.17103251970687,49.16299421312742,40.0,38.0,44.0,20.0,32.0,5.0,9.0,14.142135623730951,14.0,14.0,49.0,45.0,41.012193308819754,261.03064954139006,260.0307674103201,248.05039810490126,230.13908837917995
1266,36,1266,0,42.20000000000016,14.142135623730951,98.12746812182611,10.0,22.0,25.019992006393608,28.0178514522438,22.090722034374522,68.11754546370561,46.17358552246078,39.0,37.0,42.0,17.5,28.5,4.5,7.5,14.035668847618199,15.033296378372908,15.0,49.0,45.0,41.012193308819754,261.0938528575501,262.0934947685654,250.1619475459847,233.21449354617735
1267,36,1267,0,42.23333333333349,11.180339887498949,100.17983829094555,11.0,22.02271554554524,27.018512172212592,29.017236257093817,21.095023109728988,65.19202405202648,43.18564576337837,37.5,34.0,40.0,16.0,28.0,3.0,5.0,15.132745950421556,15.0,15.0,50.0,46.0,43.01162633521314,262.1221089492453,261.0938528575501,249.12848090894786,232.2154172315008
1268,36,1268,0,42.26666666666682,10.198039027185569,100.17983829094555,12.041594578792296,21.0,26.019223662515376,29.017236257093817,22.090722034374522,65.19202405202648,44.28317965096906,39.0,34.0,40.0,15.0,28.0,5.0,4.0,14.142135623730951,15.0,15.0,50.0,46.0,41.012193308819754,261.15512631384433,261.1225765804252,249.1625975141534,233.21449354617735
1269,36,1269,0,42.30000000000015,10.198039027185569,101.17806086301516,11.045361017187261,22.02271554554524,27.073972741361768,30.01666203960727,22.090722034374522,65.27633568147036,43.289721643826724,38.0,33.0,39.0,14.0,29.0,5.0,3.0,15.033296378372908,15.0,15.5,50.0,45.0,42.01190307520001,260.09421369957465,261.0938528575501,249.09837414162303,234.13671220037236
1270,36,1270,0,42.333333333333485,13.038404810405298,101.17806086301516,10.04987562112089,21.02379604162864,27.018512172212592,30.01666203960727,23.345235059857504,67.36467917239716,46.389654018972806,39.5,33.0,39.0,13.0,31.0,8.0,4.0,15.132745950421556,15.033296378372908,15.0,49.0,44.0,41.012193308819754,261.19150062741323,260.1922366251537,249.1625975141534,232.2154172315008
1271,36,1271,0,42.366666666666816,15.132745950421556,102.23991392797629,9.055385138137417,20.024984394500787,28.071337695236398,31.016124838541646,23.08679276123039,67.26812023536856,47.265209192385896,39.5,32.0,39.0,12.5,31.5,8.5,3.5,15.132745950421556,15.0,15.5,50.0,45.0,43.01162633521314,261.0938528575501,260.09421369957465,250.12796724876648,233.21449354617735
1272,36,1272,0,42.40000000000015,14.142135623730951,101.24228365658294,10.04987562112089,21.02379604162864,28.071337695236398,31.016124838541646,23.194827009486403,68.3593446428504,47.38143096192854,40.0,32.0,39.0,12.5,32.5,8.5,3.5,15.132745950421556,14.035668847618199,15.0,51.0,45.0,43.04648650006177,261.1225765804252,261.15512631384433,250.1619475459847,234.2584043316269
1273,36,1273,0,42.43333333333348,15.297058540778355,102.23991392797629,10.0,22.02271554554524,29.068883707497267,32.01562118716424,23.345235059857504,70.45565981523414,48.507731342539614,40.5,33.0,40.0,13.5,33.5,8.5,3.5,15.132745950421556,15.0,15.0,50.0,44.0,43.04648650006177,262.0686932847951,261.0938528575501,248.07257002740147,234.13671220037236
1274,36,1274,0,42.46666666666681,17.11724276862369,103.31021246711285,9.0,23.021728866442675,29.017236257093817,32.01562118716424,23.194827009486403,72.24956747275377,49.25444142409901,40.5,32.0,40.0,13.0,36.0,11.0,4.0,16.1245154965971,16.0,16.0,51.0,45.0,43.04648650006177,263.1900454044567,262.15453457836657,249.1625975141534,232.26062946612367
1275,36,1275,0,42.50000000000014,18.110770276274835,102.23991392797629,9.055385138137417,23.021728866442675,29.068883707497267,32.01562118716424,23.08679276123039,73.24616030891995,50.24937810560445,41.0,32.0,39.0,12.5,37.5,12.5,3.5,15.132745950421556,15.033296378372908,15.0,51.0,45.0,42.04759208325728,262.15453457836657,261.15512631384433,249.1625975141534,232.26062946612367
1276,36,1276,0,42.53333333333347,20.09975124224178,102.23991392797629,9.055385138137417,23.021728866442675,29.068883707497267,32.01562118716424,23.194827009486403,75.32595834106593,52.3450093132096,42.0,33.0,40.0,13.5,38.5,13.5,4.5,15.132745950421556,15.033296378372908,15.0,51.0,45.0,42.04759208325728,262.15453457836657,262.1907702418222,249.24285345822858,233.36237914453991
1277,36,1277,0,42.566666666666805,22.090722034374522,101.17806086301516,9.055385138137417,24.020824298928627,28.0178514522438,31.016124838541646,22.20360331117452,77.31752712031083,53.33854141237835,42.0,34.0,40.0,15.0,40.0,14.0,6.0,16.1245154965971,16.0312195418814,16.0,50.0,45.0,42.04759208325728,262.1907702418222,261.23169792351007,248.2438317461282,232.31013753170566
1278,36,1278,0,42.600000000000136,23.021728866442675,100.12492197250393,8.06225774829855,22.02271554554524,28.0178514522438,31.0,23.194827009486403,76.23647421018367,54.230987451824994,42.5,35.0,40.0,14.5,38.5,14.5,6.5,15.132745950421556,15.033296378372908,15.0,50.0,44.0,43.04648650006177,263.2299375071156,261.27571643763605,249.28898892650673,231.42385356743154
1279,36,1279,0,42.63333333333347,20.024984394500787,98.08159868191383,8.0,20.024984394500787,27.018512172212592,31.016124838541646,23.194827009486403,71.17583859709698,51.15662224971465,41.0,36.0,40.0,15.0,33.0,10.0,7.0,15.132745950421556,14.035668847618199,14.5,50.0,44.0,44.04543109109048,263.1539473388153,261.19150062741323,248.20153101864622,229.2640399190418
1280,36,1280,0,42.6666666666668,15.132745950421556,98.12746812182611,9.0,19.026297590440446,26.076809620810597,29.068883707497267,22.090722034374522,65.19202405202648,46.17358552246078,38.5,34.0,39.0,14.5,28.5,6.5,5.5,15.132745950421556,15.0,15.0,50.0,45.0,44.04543109109048,262.23081436017395,261.23169792351007,249.20072231034965,230.2628932329306
1281,36,1281,0,42.70000000000013,12.36931687685298,96.25487000666512,9.0,21.02379604162864,26.1725046566048,29.068883707497267,22.090722034374522,64.28063471995279,43.289721643826724,37.0,33.0,40.0,14.5,27.5,4.5,4.5,15.132745950421556,15.033296378372908,15.0,51.0,45.0,43.01162633521314,261.19150062741323,261.23169792351007,248.20153101864622,231.26175645791503
1282,36,1282,0,42.73333333333346,14.142135623730951,95.13148795220224,9.0,20.024984394500787,27.073972741361768,29.068883707497267,23.08679276123039,66.18912297349165,46.17358552246078,39.0,35.0,40.0,14.5,28.5,5.5,5.5,15.132745950421556,15.033296378372908,15.0,51.0,46.0,43.01162633521314,262.15453457836657,261.15512631384433,248.16325271885037,230.21728866442677
1283,36,1283,0,42.7666666666668,17.11724276862369,96.18731725128839,9.055385138137417,21.02379604162864,28.071337695236398,30.066592756745816,23.08679276123039,70.25667228100119,49.25444142409901,40.5,36.0,42.0,16.0,31.0,7.0,7.0,16.1245154965971,16.0312195418814,16.0,51.0,46.0,43.04648650006177,262.1221089492453,260.155722597063,247.1639132235934,229.21823662178366
1284,36,1284,0,42.800000000000125,18.110770276274835,95.1892851112981,9.055385138137417,20.024984394500787,27.073972741361768,30.01666203960727,22.20360331117452,69.35416353759881,49.36598018878993,40.0,35.0,41.0,16.0,31.0,8.0,7.0,16.1245154965971,16.0312195418814,16.0,52.0,46.0,44.04543109109048,261.19150062741323,260.1922366251537,249.24285345822858,231.3114783144148
1285,36,1285,0,42.83333333333346,16.1245154965971,95.1892851112981,9.055385138137417,21.02379604162864,28.071337695236398,30.066592756745816,22.090722034374522,68.26419266350405,47.265209192385896,39.0,35.0,41.0,16.0,30.0,6.0,7.0,16.1245154965971,15.033296378372908,15.0,50.0,45.0,44.10215414239989,262.1907702418222,261.19150062741323,248.20153101864622,230.21728866442677
1286,36,1286,0,42.86666666666679,15.132745950421556,96.18731725128839,9.0,20.024984394500787,27.16615541441225,30.066592756745816,22.20360331117452,66.27216610312357,46.2709412050371,38.5,33.0,39.0,14.0,30.0,7.0,5.0,16.1245154965971,16.0312195418814,16.0,50.0,45.0,44.01136216933077,260.155722597063,260.1922366251537,247.2023462671825,230.2628932329306
1287,36,1287,0,42.90000000000012,15.132745950421556,98.2496819333274,10.04987562112089,21.02379604162864,27.16615541441225,30.066592756745816,21.095023109728988,67.26812023536856,46.2709412050371,38.5,33.0,40.0,15.5,30.5,6.5,4.5,17.11724276862369,15.033296378372908,15.5,49.0,44.0,43.04648650006177,261.1225765804252,260.1230478062257,247.09917037497314,230.17601960239037
1288,36,1288,0,42.93333333333345,13.341664064126334,97.12878049270464,10.0,22.0,26.076809620810597,29.068883707497267,22.090722034374522,67.1863081289633,45.27692569068709,38.5,34.0,39.0,14.5,30.5,6.5,4.5,16.1245154965971,16.0312195418814,16.0,50.0,45.0,42.04759208325728,261.15512631384433,261.19150062741323,248.20153101864622,231.21634890292685
1289,36,1289,0,42.96666666666678,12.165525060596439,97.18538984847466,11.0,21.02379604162864,25.179356624028344,29.068883707497267,23.08679276123039,67.1863081289633,46.17358552246078,40.0,34.0,40.0,14.0,30.0,6.0,3.0,16.1245154965971,16.0312195418814,16.0,50.0,44.0,42.1070065428546,263.1216448717209,261.1225765804252,249.1625975141534,233.173754955398
1290,36,1290,0,43.000000000000114,11.180339887498949,96.08329719571451,10.0,23.021728866442675,25.079872407968907,28.0178514522438,23.08679276123039,67.1863081289633,44.181444068749045,38.5,34.0,38.0,13.0,31.0,6.0,3.0,16.1245154965971,16.0312195418814,16.0,50.0,44.0,43.104524124504614,262.1221089492453,261.1225765804252,249.12848090894786,231.1384866265244
1291,36,1291,0,43.033333333333445,6.324555320336759,98.12746812182611,12.041594578792296,22.0,25.079872407968907,27.018512172212592,27.018512172212592,67.11929677819934,45.17742799230607,42.0,35.0,40.0,10.5,29.5,5.5,0.5,17.11724276862369,16.0312195418814,16.0,50.0,45.0,43.04648650006177,262.0934947685654,261.0938528575501,250.04999500099976,232.07757323791543
1292,36,1292,0,43.06666666666678,3.1622776601683795,97.12878049270464,12.0,21.02379604162864,23.08679276123039,25.019992006393608,29.068883707497267,65.12296062065974,44.10215414239989,42.5,35.0,40.0,8.5,27.5,3.5,3.5,16.1245154965971,16.0,16.0,50.0,45.0,44.10215414239989,262.15453457836657,260.155722597063,249.1625975141534,231.21634890292685
1293,36,1293,0,43.10000000000011,2.23606797749979,97.082439194738,13.0,21.0,23.021728866442675,25.019992006393608,29.068883707497267,64.1248781675256,43.18564576337837,42.5,36.0,40.0,9.0,26.0,2.0,3.0,16.1245154965971,16.0312195418814,16.0,50.0,46.0,44.04543109109048,260.155722597063,261.15512631384433,249.12848090894786,232.2154172315008
1294,36,1294,0,43.13333333333344,1.0,98.12746812182611,13.0,22.0,22.02271554554524,25.019992006393608,28.160255680657446,63.12685640834652,41.19465984809196,41.0,35.0,40.0,9.5,25.5,1.5,2.5,16.1245154965971,16.0312195418814,16.0,51.0,46.0,44.04543109109048,260.1922366251537,260.1922366251537,248.16325271885037,231.21634890292685
1295,36,1295,0,43.16666666666677,4.123105625617661,98.12746812182611,13.0,21.0,21.02379604162864,24.020824298928627,26.1725046566048,64.1248781675256,43.18564576337837,41.0,34.0,39.0,10.5,27.5,4.5,1.5,16.1245154965971,16.0312195418814,16.0,50.0,45.0,45.044422518220834,260.09421369957465,260.09421369957465,251.07170290576354,234.07691043757393
1296,36,1296,0,43.2000000000001,7.0710678118654755,99.12618221237011,14.0,20.024984394500787,22.02271554554524,24.020824298928627,25.179356624028344,66.18912297349165,46.17358552246078,42.5,34.0,39.0,11.5,29.5,7.5,1.5,16.1245154965971,15.033296378372908,15.0,51.0,45.0,45.09988913511872,262.1221089492453,262.0934947685654,251.09759058979438,235.10423220350586
1297,36,1297,0,43.23333333333344,8.0,98.12746812182611,14.0,20.024984394500787,21.02379604162864,24.020824298928627,25.179356624028344,67.11929677819934,47.095647357266465,43.0,34.0,39.0,11.5,30.5,7.5,1.5,16.1245154965971,16.0312195418814,16.0,50.0,44.0,45.044422518220834,261.0938528575501,261.0689564080724,250.04999500099976,233.05364189387817
1298,36,1298,0,43.266666666666765,7.0710678118654755,99.08077512817509,14.0,22.0,22.02271554554524,25.019992006393608,23.194827009486403,66.12110101926616,44.181444068749045,40.5,35.0,39.0,14.0,29.0,5.0,1.0,15.132745950421556,16.1245154965971,15.5,50.0,46.0,46.010868281309364,260.1230478062257,260.09421369957465,250.12796724876648,233.173754955398
1299,36,1299,0,43.3000000000001,5.0990195135927845,97.082439194738,15.0,24.0,24.020824298928627,27.018512172212592,23.194827009486403,67.11929677819934,43.18564576337837,40.5,36.0,40.0,15.0,29.0,3.0,1.0,15.132745950421556,15.033296378372908,15.0,51.0,45.0,44.01136216933077,261.15512631384433,261.1225765804252,251.07170290576354,234.07691043757393
1300,36,1300,0,43.33333333333343,3.605551275463989,97.082439194738,15.0,25.0,23.021728866442675,27.018512172212592,24.186773244895647,67.1863081289633,42.2965719651132,40.5,38.0,42.0,16.0,27.0,0.0,2.0,16.1245154965971,16.0312195418814,16.0,51.0,46.0,44.01136216933077,261.1225765804252,262.0686932847951,251.07170290576354,233.10512649875378
1301,36,1301,0,43.36666666666676,6.082762530298219,97.082439194738,14.0,25.019992006393608,25.079872407968907,28.0178514522438,25.179356624028344,70.178344238091,45.17742799230607,42.0,39.0,43.0,16.0,29.0,1.0,3.0,15.132745950421556,15.033296378372908,14.5,51.0,46.0,41.012193308819754,259.04825805243314,260.0480724789169,249.0321264415497,231.05410621756974
1302,36,1302,0,43.40000000000009,19.1049731745428,94.04786015641186,11.0,22.02271554554524,25.079872407968907,28.0178514522438,22.20360331117452,74.24284477308234,52.23983154643591,42.5,41.0,44.0,20.5,31.5,7.5,9.5,7.0710678118654755,8.06225774829855,7.5,51.0,48.0,41.012193308819754,260.09421369957465,259.09457732650446,248.0987706539474,231.10603626906848
1303,36,1303,0,43.43333333333342,19.1049731745428,94.04786015641186,11.0,23.0,25.079872407968907,29.017236257093817,22.20360331117452,75.16648189186454,52.23983154643591,42.5,42.0,45.0,21.5,31.5,6.5,10.5,7.0710678118654755,7.0710678118654755,7.0,50.0,47.0,43.01162633521314,260.1230478062257,259.12352266824405,248.12899870833317,230.13908837917995
1304,36,1304,0,43.466666666666754,23.021728866442675,94.02127418834527,11.045361017187261,23.0,25.019992006393608,29.0,22.090722034374522,79.1012010022604,56.142675390472796,44.5,44.0,46.0,23.0,34.0,9.0,12.0,8.0,8.06225774829855,8.0,49.0,47.0,44.0,263.0684321616716,261.04788832702707,247.01821795163207,229.01964981197574
1305,36,1305,0,43.500000000000085,22.090722034374522,95.04735661763561,11.0,24.0,26.076809620810597,29.017236257093817,23.194827009486403,80.15609770940699,56.22277118748239,45.0,44.0,47.0,22.5,34.5,8.5,11.5,9.0,9.055385138137417,9.0,50.0,48.0,44.0,261.0689564080724,259.0308861892728,246.01829200285087,229.01964981197574
1306,36,1306,0,43.53333333333342,25.019992006393608,95.02105029939419,11.0,24.0,26.019223662515376,29.0,23.194827009486403,83.09632964216891,59.135437767890075,46.5,46.0,48.0,24.0,36.0,10.0,13.0,12.041594578792296,12.0,11.5,50.0,47.0,43.0,261.0689564080724,261.0689564080724,247.05060210410335,230.07824755939012
1307,36,1307,0,43.56666666666675,25.079872407968907,96.02083107326243,11.0,23.0,26.019223662515376,29.0,22.090722034374522,81.09870529176159,58.137767414994535,45.5,45.0,47.0,24.0,35.0,10.0,13.0,12.041594578792296,12.0,12.0,50.0,48.0,43.01162633521314,261.00766272276377,260.0,246.0,228.0
1308,36,1308,0,43.60000000000008,25.0,96.00520819205592,12.0,24.020824298928627,26.019223662515376,29.0,22.20360331117452,83.09632964216891,59.07622195096772,46.5,47.0,48.0,25.5,35.5,9.5,13.5,13.0,13.0,13.5,49.0,47.0,43.01162633521314,261.0,261.0019157017818,246.00203251192866,229.00218339570478
1309,36,1309,0,43.63333333333341,27.018512172212592,96.00520819205592,10.0,23.0,26.019223662515376,29.0,22.090722034374522,82.05485969764375,59.07622195096772,45.5,46.0,47.0,24.5,35.5,10.5,14.5,13.038404810405298,14.0,14.0,50.0,47.0,43.0,262.01717500957835,260.00192306981114,247.00202428320299,229.00218339570478
1310,36,1310,0,43.66666666666674,25.079872407968907,96.02083107326243,12.0,25.0,27.018512172212592,30.0,23.08679276123039,85.09406559801923,60.13318551349163,47.5,47.0,49.0,25.0,37.0,11.0,13.0,13.0,14.035668847618199,14.0,49.0,46.0,43.01162633521314,261.0,260.0076921939041,246.0081299469593,229.0087334579186
1311,36,1311,0,43.70000000000008,26.076809620810597,96.00520819205592,12.0,24.0,27.018512172212592,30.0,22.090722034374522,84.09518416651456,60.13318551349163,47.0,47.0,48.0,25.5,36.5,10.5,13.5,14.035668847618199,14.035668847618199,14.5,50.0,48.0,43.01162633521314,262.00763347658403,260.00192306981114,247.0,230.0
1312,36,1312,0,43.733333333333405,27.073972741361768,97.0051545022222,11.0,23.0,27.018512172212592,30.0,23.08679276123039,84.09518416651456,61.1310068623117,47.5,48.0,49.0,25.5,35.5,10.5,14.5,15.033296378372908,15.033296378372908,15.0,50.0,48.0,43.01162633521314,262.00763347658403,261.0,246.00203251192866,229.00218339570478
1313,36,1313,0,43.76666666666674,30.066592756745816,96.00520819205592,11.0,24.0,27.018512172212592,31.0,22.02271554554524,87.05170877128145,63.071388124885914,48.0,48.0,49.0,26.5,38.5,12.5,15.5,15.033296378372908,15.0,15.0,50.0,47.0,44.01136216933077,261.0019157017818,260.00192306981114,245.0,228.0
1314,36,1314,0,43.80000000000007,32.01562118716424,95.00526301210897,11.0,24.020824298928627,27.018512172212592,31.0,22.02271554554524,89.05054744357274,65.03076195155643,49.0,48.0,49.0,26.5,40.5,14.5,15.5,14.035668847618199,14.0,14.0,50.0,47.0,44.01136216933077,261.01724080987447,260.0076921939041,247.00809703327542,229.01964981197574
1315,36,1315,0,43.8333333333334,33.06055050963308,97.02061636580135,12.0,25.0,27.018512172212592,31.0,23.021728866442675,93.04837451562494,68.06614430096654,51.5,50.0,52.0,28.0,42.0,15.0,16.0,14.035668847618199,16.0312195418814,15.5,50.0,47.0,44.01136216933077,261.01724080987447,260.0076921939041,246.0081299469593,228.0350850198276
1316,36,1316,0,43.86666666666673,35.014282800023196,95.02105029939419,12.0,24.020824298928627,27.018512172212592,30.0,22.02271554554524,93.04837451562494,69.02897942168927,51.5,50.0,52.0,29.0,42.0,16.0,17.0,14.035668847618199,15.033296378372908,14.5,50.0,47.0,43.04648650006177,261.03064954139006,260.0173071162764,247.00809703327542,229.00218339570478
1317,36,1317,0,43.90000000000006,35.014282800023196,95.02105029939419,11.045361017187261,25.019992006393608,28.0178514522438,31.0,23.021728866442675,94.08506789071261,69.06518659932803,51.5,50.0,52.0,28.0,43.0,17.0,17.0,14.035668847618199,15.033296378372908,15.0,50.0,46.0,43.01162633521314,262.0019083899963,260.0,246.0,227.0
1318,36,1318,0,43.933333333333394,37.05401462729781,95.02105029939419,11.0,25.019992006393608,27.018512172212592,31.0,22.02271554554524,95.08417323613851,70.06425622241343,51.5,50.0,52.0,29.0,44.0,18.0,18.0,14.035668847618199,14.0,14.5,49.0,46.0,42.0,262.01717500957835,260.0173071162764,246.01829200285087,228.0350850198276
1319,36,1319,0,43.966666666666725,39.05124837953327,95.02105029939419,11.0,24.020824298928627,27.073972741361768,32.0,22.02271554554524,96.08329719571451,72.06247289678588,52.5,51.0,53.0,30.0,44.0,19.0,18.0,14.035668847618199,15.033296378372908,15.0,50.0,46.0,43.04648650006177,263.0171097096157,261.01724080987447,248.0080643850115,228.0350850198276
1320,36,1320,0,44.00000000000006,39.05124837953327,96.04686356149273,11.0,24.020824298928627,27.018512172212592,32.0,23.08679276123039,97.12878049270464,73.10950690573696,53.5,51.0,54.0,29.5,44.5,18.5,18.5,15.033296378372908,15.0,15.0,49.0,46.0,42.01190307520001,261.00766272276377,260.0173071162764,247.00809703327542,229.0349318335524
1321,36,1321,0,44.03333333333339,41.048751503547585,94.04786015641186,11.0,24.020824298928627,27.073972741361768,31.0,22.090722034374522,98.12746812182611,74.10802925459562,53.5,51.0,54.0,30.5,45.5,19.5,18.5,15.033296378372908,15.033296378372908,15.0,50.0,46.0,43.01162633521314,262.01717500957835,260.0173071162764,246.01829200285087,227.03523955544875
1322,36,1322,0,44.06666666666672,41.048751503547585,96.04686356149273,11.0,25.019992006393608,27.018512172212592,32.0,23.194827009486403,100.17983829094555,75.16648189186454,54.5,51.0,54.0,29.5,47.5,20.5,18.5,14.035668847618199,14.035668847618199,14.5,50.0,46.0,42.01190307520001,262.0934947685654,261.1225765804252,248.0987706539474,229.10696191953662
1323,36,1323,0,44.10000000000005,41.048751503547585,97.082439194738,10.0,24.020824298928627,28.071337695236398,31.0,23.194827009486403,98.18350166906862,74.16872656315464,53.5,49.0,53.0,28.0,47.0,21.0,17.0,15.033296378372908,15.033296378372908,14.5,51.0,47.0,42.01190307520001,262.0686932847951,261.04788832702707,247.0323865407125,228.0548179714693
1324,36,1324,0,44.13333333333338,36.05551275463989,99.08077512817509,11.0,24.020824298928627,28.0178514522438,31.0,22.20360331117452,93.1933474020544,69.18092222571191,51.0,47.0,51.0,27.0,44.0,18.0,16.0,14.035668847618199,14.035668847618199,14.0,50.0,45.0,43.01162633521314,264.09278672466615,262.0686932847951,248.05039810490126,229.0785891348207
1325,36,1325,0,44.16666666666672,31.064449134018133,100.04498987955368,11.045361017187261,24.0,28.0178514522438,32.0,22.090722034374522,88.14193099768123,64.19501538281614,48.5,46.0,49.0,25.5,40.5,14.5,14.5,14.142135623730951,14.0,14.0,50.0,46.0,42.04759208325728,263.0684321616716,262.0686932847951,248.03225596683993,231.05410621756974
1326,36,1326,0,44.200000000000045,29.068883707497267,102.07840124139877,10.0,25.019992006393608,29.017236257093817,33.015148038438355,24.186773244895647,88.20430828479978,63.198101237299845,48.5,45.0,49.0,23.0,41.0,15.0,13.0,14.035668847618199,15.033296378372908,14.5,52.0,47.0,43.04648650006177,263.0684321616716,261.04788832702707,248.0181444975347,230.05434140654683
1327,36,1327,0,44.23333333333338,31.064449134018133,101.04454463255303,9.055385138137417,24.020824298928627,28.071337695236398,32.0,23.194827009486403,87.28115489611719,63.28506932918696,47.5,45.0,48.0,23.5,40.5,14.5,13.5,14.035668847618199,15.0,14.5,52.0,47.0,41.012193308819754,262.0477055804916,261.0689564080724,248.05039810490126,230.07824755939012
1328,36,1328,0,44.26666666666671,34.058772731852805,99.04544411531506,10.0,24.020824298928627,28.071337695236398,32.0,22.20360331117452,90.19977827023745,66.18912297349165,49.0,47.0,50.0,26.5,41.5,15.5,16.5,15.033296378372908,15.0,14.5,52.0,47.0,42.04759208325728,264.09278672466615,262.0934947685654,249.0501957437496,229.10696191953662
1329,36,1329,0,44.30000000000004,37.05401462729781,99.08077512817509,9.0,25.019992006393608,28.071337695236398,32.01562118716424,22.360679774997898,93.26306878931231,68.26419266350405,49.5,46.0,50.0,26.0,45.0,18.0,16.0,15.033296378372908,15.0,14.5,52.0,46.0,43.01162633521314,264.09278672466615,262.1221089492453,248.0987706539474,229.13969538253298
1330,36,1330,0,44.33333333333337,37.05401462729781,100.12492197250393,9.055385138137417,25.0,28.071337695236398,32.01562118716424,22.20360331117452,93.1933474020544,68.26419266350405,49.5,47.0,52.0,27.5,43.5,16.5,17.5,15.033296378372908,15.0,15.0,52.0,46.0,43.04648650006177,264.09278672466615,262.0934947685654,249.09837414162303,231.10603626906848
1331,36,1331,0,44.3666666666667,30.066592756745816,98.18350166906862,10.0,24.020824298928627,26.076809620810597,30.01666203960727,21.213203435596427,85.21150157109074,61.204574992397426,46.0,43.0,49.0,25.0,39.0,13.0,15.0,15.132745950421556,15.0,14.5,51.0,45.0,43.04648650006177,263.0931394012394,262.0934947685654,249.07227866625382,231.10603626906848
1332,36,1332,0,44.400000000000034,20.024984394500787,98.12746812182611,10.04987562112089,22.0,26.076809620810597,29.017236257093817,20.09975124224178,72.11102550927978,50.15974481593781,40.0,41.0,46.0,23.5,28.5,4.5,12.5,14.035668847618199,15.0,15.0,51.0,45.0,43.04648650006177,263.1216448717209,262.1221089492453,251.09759058979438,232.13789005675054
1333,36,1333,0,44.433333333333366,13.038404810405298,100.17983829094555,11.0,22.02271554554524,26.076809620810597,30.066592756745816,20.223748416156685,66.18912297349165,44.181444068749045,37.5,38.0,44.0,21.0,25.0,0.0,9.0,14.035668847618199,14.0,14.5,50.0,45.0,41.012193308819754,263.1900454044567,263.1900454044567,251.19912420229494,232.2154172315008
1334,36,1334,0,44.4666666666667,11.045361017187261,99.18165152889924,13.038404810405298,23.021728866442675,27.073972741361768,29.068883707497267,19.1049731745428,66.18912297349165,43.18564576337837,37.5,37.0,43.0,21.0,26.0,0.0,8.0,15.132745950421556,15.0,15.0,51.0,45.0,42.0,262.1221089492453,261.0938528575501,250.09798079952586,232.17450333746814
1335,36,1335,0,44.50000000000003,11.045361017187261,100.24470060806208,12.0,24.020824298928627,27.073972741361768,30.066592756745816,20.223748416156685,67.1863081289633,43.18564576337837,37.5,36.0,43.0,19.5,27.5,1.5,7.5,14.142135623730951,15.0,15.0,51.0,45.0,42.01190307520001,262.1907702418222,261.19150062741323,250.1619475459847,234.21357774475842
1336,36,1336,0,44.53333333333336,13.152946437965905,100.17983829094555,12.0,24.020824298928627,27.073972741361768,30.066592756745816,20.223748416156685,69.26037828369117,45.27692569068709,38.5,38.0,44.0,21.0,28.0,2.0,9.0,14.142135623730951,15.0,15.0,51.0,45.0,41.012193308819754,263.1216448717209,263.1216448717209,250.12796724876648,232.13789005675054
1337,36,1337,0,44.56666666666669,13.152946437965905,99.24716620639605,12.041594578792296,24.020824298928627,27.073972741361768,30.066592756745816,20.223748416156685,69.35416353759881,45.39823785126467,38.5,37.0,44.0,20.5,28.5,2.5,8.5,14.142135623730951,15.0,15.5,51.0,45.0,42.01190307520001,264.12118430750684,263.0931394012394,251.07170290576354,234.10467744152402
1338,36,1338,0,44.60000000000002,22.02271554554524,99.08077512817509,10.04987562112089,24.020824298928627,28.071337695236398,31.016124838541646,22.20360331117452,78.23042886243178,54.230987451824994,43.0,41.0,45.0,21.0,35.0,9.0,10.0,15.132745950421556,15.0,15.0,53.0,45.0,43.04648650006177,263.1539473388153,262.1221089492453,249.09837414162303,231.1384866265244
1339,36,1339,0,44.63333333333336,23.021728866442675,97.25224933131366,10.04987562112089,23.021728866442675,28.160255680657446,31.064449134018133,21.213203435596427,77.23341245859851,54.230987451824994,42.5,39.0,46.0,21.5,34.5,8.5,10.5,15.033296378372908,16.0,15.5,53.0,46.0,44.04543109109048,261.19150062741323,262.23081436017395,249.24285345822858,231.3114783144148
1340,36,1340,0,44.666666666666686,21.02379604162864,98.18350166906862,10.04987562112089,22.02271554554524,27.073972741361768,31.016124838541646,22.090722034374522,75.16648189186454,53.150729063673246,42.5,39.0,45.0,20.0,33.0,9.0,9.0,15.132745950421556,16.0,15.5,53.0,46.0,42.1070065428546,263.1900454044567,262.1907702418222,249.20072231034965,231.3114783144148
1341,36,1341,0,44.70000000000002,20.09975124224178,100.17983829094555,10.04987562112089,23.021728866442675,28.071337695236398,30.066592756745816,21.213203435596427,74.33034373659252,51.35172830587107,41.0,37.0,43.0,19.0,34.0,8.0,8.0,15.132745950421556,15.0,15.0,53.0,45.0,41.048751503547585,262.2746651889961,261.27571643763605,250.28783430282823,233.42022191746798
1342,36,1342,0,44.73333333333335,18.24828759089466,101.17806086301516,11.0,24.0,29.068883707497267,32.01562118716424,22.090722034374522,75.16648189186454,51.24451190127583,42.0,37.0,43.0,18.0,35.0,9.0,7.0,14.142135623730951,14.0,14.0,53.0,45.0,42.04759208325728,263.1900454044567,262.23081436017395,250.2418829852429,232.31013753170566
1343,36,1343,0,44.76666666666668,22.02271554554524,102.17631819555841,11.045361017187261,23.021728866442675,28.071337695236398,31.064449134018133,21.213203435596427,77.23341245859851,54.230987451824994,43.0,36.0,42.0,18.0,38.0,13.0,7.0,14.035668847618199,15.033296378372908,15.0,54.0,46.0,41.012193308819754,262.23081436017395,262.23081436017395,250.2418829852429,233.25951213187426
1344,36,1344,0,44.80000000000001,22.090722034374522,102.17631819555841,10.04987562112089,22.02271554554524,29.068883707497267,32.01562118716424,23.08679276123039,77.23341245859851,55.226805085936306,44.0,38.0,44.0,18.0,36.0,11.0,8.0,14.142135623730951,15.0,14.5,53.0,45.0,41.048751503547585,263.2299375071156,262.2746651889961,249.28898892650673,233.36237914453991
1345,36,1345,0,44.83333333333334,22.090722034374522,102.12247548899312,10.04987562112089,23.021728866442675,29.068883707497267,32.01562118716424,23.08679276123039,78.23042886243178,55.226805085936306,44.0,39.0,44.0,18.5,36.5,11.5,8.5,14.142135623730951,15.0,15.0,53.0,45.0,42.04759208325728,263.1900454044567,261.19150062741323,248.16325271885037,232.2154172315008
1346,36,1346,0,44.866666666666674,20.09975124224178,102.17631819555841,10.0,23.021728866442675,29.068883707497267,31.064449134018133,21.213203435596427,74.24284477308234,51.24451190127583,41.0,35.0,41.0,17.0,36.0,11.0,7.0,14.035668847618199,14.035668847618199,14.0,53.0,46.0,42.04759208325728,264.18932605235966,263.1900454044567,250.19992006393608,233.25951213187426
1347,36,1347,0,44.900000000000006,20.09975124224178,102.17631819555841,9.055385138137417,23.021728866442675,29.154759474226502,32.0624390837628,22.20360331117452,74.33034373659252,51.35172830587107,41.0,35.0,41.0,16.0,36.0,11.0,6.0,14.142135623730951,14.035668847618199,14.5,53.0,46.0,40.049968789001575,263.2299375071156,262.2746651889961,250.2418829852429,233.30880823492285
1348,36,1348,0,44.93333333333334,20.024984394500787,102.12247548899312,9.055385138137417,23.08679276123039,29.068883707497267,32.0624390837628,22.090722034374522,74.24284477308234,51.15662224971465,41.0,36.0,41.0,16.5,35.5,10.5,7.5,14.142135623730951,14.035668847618199,14.0,53.0,46.0,40.049968789001575,263.2736219221364,262.32232081925474,250.28783430282823,233.36237914453991
1349,36,1349,0,44.96666666666667,19.026297590440446,103.12128781197411,10.04987562112089,23.021728866442675,29.154759474226502,32.01562118716424,23.194827009486403,75.23961722390672,52.23983154643591,42.5,36.0,41.0,15.5,36.5,11.5,5.5,14.035668847618199,14.0,14.0,53.0,45.0,41.048751503547585,262.2746651889961,261.27571643763605,249.24285345822858,233.36237914453991
1350,36,1350,0,45.0,20.223748416156685,102.17631819555841,9.0,23.021728866442675,29.154759474226502,32.01562118716424,23.194827009486403,75.32595834106593,52.3450093132096,42.0,35.0,41.0,15.0,37.0,11.0,5.0,14.035668847618199,15.0,14.5,53.0,45.0,41.048751503547585,262.1907702418222,262.23081436017395,249.20072231034965,233.25951213187426
1351,36,1351,0,45.03333333333333,19.1049731745428,102.12247548899312,10.04987562112089,22.02271554554524,28.071337695236398,32.01562118716424,23.08679276123039,74.24284477308234,52.23983154643591,42.5,36.0,41.0,15.5,35.5,11.5,5.5,14.035668847618199,15.0,14.5,52.0,46.0,42.04759208325728,262.23081436017395,262.23081436017395,250.2418829852429,233.30880823492285
1352,36,1352,0,45.06666666666666,17.11724276862369,103.12128781197411,9.055385138137417,21.02379604162864,28.071337695236398,32.01562118716424,23.08679276123039,70.25667228100119,49.25444142409901,40.5,35.0,40.0,14.5,32.5,9.5,5.5,10.04987562112089,11.045361017187261,10.5,52.0,44.0,42.04759208325728,264.2290672882149,262.23081436017395,249.20072231034965,233.21449354617735
1353,36,1353,0,45.1,14.317821063276353,101.1236866416568,11.045361017187261,21.02379604162864,27.073972741361768,31.016124838541646,22.090722034374522,68.3593446428504,47.38143096192854,40.0,34.0,39.0,14.5,31.5,7.5,3.5,7.0710678118654755,8.246211251235321,7.5,53.0,46.0,42.04759208325728,262.15453457836657,260.1922366251537,250.1619475459847,233.21449354617735
1354,36,1354,0,45.133333333333326,12.165525060596439,97.18538984847466,10.04987562112089,22.02271554554524,28.071337695236398,30.01666203960727,21.095023109728988,65.27633568147036,43.289721643826724,37.0,34.0,40.0,16.0,28.0,4.0,6.0,7.0710678118654755,7.0710678118654755,7.5,53.0,46.0,43.04648650006177,262.15453457836657,261.19150062741323,249.1625975141534,232.26062946612367
1355,36,1355,0,45.16666666666666,12.165525060596439,97.18538984847466,10.04987562112089,22.02271554554524,28.071337695236398,30.01666203960727,21.095023109728988,65.27633568147036,43.289721643826724,37.0,34.0,40.0,16.0,28.0,4.0,6.0,7.0710678118654755,7.0710678118654755,7.5,53.0,46.0,43.04648650006177,262.15453457836657,261.19150062741323,249.1625975141534,232.26062946612367
1356,36,1356,0,45.19999999999999,13.341664064126334,97.25224933131366,9.055385138137417,22.02271554554524,27.073972741361768,30.066592756745816,21.095023109728988,65.37583651472461,43.41658669218482,36.5,33.0,40.0,15.5,28.5,3.5,5.5,7.0710678118654755,7.280109889280518,7.5,53.0,46.0,43.104524124504614,263.1539473388153,261.19150062741323,248.2438317461282,232.31013753170566
1357,36,1357,0,45.23333333333332,13.152946437965905,97.25224933131366,10.04987562112089,23.021728866442675,27.073972741361768,30.01666203960727,21.213203435596427,67.36467917239716,44.40720662234904,37.5,33.0,40.0,15.5,30.5,5.5,5.5,10.04987562112089,10.04987562112089,9.5,51.0,45.0,42.04759208325728,263.1900454044567,262.1907702418222,250.19992006393608,233.30880823492285
1358,36,1358,0,45.26666666666665,21.095023109728988,101.17806086301516,10.0,24.020824298928627,29.068883707497267,32.01562118716424,22.20360331117452,77.23341245859851,53.23532661682466,42.5,37.0,43.0,18.0,37.0,11.0,8.0,12.041594578792296,12.0,12.5,51.0,45.0,41.048751503547585,262.23081436017395,261.23169792351007,249.24285345822858,232.31013753170566
1359,36,1359,0,45.29999999999998,20.024984394500787,99.12618221237011,10.04987562112089,24.08318915758459,28.071337695236398,31.016124838541646,22.20360331117452,76.32168761236873,52.23983154643591,42.0,37.0,42.0,17.5,36.5,9.5,7.5,13.152946437965905,12.0,12.5,52.0,45.0,40.049968789001575,262.1907702418222,262.1907702418222,249.20072231034965,232.31013753170566
1360,36,1360,0,45.333333333333314,23.08679276123039,101.1236866416568,9.055385138137417,24.020824298928627,28.071337695236398,31.016124838541646,22.090722034374522,78.23042886243178,54.230987451824994,42.5,37.0,42.0,17.5,38.5,12.5,7.5,13.152946437965905,13.0,13.0,51.0,45.0,41.048751503547585,263.1900454044567,262.23081436017395,249.24285345822858,232.31013753170566
1361,36,1361,0,45.366666666666646,22.090722034374522,100.12492197250393,9.0,24.020824298928627,29.068883707497267,32.01562118716424,23.194827009486403,78.23042886243178,54.230987451824994,43.0,39.0,44.0,18.5,36.5,10.5,9.5,14.142135623730951,14.0,14.0,51.0,45.0,42.04759208325728,261.15512631384433,261.15512631384433,247.1639132235934,231.26175645791503
1362,36,1362,0,45.39999999999998,20.024984394500787,100.12492197250393,10.04987562112089,22.02271554554524,28.071337695236398,31.016124838541646,21.02379604162864,73.10950690573696,51.088159097779204,41.0,36.0,41.0,17.5,34.5,10.5,7.5,15.132745950421556,14.035668847618199,14.5,52.0,46.0,42.04759208325728,262.1907702418222,261.15512631384433,250.1619475459847,232.2154172315008
1363,36,1363,0,45.43333333333331,9.055385138137417,98.12746812182611,11.045361017187261,22.02271554554524,27.16615541441225,30.066592756745816,23.08679276123039,65.19202405202648,43.18564576337837,38.5,36.0,41.0,15.5,26.5,1.5,4.5,15.132745950421556,15.033296378372908,15.0,51.0,45.0,43.01162633521314,261.15512631384433,263.1216448717209,250.12796724876648,234.13671220037236
1364,36,1364,0,45.46666666666664,9.219544457292887,99.18165152889924,12.0,22.02271554554524,27.073972741361768,30.066592756745816,21.095023109728988,64.19501538281614,42.190046219457976,37.5,35.0,41.0,17.0,26.0,1.0,5.0,15.132745950421556,15.033296378372908,15.0,51.0,45.0,41.048751503547585,260.1230478062257,261.0938528575501,249.07227866625382,232.1055794245369
1365,36,1365,0,45.49999999999997,10.198039027185569,98.12746812182611,10.04987562112089,23.021728866442675,28.071337695236398,31.064449134018133,23.021728866442675,66.18912297349165,43.18564576337837,38.0,36.0,41.0,15.5,27.5,2.5,5.5,15.132745950421556,15.0,14.5,51.0,45.0,43.04648650006177,262.0934947685654,263.0931394012394,250.09798079952586,234.13671220037236
1366,36,1366,0,45.5333333333333,11.045361017187261,99.12618221237011,10.04987562112089,22.02271554554524,28.071337695236398,30.066592756745816,22.090722034374522,65.19202405202648,43.18564576337837,37.5,35.0,40.0,15.5,27.5,2.5,5.5,15.132745950421556,14.0,14.5,51.0,45.0,41.10960958218893,262.1221089492453,262.0934947685654,251.07170290576354,234.10467744152402
1367,36,1367,0,45.56666666666664,15.033296378372908,98.12746812182611,10.04987562112089,22.02271554554524,27.073972741361768,31.064449134018133,22.090722034374522,69.18092222571191,47.16990566028302,39.5,35.0,40.0,15.5,31.5,7.5,5.5,15.132745950421556,16.0,16.0,51.0,45.0,42.04759208325728,262.0934947685654,260.09421369957465,249.07227866625382,233.0772404161333
1368,36,1368,0,45.599999999999966,15.132745950421556,98.12746812182611,10.0,21.02379604162864,27.073972741361768,30.066592756745816,23.194827009486403,69.26037828369117,48.25971404805462,40.5,36.0,41.0,15.5,30.5,6.5,5.5,16.1245154965971,15.0,15.5,51.0,45.0,42.04759208325728,263.1216448717209,261.0938528575501,249.09837414162303,233.13729860320507
1369,36,1369,0,45.6333333333333,16.0312195418814,99.12618221237011,10.04987562112089,22.02271554554524,27.073972741361768,31.064449134018133,22.20360331117452,70.25667228100119,48.25971404805462,40.0,35.0,40.0,15.5,32.5,8.5,5.5,15.132745950421556,15.0,15.0,51.0,45.0,42.01190307520001,262.1221089492453,260.09421369957465,250.0719896349849,234.10467744152402
1370,36,1370,0,45.66666666666663,15.033296378372908,100.12492197250393,10.04987562112089,23.08679276123039,28.071337695236398,31.016124838541646,22.20360331117452,70.34912934784623,47.265209192385896,39.5,34.0,39.0,14.5,33.5,7.5,4.5,16.1245154965971,15.033296378372908,15.5,51.0,46.0,43.01162633521314,261.0938528575501,261.0938528575501,250.0719896349849,234.10467744152402
1371,36,1371,0,45.69999999999996,16.1245154965971,100.12492197250393,10.0,23.021728866442675,29.154759474226502,31.016124838541646,23.194827009486403,72.24956747275377,49.25444142409901,41.0,35.0,40.0,14.5,34.5,8.5,4.5,15.132745950421556,15.0,15.0,51.0,45.0,42.04759208325728,262.0934947685654,261.0689564080724,250.0719896349849,233.10512649875378
1372,36,1372,0,45.73333333333329,16.1245154965971,100.12492197250393,10.0,22.0,28.071337695236398,31.016124838541646,22.20360331117452,70.178344238091,48.25971404805462,40.0,35.0,40.0,15.5,32.5,7.5,5.5,15.033296378372908,15.033296378372908,15.0,50.0,45.0,42.01190307520001,262.0934947685654,262.0934947685654,249.0501957437496,234.10467744152402
1373,36,1373,0,45.76666666666662,16.1245154965971,98.12746812182611,10.0,22.02271554554524,29.068883707497267,32.01562118716424,22.20360331117452,70.25667228100119,48.25971404805462,40.0,35.0,40.0,15.5,32.5,7.5,5.5,16.1245154965971,16.0,16.0,51.0,46.0,40.049968789001575,263.0931394012394,262.0686932847951,250.0719896349849,233.0772404161333
1374,36,1374,0,45.79999999999996,16.1245154965971,99.12618221237011,10.04987562112089,23.021728866442675,28.071337695236398,32.01562118716424,22.090722034374522,71.25307010929424,48.25971404805462,40.0,35.0,40.0,15.5,33.5,8.5,5.5,15.033296378372908,15.033296378372908,15.0,50.0,44.0,43.04648650006177,262.0686932847951,262.0934947685654,249.09837414162303,231.1384866265244
1375,36,1375,0,45.833333333333286,16.0312195418814,100.12492197250393,10.04987562112089,22.02271554554524,28.071337695236398,31.016124838541646,22.090722034374522,70.178344238091,48.16637831516918,40.0,35.0,40.0,15.5,32.5,7.5,5.5,16.1245154965971,15.0,15.5,51.0,45.0,41.048751503547585,262.1221089492453,261.1225765804252,249.09837414162303,233.13729860320507
1376,36,1376,0,45.86666666666662,15.297058540778355,101.1236866416568,10.0,21.02379604162864,28.160255680657446,31.016124838541646,23.08679276123039,69.26037828369117,48.25971404805462,40.5,35.0,40.0,14.5,31.5,7.5,4.5,16.1245154965971,16.0312195418814,16.0,51.0,45.0,42.04759208325728,262.1221089492453,261.0938528575501,250.09798079952586,233.13729860320507
1377,36,1377,0,45.89999999999995,14.142135623730951,101.1236866416568,9.055385138137417,22.02271554554524,28.160255680657446,31.016124838541646,22.090722034374522,67.26812023536856,45.27692569068709,38.0,34.0,39.0,14.5,30.5,6.5,4.5,15.132745950421556,15.0,15.5,50.0,44.0,41.10960958218893,260.1230478062257,261.0938528575501,250.09798079952586,233.173754955398
1378,36,1378,0,45.93333333333328,15.033296378372908,100.17983829094555,10.04987562112089,22.090722034374522,28.160255680657446,31.016124838541646,22.20360331117452,69.35416353759881,47.265209192385896,39.5,34.0,40.0,15.0,32.0,7.0,4.0,14.142135623730951,15.033296378372908,15.0,50.0,44.0,41.048751503547585,260.155722597063,260.09421369957465,249.09837414162303,233.10512649875378
1379,36,1379,0,45.96666666666661,14.142135623730951,99.12618221237011,10.04987562112089,22.02271554554524,27.073972741361768,31.016124838541646,24.08318915758459,70.25667228100119,48.25971404805462,41.0,36.0,41.0,14.5,31.5,7.5,4.5,16.1245154965971,15.033296378372908,15.5,50.0,44.0,41.048751503547585,262.15453457836657,262.1221089492453,250.12796724876648,234.13671220037236
1380,36,1380,0,45.99999999999994,15.132745950421556,100.12492197250393,10.04987562112089,22.02271554554524,28.071337695236398,32.01562118716424,23.08679276123039,70.25667228100119,48.25971404805462,40.5,35.0,40.0,14.5,32.5,7.5,4.5,15.132745950421556,15.033296378372908,15.0,50.0,44.0,41.048751503547585,261.19150062741323,262.1221089492453,251.127457678367,235.1361307838504
1381,36,1381,0,46.03333333333328,15.132745950421556,99.12618221237011,10.0,23.021728866442675,28.071337695236398,31.064449134018133,23.194827009486403,71.25307010929424,48.25971404805462,40.5,36.0,41.0,15.5,32.5,7.5,5.5,15.132745950421556,14.035668847618199,14.5,51.0,45.0,41.048751503547585,261.15512631384433,261.1225765804252,250.12796724876648,234.13671220037236
1382,36,1382,0,46.066666666666606,18.110770276274835,99.18165152889924,10.04987562112089,23.0,27.073972741361768,31.016124838541646,22.20360331117452,73.24616030891995,50.35871324805669,41.0,37.0,43.0,18.0,33.0,8.0,8.0,15.132745950421556,15.0,15.0,52.0,45.0,42.04759208325728,262.1907702418222,261.19150062741323,249.12848090894786,232.2154172315008
1383,36,1383,0,46.09999999999994,22.090722034374522,99.18165152889924,9.055385138137417,24.020824298928627,27.16615541441225,30.01666203960727,23.08679276123039,78.23042886243178,54.230987451824994,43.0,40.0,46.0,20.0,35.0,9.0,10.0,14.142135623730951,15.0,15.0,51.0,44.0,41.10960958218893,262.23081436017395,261.23169792351007,249.20072231034965,232.26062946612367
1384,36,1384,0,46.13333333333327,21.095023109728988,97.25224933131366,9.0,23.021728866442675,25.179356624028344,28.071337695236398,24.186773244895647,77.23341245859851,54.230987451824994,43.5,40.0,47.0,19.5,33.5,8.5,9.5,15.132745950421556,15.0,15.0,51.0,44.0,42.1070065428546,262.23081436017395,261.3235542388018,249.33912649241395,231.42385356743154
1385,36,1385,0,46.1666666666666,8.06225774829855,96.13012014972206,12.041594578792296,23.021728866442675,22.090722034374522,26.076809620810597,28.071337695236398,71.17583859709698,48.16637831516918,44.0,40.0,45.0,14.5,28.5,3.5,2.5,15.132745950421556,15.0,14.5,51.0,44.0,44.04543109109048,261.23169792351007,262.23081436017395,250.2418829852429,233.36237914453991
1386,36,1386,0,46.19999999999993,2.0,94.26027795418386,13.038404810405298,23.021728866442675,22.090722034374522,24.020824298928627,31.064449134018133,69.1158447825099,46.09772228646444,45.0,39.0,46.0,11.5,26.5,0.5,1.5,15.132745950421556,14.035668847618199,14.5,50.0,43.0,42.1070065428546,261.23169792351007,261.27571643763605,251.3364279208249,232.36393868240398
1387,36,1387,0,46.23333333333326,2.0,91.19758768739445,14.035668847618199,25.019992006393608,20.024984394500787,23.08679276123039,29.154759474226502,70.178344238091,45.17742799230607,44.0,40.0,46.0,14.0,27.0,0.0,1.0,15.132745950421556,15.0,15.0,52.0,45.0,43.01162633521314,260.3247971285102,261.3235542388018,250.3377718203947,233.42022191746798
1388,36,1388,0,46.2666666666666,4.123105625617661,89.20201791439474,14.0,25.019992006393608,20.09975124224178,23.08679276123039,28.160255680657446,71.17583859709698,46.17358552246078,44.0,41.0,47.0,16.0,27.0,1.0,2.0,15.132745950421556,14.0,14.5,52.0,44.0,43.04648650006177,260.37665025881256,261.3235542388018,249.28898892650673,231.3114783144148
1389,36,1389,0,46.299999999999926,5.0,88.14193099768123,15.033296378372908,25.019992006393608,20.09975124224178,23.021728866442675,27.16615541441225,72.17340230306452,47.16990566028302,44.5,41.0,46.0,16.5,28.5,1.5,2.5,16.1245154965971,15.0,15.5,52.0,44.0,43.104524124504614,262.2746651889961,261.27571643763605,248.29015284541592,230.3670983452281
1390,36,1390,0,46.33333333333326,9.055385138137417,88.20430828479978,14.035668847618199,25.019992006393608,22.090722034374522,24.020824298928627,26.1725046566048,74.24284477308234,49.25444142409901,44.5,41.0,47.0,18.0,30.0,2.0,4.0,16.1245154965971,15.0,15.0,53.0,45.0,43.04648650006177,261.27571643763605,260.27677575995904,249.28898892650673,230.2628932329306
1391,36,1391,0,46.36666666666659,19.026297590440446,90.19977827023745,11.0,23.021728866442675,24.08318915758459,27.073972741361768,25.317977802344327,78.23042886243178,55.226805085936306,45.5,43.0,49.0,21.0,32.0,6.0,10.0,15.132745950421556,15.0,15.0,51.0,44.0,43.04648650006177,261.27571643763605,261.3235542388018,248.34049206683954,229.42754847663784
1392,36,1392,0,46.39999999999992,25.079872407968907,90.19977827023745,10.0,24.020824298928627,23.08679276123039,27.018512172212592,25.079872407968907,84.1486779456457,60.13318551349163,47.5,44.0,50.0,22.0,37.0,11.0,11.0,15.132745950421556,15.0,15.0,51.0,44.0,43.04648650006177,262.2746651889961,261.3235542388018,247.29132617218906,228.31557108528537
1393,36,1393,0,46.43333333333325,16.0312195418814,92.13576938409967,12.041594578792296,24.020824298928627,22.02271554554524,26.019223662515376,30.01666203960727,82.09750300709517,58.077534382926416,50.0,44.0,49.0,16.5,35.5,9.5,4.5,15.132745950421556,15.0,14.5,52.0,45.0,41.048751503547585,261.27571643763605,261.3235542388018,250.39169315294788,231.48650068632512
1394,36,1394,0,46.46666666666658,2.23606797749979,94.19129471453293,13.0,18.027756377319946,21.02379604162864,23.021728866442675,34.132096331752024,67.1863081289633,49.16299421312742,48.0,41.0,47.0,10.0,23.0,2.0,2.0,16.1245154965971,15.0,15.0,50.0,43.0,44.04543109109048,259.19297829995315,261.19150062741323,250.1619475459847,231.26175645791503
1395,36,1395,0,46.49999999999992,3.605551275463989,96.18731725128839,15.0,21.0,23.08679276123039,25.019992006393608,30.066592756745816,69.1158447825099,48.16637831516918,46.5,41.0,47.0,14.0,25.0,2.0,1.0,16.1245154965971,15.0,15.0,50.0,44.0,44.04543109109048,260.27677575995904,260.27677575995904,248.29015284541592,231.36551169091732
1396,36,1396,0,46.533333333333246,18.110770276274835,94.19129471453293,12.041594578792296,22.0,24.08318915758459,27.018512172212592,26.076809620810597,78.16009211867653,56.22277118748239,47.0,43.0,49.0,20.0,32.0,8.0,8.0,16.1245154965971,15.0,15.5,50.0,45.0,43.04648650006177,261.19150062741323,261.23169792351007,250.28783430282823,231.42385356743154
1397,36,1397,0,46.56666666666658,29.068883707497267,94.19129471453293,11.0,22.02271554554524,25.079872407968907,28.0,23.08679276123039,85.14693182963201,63.12685640834652,48.5,45.0,51.0,25.0,37.0,12.0,14.0,16.0312195418814,16.0,16.0,50.0,46.0,42.01190307520001,260.2325882744127,261.23169792351007,248.20153101864622,230.2628932329306
1398,36,1398,0,46.59999999999991,26.076809620810597,91.13725912051558,9.0,22.02271554554524,25.079872407968907,28.0,23.08679276123039,80.15609770940699,58.137767414994535,45.0,44.0,49.0,23.5,33.5,9.5,14.5,15.132745950421556,15.0,15.5,50.0,45.0,43.04648650006177,262.1907702418222,261.19150062741323,247.12952069714376,228.17756243767704
1399,36,1399,0,46.63333333333324,21.095023109728988,91.13725912051558,10.0,22.0,24.08318915758459,27.018512172212592,22.090722034374522,75.1065909225016,53.150729063673246,42.5,42.0,47.0,22.5,30.5,6.5,12.5,15.132745950421556,15.033296378372908,15.0,49.0,44.0,42.01190307520001,260.155722597063,260.1230478062257,247.09917037497314,227.1079038695043
1400,36,1400,0,46.66666666666657,18.027756377319946,92.0869154657707,9.0,21.0,23.08679276123039,26.0,24.08318915758459,72.06247289678588,51.088159097779204,42.0,41.0,45.0,19.0,29.0,6.0,9.0,15.033296378372908,15.033296378372908,15.0,51.0,47.0,42.01190307520001,260.1230478062257,260.09421369957465,248.07257002740147,229.0785891348207
1401,36,1401,0,46.6999999999999,4.47213595499958,92.0869154657707,13.0,22.0,22.02271554554524,25.019992006393608,29.017236257093817,68.06614430096654,46.09772228646444,44.0,40.0,44.0,13.0,26.0,1.0,1.0,16.1245154965971,15.0,15.5,49.0,45.0,43.01162633521314,260.09421369957465,260.1230478062257,249.12848090894786,232.17450333746814
1402,36,1402,0,46.73333333333324,1.4142135623730951,92.0869154657707,13.0,21.02379604162864,23.021728866442675,25.0,30.066592756745816,65.12296062065974,44.10215414239989,43.5,40.0,44.0,12.0,23.0,0.0,0.0,16.0312195418814,16.0,16.0,49.0,46.0,43.0,260.1230478062257,260.1230478062257,248.0987706539474,230.13908837917995
1403,36,1403,0,46.766666666666566,2.23606797749979,94.08506789071261,15.0,22.0,23.021728866442675,25.019992006393608,28.071337695236398,66.12110101926616,44.181444068749045,43.5,39.0,43.0,13.0,25.0,1.0,1.0,16.1245154965971,15.033296378372908,15.0,50.0,45.0,42.01190307520001,259.09457732650446,260.09421369957465,247.09917037497314,230.13908837917995
1404,36,1404,0,46.7999999999999,2.23606797749979,94.08506789071261,15.033296378372908,21.02379604162864,24.08318915758459,26.019223662515376,28.071337695236398,66.18912297349165,45.17742799230607,44.0,39.0,43.0,13.0,25.0,1.0,1.0,15.132745950421556,15.0,15.0,50.0,45.0,43.01162633521314,259.09457732650446,259.09457732650446,247.09917037497314,230.10649708341572
1405,36,1405,0,46.83333333333323,21.095023109728988,94.04786015641186,11.0,22.02271554554524,25.019992006393608,29.0,23.08679276123039,77.1621668954417,55.14526271584895,44.5,41.0,44.0,19.5,34.5,10.5,8.5,16.0312195418814,16.0,16.0,50.0,46.0,41.0,261.15512631384433,261.15512631384433,249.1625975141534,232.2154172315008
1406,36,1406,0,46.86666666666656,21.095023109728988,95.08417323613851,11.0,23.021728866442675,26.019223662515376,29.0,23.08679276123039,78.16009211867653,55.14526271584895,44.5,40.0,44.0,19.0,36.0,11.0,9.0,16.0312195418814,16.0312195418814,15.5,49.0,45.0,41.048751503547585,262.0934947685654,261.1225765804252,249.09837414162303,230.10649708341572
1407,36,1407,0,46.89999999999989,19.1049731745428,98.08159868191383,9.0,23.0,26.019223662515376,30.0,23.08679276123039,74.10802925459562,51.15662224971465,41.5,37.0,41.0,16.0,35.0,10.0,7.0,16.1245154965971,15.033296378372908,15.0,50.0,46.0,42.01190307520001,261.03064954139006,261.03064954139006,249.0321264415497,231.05410621756974
1408,36,1408,0,46.93333333333322,16.1245154965971,98.04590761474952,9.0,23.0,27.018512172212592,30.0,23.08679276123039,71.11258679024411,48.16637831516918,40.0,36.0,39.0,14.5,33.5,9.5,5.5,15.033296378372908,15.033296378372908,15.0,50.0,46.0,41.012193308819754,261.1225765804252,261.0938528575501,250.09798079952586,233.0772404161333
1409,36,1409,0,46.96666666666656,16.0312195418814,99.08077512817509,10.04987562112089,22.02271554554524,27.018512172212592,30.0,22.090722034374522,70.178344238091,48.16637831516918,40.0,35.0,39.0,15.0,33.0,10.0,5.0,15.132745950421556,15.0,15.0,50.0,46.0,42.01190307520001,261.0689564080724,259.09457732650446,248.07257002740147,233.10512649875378
1410,36,1410,0,46.999999999999886,17.11724276862369,98.04590761474952,10.0,22.0,26.019223662515376,29.0,22.090722034374522,71.11258679024411,49.16299421312742,40.5,36.0,39.0,15.5,33.5,9.5,5.5,15.033296378372908,16.0312195418814,16.0,50.0,46.0,42.01190307520001,262.1221089492453,261.0938528575501,248.0987706539474,232.1055794245369
1411,36,1411,0,47.03333333333322,13.152946437965905,99.08077512817509,11.0,21.02379604162864,26.019223662515376,30.01666203960727,21.095023109728988,66.18912297349165,45.17742799230607,38.5,33.0,37.0,14.0,31.0,8.0,4.0,15.033296378372908,15.033296378372908,15.0,51.0,47.0,43.04648650006177,261.0689564080724,261.0689564080724,250.04999500099976,234.07691043757393
1412,36,1412,0,47.06666666666655,13.152946437965905,101.04454463255303,10.0,22.02271554554524,28.0178514522438,30.0,21.095023109728988,66.18912297349165,44.181444068749045,37.5,33.0,36.0,13.5,31.5,7.5,4.5,15.132745950421556,14.035668847618199,14.0,50.0,45.0,41.012193308819754,261.0938528575501,261.0938528575501,250.0719896349849,234.10467744152402
1413,36,1413,0,47.09999999999988,14.035668847618199,100.04498987955368,10.04987562112089,21.02379604162864,27.073972741361768,30.0,22.090722034374522,67.1863081289633,46.17358552246078,39.0,33.0,36.0,12.5,32.5,9.5,2.5,10.04987562112089,10.0,10.0,50.0,45.0,42.04759208325728,261.04788832702707,260.0480724789169,248.03225596683993,234.03418553707064
1414,36,1414,0,47.13333333333321,14.142135623730951,100.07996802557443,9.0,20.024984394500787,28.071337695236398,31.016124838541646,23.194827009486403,66.27216610312357,46.2709412050371,39.0,33.0,37.0,12.0,31.0,9.0,3.0,9.0,8.0,8.0,51.0,47.0,44.04543109109048,259.04825805243314,258.0484450641003,249.0321264415497,233.05364189387817
1415,36,1415,0,47.16666666666654,19.1049731745428,98.08159868191383,9.055385138137417,21.02379604162864,28.071337695236398,31.0,22.090722034374522,71.25307010929424,50.24937810560445,40.5,35.0,39.0,15.0,34.0,11.0,6.0,9.055385138137417,9.0,9.0,50.0,47.0,44.04543109109048,259.04825805243314,259.0694887477103,249.0501957437496,233.10512649875378
1416,36,1416,0,47.19999999999988,26.076809620810597,96.04686356149273,8.0,23.08679276123039,27.018512172212592,30.01666203960727,23.194827009486403,80.30566605165541,57.21887800367987,44.0,39.0,42.0,17.5,39.5,14.5,9.5,11.045361017187261,10.0,10.5,51.0,47.0,42.01190307520001,263.0931394012394,261.1225765804252,247.09917037497314,229.13969538253298
1417,36,1417,0,47.233333333333206,23.08679276123039,96.04686356149273,8.06225774829855,23.021728866442675,28.0178514522438,31.0,23.194827009486403,77.31752712031083,54.3323108288245,42.5,38.0,41.0,16.5,37.5,12.5,8.5,11.045361017187261,12.0,11.5,50.0,46.0,44.04543109109048,262.0686932847951,261.0938528575501,248.0987706539474,230.17601960239037
1418,36,1418,0,47.26666666666654,21.095023109728988,97.04638066409278,9.055385138137417,21.02379604162864,28.0178514522438,31.0,22.090722034374522,73.24616030891995,52.23983154643591,41.5,37.0,40.0,16.5,34.5,11.5,7.5,13.038404810405298,12.041594578792296,12.0,50.0,46.0,43.04648650006177,263.0931394012394,261.0938528575501,249.09837414162303,231.10603626906848
1419,36,1419,0,47.29999999999987,19.1049731745428,97.04638066409278,9.0,21.02379604162864,27.073972741361768,30.0,23.194827009486403,72.24956747275377,51.24451190127583,41.5,36.0,39.0,14.5,34.5,11.5,5.5,14.035668847618199,13.038404810405298,13.5,49.0,46.0,44.01136216933077,263.0931394012394,261.0938528575501,248.07257002740147,230.13908837917995
1420,36,1420,0,47.3333333333332,19.1049731745428,98.08159868191383,9.0,21.02379604162864,27.073972741361768,30.0,22.20360331117452,71.25307010929424,50.24937810560445,40.5,35.0,39.0,15.0,34.0,11.0,6.0,15.132745950421556,14.0,14.5,49.0,45.0,42.04759208325728,262.0934947685654,261.0938528575501,248.0987706539474,231.10603626906848
1421,36,1421,0,47.36666666666653,19.1049731745428,99.04544411531506,9.055385138137417,21.02379604162864,28.071337695236398,31.016124838541646,23.08679276123039,72.24956747275377,51.24451190127583,41.5,36.0,39.0,14.5,34.5,11.5,5.5,15.132745950421556,14.035668847618199,14.0,49.0,45.0,42.04759208325728,261.0938528575501,260.1230478062257,247.12952069714376,230.21728866442677
1422,36,1422,0,47.39999999999986,19.1049731745428,98.08159868191383,9.055385138137417,22.02271554554524,28.071337695236398,31.0,21.095023109728988,71.25307010929424,49.25444142409901,39.5,34.0,38.0,15.0,35.0,11.0,6.0,15.132745950421556,14.035668847618199,14.0,49.0,45.0,42.01190307520001,261.0689564080724,261.1225765804252,248.12899870833317,230.21728866442677
1423,36,1423,0,47.4333333333332,20.09975124224178,99.04544411531506,9.0,21.02379604162864,28.071337695236398,31.016124838541646,22.20360331117452,72.24956747275377,51.24451190127583,41.0,35.0,38.0,14.5,35.5,12.5,5.5,15.132745950421556,15.033296378372908,15.0,50.0,45.0,43.04648650006177,262.0934947685654,260.09421369957465,247.09917037497314,231.17525819170183
1424,36,1424,0,47.46666666666653,19.1049731745428,99.08077512817509,9.055385138137417,22.02271554554524,28.071337695236398,31.016124838541646,22.20360331117452,72.3394774656273,50.35871324805669,40.5,34.0,38.0,14.0,36.0,12.0,5.0,15.132745950421556,14.035668847618199,14.0,48.0,44.0,43.04648650006177,261.0938528575501,260.09421369957465,248.0987706539474,231.17525819170183
1425,36,1425,0,47.49999999999986,19.1049731745428,99.04544411531506,9.0,22.02271554554524,27.073972741361768,31.016124838541646,22.20360331117452,72.24956747275377,50.24937810560445,40.5,36.0,39.0,15.5,34.5,10.5,6.5,15.132745950421556,15.033296378372908,15.0,50.0,46.0,43.01162633521314,261.0938528575501,259.09457732650446,247.12952069714376,230.17601960239037
1426,36,1426,0,47.53333333333319,20.024984394500787,99.04544411531506,9.055385138137417,22.02271554554524,27.073972741361768,30.01666203960727,22.090722034374522,73.17103251970687,51.15662224971465,41.0,36.0,39.0,15.5,35.5,11.5,6.5,16.1245154965971,15.033296378372908,15.0,49.0,45.0,43.01162633521314,263.1216448717209,261.15512631384433,249.12848090894786,230.13908837917995
1427,36,1427,0,47.56666666666652,20.09975124224178,99.08077512817509,9.055385138137417,23.021728866442675,28.071337695236398,31.0,22.090722034374522,74.24284477308234,51.24451190127583,41.0,36.0,40.0,16.0,36.0,11.0,7.0,14.142135623730951,15.0,15.0,49.0,44.0,43.04648650006177,262.0934947685654,261.0938528575501,248.0987706539474,230.13908837917995
1428,36,1428,0,47.59999999999985,21.095023109728988,99.04544411531506,9.0,23.021728866442675,27.073972741361768,31.0,22.20360331117452,75.23961722390672,52.23983154643591,41.5,37.0,40.0,16.5,36.5,11.5,7.5,16.1245154965971,16.0312195418814,16.0,50.0,45.0,42.04759208325728,261.04788832702707,261.04788832702707,248.05039810490126,231.07790893982056
1429,36,1429,0,47.633333333333184,22.090722034374522,99.04544411531506,10.0,23.021728866442675,27.073972741361768,31.016124838541646,22.20360331117452,77.23341245859851,54.230987451824994,43.0,38.0,41.0,17.5,37.5,12.5,7.5,15.033296378372908,15.0,15.0,50.0,45.0,42.04759208325728,261.04788832702707,261.04788832702707,248.05039810490126,230.10649708341572
1430,36,1430,0,47.66666666666652,24.08318915758459,98.08159868191383,9.0,23.021728866442675,29.068883707497267,32.0,22.20360331117452,78.23042886243178,55.226805085936306,43.0,38.0,42.0,18.0,38.0,13.0,8.0,15.132745950421556,16.0312195418814,15.5,49.0,45.0,42.04759208325728,262.1221089492453,261.15512631384433,248.12899870833317,229.17678765529462
1431,36,1431,0,47.69999999999985,27.018512172212592,98.04590761474952,9.055385138137417,23.021728866442675,28.071337695236398,31.016124838541646,21.095023109728988,80.15609770940699,57.14017850864661,43.5,38.0,41.0,18.5,40.5,15.5,8.5,16.0312195418814,15.0,15.5,49.0,45.0,42.04759208325728,260.1230478062257,259.12352266824405,246.13004692641653,229.21823662178366
1432,36,1432,0,47.73333333333318,28.071337695236398,97.04638066409278,9.055385138137417,23.0,28.071337695236398,31.0,22.090722034374522,82.15229759416349,59.21148537234985,45.0,40.0,43.0,19.5,40.5,15.5,9.5,14.142135623730951,14.0,14.0,49.0,44.0,41.048751503547585,261.0938528575501,260.09421369957465,247.07286374670934,229.13969538253298
1433,36,1433,0,47.76666666666651,29.068883707497267,98.04590761474952,10.04987562112089,23.0,28.0178514522438,32.0,22.090722034374522,84.1486779456457,61.204574992397426,46.5,41.0,44.0,20.5,41.5,16.5,10.5,15.132745950421556,15.033296378372908,15.0,49.0,44.0,42.01190307520001,261.1225765804252,260.155722597063,247.1639132235934,228.26519664635694
1434,36,1434,0,47.79999999999984,31.064449134018133,98.04590761474952,10.0,22.02271554554524,28.0178514522438,31.0,21.213203435596427,84.2140130857092,62.20128616033595,46.5,41.0,44.0,21.5,41.5,17.5,11.5,15.132745950421556,16.0,15.5,49.0,44.0,41.012193308819754,261.19150062741323,260.1922366251537,247.1639132235934,228.21919288263203
1435,36,1435,0,47.83333333333317,31.064449134018133,98.08159868191383,10.0,23.021728866442675,29.017236257093817,32.01562118716424,23.194827009486403,87.20665112249179,64.19501538281614,48.5,42.0,46.0,21.0,43.0,18.0,11.0,15.132745950421556,16.0,15.5,49.0,44.0,42.04759208325728,261.1225765804252,260.1230478062257,247.12952069714376,228.21919288263203
1436,36,1436,0,47.8666666666665,29.068883707497267,98.04590761474952,10.04987562112089,24.020824298928627,28.0178514522438,32.01562118716424,22.090722034374522,85.21150157109074,61.204574992397426,46.5,41.0,44.0,20.5,42.5,16.5,10.5,16.1245154965971,15.033296378372908,15.0,49.0,44.0,42.04759208325728,262.15453457836657,260.155722597063,247.1639132235934,230.21728866442677
1437,36,1437,0,47.89999999999984,27.073972741361768,100.07996802557443,10.0,23.021728866442675,29.068883707497267,32.01562118716424,22.090722034374522,82.15229759416349,59.135437767890075,45.5,40.0,44.0,20.0,40.0,15.0,10.0,14.142135623730951,15.033296378372908,15.0,49.0,44.0,42.04759208325728,260.09421369957465,260.06922155457,247.05060210410335,230.10649708341572
1438,36,1438,0,47.93333333333317,25.019992006393608,101.04454463255303,10.04987562112089,24.020824298928627,28.071337695236398,31.0,23.08679276123039,82.15229759416349,58.137767414994535,45.5,41.0,44.0,19.5,39.5,13.5,9.5,14.035668847618199,15.0,14.5,50.0,45.0,42.04759208325728,260.09421369957465,260.09421369957465,248.07257002740147,230.10649708341572
1439,36,1439,0,47.9666666666665,28.071337695236398,100.07996802557443,10.0,23.021728866442675,29.154759474226502,32.01562118716424,22.090722034374522,83.15046602394962,60.13318551349163,46.0,41.0,45.0,21.0,40.0,15.0,10.0,14.142135623730951,14.035668847618199,14.5,49.0,44.0,42.1070065428546,262.0686932847951,261.0689564080724,248.05039810490126,231.07790893982056
1440,36,1440,0,47.99999999999983,28.0178514522438,100.04498987955368,10.04987562112089,22.02271554554524,28.071337695236398,32.01562118716424,23.08679276123039,83.15046602394962,61.1310068623117,47.0,43.0,46.0,21.5,38.5,14.5,11.5,15.132745950421556,16.0,15.5,49.0,45.0,43.04648650006177,262.0934947685654,261.1225765804252,249.09837414162303,230.13908837917995
1441,36,1441,0,48.03333333333316,32.14031735997639,100.07996802557443,11.0,24.0,29.068883707497267,33.0,22.20360331117452,89.20201791439474,65.27633568147036,49.0,44.0,48.0,24.0,43.0,17.0,13.0,15.132745950421556,15.0,14.5,50.0,45.0,42.01190307520001,262.15453457836657,262.1221089492453,249.12848090894786,232.17450333746814
1442,36,1442,0,48.06666666666649,39.05124837953327,97.12878049270464,10.0,23.021728866442675,28.071337695236398,32.0,23.345235059857504,95.25754563287887,72.24956747275377,52.5,46.0,51.0,25.5,46.5,21.5,14.5,15.132745950421556,15.0,15.0,50.0,45.0,42.01190307520001,263.1539473388153,260.155722597063,247.1639132235934,229.2640399190418
1443,36,1443,0,48.099999999999824,44.10215414239989,97.18538984847466,10.0,23.021728866442675,29.068883707497267,33.015148038438355,23.194827009486403,100.24470060806208,77.23341245859851,55.0,48.0,54.0,28.0,49.0,23.0,17.0,15.132745950421556,15.0,15.0,49.0,44.0,43.04648650006177,264.18932605235966,261.19150062741323,248.16325271885037,229.21823662178366
1444,36,1444,0,48.13333333333316,44.04543109109048,97.12878049270464,10.04987562112089,24.020824298928627,28.071337695236398,33.015148038438355,23.194827009486403,101.24228365658294,77.23341245859851,55.0,50.0,55.0,29.5,48.5,22.5,18.5,14.035668847618199,15.033296378372908,15.0,50.0,45.0,42.04759208325728,263.1539473388153,261.1225765804252,248.12899870833317,229.17678765529462
1445,36,1445,0,48.16666666666649,43.04648650006177,100.17983829094555,10.0,24.020824298928627,28.071337695236398,32.01562118716424,23.194827009486403,100.17983829094555,76.16429609731846,54.5,47.0,53.0,27.0,50.0,24.0,16.0,15.132745950421556,15.0,15.5,50.0,45.0,43.04648650006177,263.1900454044567,261.23169792351007,248.20153101864622,230.2628932329306
1446,36,1446,0,48.19999999999982,41.048751503547585,98.18350166906862,10.04987562112089,24.020824298928627,29.068883707497267,33.06055050963308,23.08679276123039,98.18350166906862,74.16872656315464,53.5,48.0,54.0,28.0,47.0,21.0,17.0,15.033296378372908,15.0,14.5,50.0,44.0,42.04759208325728,264.18932605235966,261.23169792351007,248.2438317461282,231.26175645791503
1447,36,1447,0,48.23333333333315,38.05259518088089,99.18165152889924,10.0,24.020824298928627,28.071337695236398,32.01562118716424,22.20360331117452,94.19129471453293,70.178344238091,51.0,46.0,52.0,27.0,45.0,19.0,16.0,15.033296378372908,15.0,15.0,50.0,44.0,43.04648650006177,263.2299375071156,261.19150062741323,248.20153101864622,230.2628932329306
1448,36,1448,0,48.26666666666648,32.0624390837628,99.18165152889924,11.045361017187261,24.020824298928627,28.160255680657446,32.01562118716424,23.08679276123039,90.19977827023745,66.18912297349165,50.0,45.0,51.0,25.0,42.0,15.0,13.0,15.033296378372908,15.033296378372908,15.5,50.0,44.0,43.04648650006177,263.1539473388153,261.1225765804252,247.09917037497314,230.13908837917995
1449,36,1449,0,48.29999999999981,27.073972741361768,101.17806086301516,11.045361017187261,25.019992006393608,29.154759474226502,32.01562118716424,23.08679276123039,86.20904824900923,61.204574992397426,47.5,42.0,48.0,22.0,41.0,14.0,11.0,15.033296378372908,16.0312195418814,16.0,50.0,43.0,42.01190307520001,263.1216448717209,261.1225765804252,248.0987706539474,231.17525819170183
1450,36,1450,0,48.33333333333314,27.073972741361768,101.17806086301516,10.04987562112089,23.021728866442675,28.071337695236398,32.01562118716424,22.090722034374522,82.21921916437786,59.21148537234985,45.5,41.0,47.0,22.0,38.0,13.0,11.0,16.1245154965971,16.0312195418814,15.5,51.0,45.0,41.048751503547585,262.1907702418222,261.19150062741323,248.20153101864622,230.21728866442677
1451,36,1451,0,48.36666666666648,25.079872407968907,101.17806086301516,10.0,23.08679276123039,29.154759474226502,31.064449134018133,23.194827009486403,81.30190649671138,58.215118311311535,45.5,41.0,47.0,21.0,37.0,12.0,10.0,16.1245154965971,16.0,15.5,50.0,44.0,42.01190307520001,262.2746651889961,261.27571643763605,248.20153101864622,230.21728866442677
1452,36,1452,0,48.39999999999981,21.095023109728988,101.1236866416568,11.0,23.08679276123039,27.073972741361768,31.016124838541646,23.194827009486403,78.31347265956222,55.226805085936306,44.5,41.0,46.0,20.5,34.5,9.5,9.5,15.033296378372908,15.0,15.0,50.0,44.0,42.04759208325728,262.2746651889961,261.27571643763605,249.28898892650673,230.3670983452281
1453,36,1453,0,48.43333333333314,21.095023109728988,101.1236866416568,11.045361017187261,23.021728866442675,28.071337695236398,30.01666203960727,23.08679276123039,78.23042886243178,55.226805085936306,44.5,41.0,46.0,20.5,34.5,9.5,9.5,15.132745950421556,15.0,15.0,50.0,44.0,42.04759208325728,262.23081436017395,260.2325882744127,248.20153101864622,231.21634890292685
1454,36,1454,0,48.46666666666647,21.095023109728988,100.12492197250393,11.045361017187261,23.08679276123039,29.068883707497267,32.01562118716424,22.090722034374522,77.31752712031083,54.230987451824994,43.5,40.0,45.0,20.5,34.5,9.5,9.5,16.1245154965971,15.0,15.5,51.0,44.0,41.048751503547585,263.3723599772763,262.32232081925474,248.29015284541592,231.36551169091732
1455,36,1455,0,48.4999999999998,22.090722034374522,99.08077512817509,10.04987562112089,22.090722034374522,29.068883707497267,31.064449134018133,23.08679276123039,77.31752712031083,55.226805085936306,44.0,41.0,45.0,20.0,34.0,10.0,10.0,8.06225774829855,8.06225774829855,8.0,52.0,46.0,42.01190307520001,263.2736219221364,261.3235542388018,249.33912649241395,232.36393868240398
1456,36,1456,0,48.53333333333313,21.095023109728988,99.08077512817509,11.045361017187261,22.090722034374522,27.073972741361768,30.01666203960727,22.090722034374522,76.32168761236873,54.230987451824994,43.5,41.0,45.0,21.0,33.0,9.0,10.0,8.0,8.06225774829855,8.0,52.0,46.0,41.048751503547585,263.32109676210905,261.3235542388018,248.34049206683954,231.48650068632512
1457,36,1457,0,48.566666666666464,24.08318915758459,101.1236866416568,10.0,23.021728866442675,27.073972741361768,31.064449134018133,23.194827009486403,80.22468448052632,57.21887800367987,45.0,42.0,47.0,21.5,35.5,10.5,10.5,8.0,9.219544457292887,8.5,52.0,46.0,42.04759208325728,263.32109676210905,261.3235542388018,248.29015284541592,231.36551169091732
1458,36,1458,0,48.5999999999998,33.13608305156178,98.18350166906862,10.04987562112089,24.020824298928627,29.068883707497267,32.01562118716424,22.090722034374522,89.27485648266257,65.27633568147036,48.5,43.0,49.0,24.0,43.0,17.0,13.0,9.055385138137417,10.04987562112089,9.5,51.0,44.0,43.04648650006177,264.3709515056448,261.37520922994975,249.28898892650673,229.31419493786248
1459,36,1459,0,48.63333333333313,33.06055050963308,98.12746812182611,10.04987562112089,24.020824298928627,27.073972741361768,31.016124838541646,22.20360331117452,89.27485648266257,65.27633568147036,48.5,44.0,49.0,24.5,42.5,16.5,13.5,8.06225774829855,9.219544457292887,8.5,51.0,44.0,43.01162633521314,264.3709515056448,262.37377917772193,248.39484696748443,230.4256930118688
1460,36,1460,0,48.66666666666646,38.05259518088089,97.25224933131366,11.045361017187261,25.079872407968907,28.160255680657446,31.016124838541646,23.194827009486403,97.32933781753577,72.24956747275377,53.0,47.0,54.0,27.5,46.5,19.5,15.5,12.165525060596439,12.041594578792296,12.0,51.0,44.0,44.04543109109048,262.42903802742563,261.37520922994975,247.39644298170498,228.49288829195538
1461,36,1461,0,48.69999999999979,38.05259518088089,97.25224933131366,11.045361017187261,25.079872407968907,28.160255680657446,31.016124838541646,22.20360331117452,96.33275663033837,71.25307010929424,52.0,46.0,53.0,27.5,46.5,19.5,15.5,12.041594578792296,12.041594578792296,11.5,51.0,44.0,43.04648650006177,262.42903802742563,261.43067914841214,247.45504642257754,228.56071403458645
1462,36,1462,0,48.73333333333312,39.05124837953327,97.25224933131366,11.045361017187261,25.079872407968907,27.16615541441225,32.01562118716424,22.090722034374522,97.25224933131366,72.17340230306452,52.5,46.0,53.0,27.5,47.5,20.5,15.5,13.152946437965905,13.0,13.0,53.0,45.0,41.048751503547585,262.48809496813374,260.5551764981844,247.65500196846418,228.79029699705362
1463,36,1463,0,48.76666666666645,40.049968789001575,96.25487000666512,10.04987562112089,25.079872407968907,26.1725046566048,30.01666203960727,23.194827009486403,98.32598842625484,73.24616030891995,53.0,46.0,53.0,26.5,48.5,21.5,15.5,14.142135623730951,14.0,14.0,53.0,45.0,43.04648650006177,262.48809496813374,260.43233286210835,246.45689278249046,227.56317804073663
1464,36,1464,0,48.79999999999978,31.064449134018133,98.2496819333274,8.06225774829855,22.02271554554524,26.1725046566048,29.068883707497267,24.08318915758459,85.21150157109074,63.198101237299845,47.5,43.0,50.0,22.5,38.5,13.5,13.5,13.038404810405298,13.038404810405298,13.0,52.0,44.0,42.04759208325728,263.32109676210905,262.32232081925474,249.33912649241395,230.4886114323222
1465,36,1465,0,48.83333333333312,19.1049731745428,97.25224933131366,10.0,22.02271554554524,25.079872407968907,28.071337695236398,22.20360331117452,73.24616030891995,51.24451190127583,41.5,39.0,46.0,20.5,30.5,6.5,10.5,14.142135623730951,14.0,14.0,51.0,43.0,43.04648650006177,262.23081436017395,262.23081436017395,250.2418829852429,231.26175645791503
1466,36,1466,0,48.86666666666645,12.041594578792296,99.18165152889924,11.045361017187261,22.02271554554524,24.08318915758459,27.073972741361768,23.194827009486403,68.26419266350405,46.2709412050371,40.0,38.0,44.0,18.0,27.0,3.0,7.0,14.035668847618199,15.0,14.5,51.0,44.0,43.01162633521314,261.27571643763605,262.1907702418222,250.19992006393608,232.2154172315008
1467,36,1467,0,48.89999999999978,13.038404810405298,99.18165152889924,10.04987562112089,21.02379604162864,25.079872407968907,27.073972741361768,22.20360331117452,66.27216610312357,45.27692569068709,38.5,37.0,43.0,18.0,26.0,3.0,8.0,14.142135623730951,15.0,15.0,50.0,42.0,43.04648650006177,261.3235542388018,261.27571643763605,249.24285345822858,232.26062946612367
1468,36,1468,0,48.93333333333311,9.219544457292887,101.24228365658294,12.0,23.021728866442675,25.179356624028344,28.071337695236398,21.37755832643195,65.37583651472461,42.42640687119285,37.5,36.0,43.0,18.5,25.5,0.5,5.5,14.142135623730951,15.0,15.0,51.0,44.0,42.04759208325728,261.3235542388018,261.27571643763605,249.24285345822858,233.25951213187426
1469,36,1469,0,48.96666666666644,10.04987562112089,101.17806086301516,12.041594578792296,22.02271554554524,27.073972741361768,29.068883707497267,21.213203435596427,65.27633568147036,43.289721643826724,38.0,36.0,42.0,18.0,26.0,2.0,6.0,14.142135623730951,15.033296378372908,15.0,51.0,44.0,43.01162633521314,261.27571643763605,262.1907702418222,251.19912420229494,235.2126697267815
1470,36,1470,0,48.99999999999977,9.055385138137417,101.24228365658294,12.041594578792296,23.08679276123039,26.076809620810597,29.068883707497267,22.20360331117452,66.37017402418047,43.289721643826724,38.5,36.0,43.0,17.5,26.5,1.5,5.5,14.142135623730951,14.0,14.0,51.0,44.0,44.04543109109048,261.27571643763605,261.23169792351007,249.1625975141534,233.21449354617735
1471,36,1471,0,49.033333333333104,12.165525060596439,101.24228365658294,11.045361017187261,23.08679276123039,26.076809620810597,29.068883707497267,22.090722034374522,68.3593446428504,45.27692569068709,39.0,37.0,44.0,18.5,27.5,2.5,7.5,14.142135623730951,16.0,15.5,51.0,44.0,42.01190307520001,260.27677575995904,260.2325882744127,248.20153101864622,232.26062946612367
1472,36,1472,0,49.06666666666644,18.110770276274835,99.24716620639605,10.0,22.090722034374522,27.16615541441225,30.066592756745816,22.20360331117452,72.3394774656273,50.24937810560445,41.0,39.0,46.0,20.5,29.5,4.5,9.5,15.132745950421556,15.0,15.0,51.0,44.0,44.04543109109048,261.23169792351007,261.19150062741323,248.16325271885037,232.26062946612367
1473,36,1473,0,49.09999999999977,19.235384061671343,99.24716620639605,10.0,22.02271554554524,27.16615541441225,30.01666203960727,22.20360331117452,73.33484846919642,51.35172830587107,41.5,39.0,46.0,20.5,30.5,5.5,9.5,15.132745950421556,15.0,15.0,51.0,43.0,43.04648650006177,260.1922366251537,260.1230478062257,249.09837414162303,231.1384866265244
1474,36,1474,0,49.1333333333331,20.09975124224178,99.18165152889924,10.04987562112089,24.020824298928627,28.160255680657446,31.016124838541646,22.20360331117452,76.32168761236873,52.3450093132096,42.0,39.0,45.0,20.0,34.0,8.0,9.0,16.1245154965971,16.0,15.5,51.0,44.0,43.04648650006177,261.23169792351007,261.19150062741323,249.20072231034965,232.17450333746814
1475,36,1475,0,49.16666666666643,21.095023109728988,99.18165152889924,10.0,23.021728866442675,27.16615541441225,31.064449134018133,23.194827009486403,77.23341245859851,54.230987451824994,43.5,41.0,47.0,21.0,33.0,7.0,10.0,15.132745950421556,16.0312195418814,16.0,52.0,45.0,43.04648650006177,260.2325882744127,260.1922366251537,248.12899870833317,231.17525819170183
1476,36,1476,0,49.19999999999976,17.11724276862369,99.12618221237011,10.04987562112089,22.02271554554524,28.071337695236398,31.064449134018133,23.08679276123039,72.24956747275377,50.24937810560445,41.5,39.0,44.0,18.5,30.5,6.5,8.5,16.1245154965971,15.0,15.0,51.0,44.0,41.048751503547585,261.27571643763605,260.2325882744127,249.24285345822858,232.31013753170566
1477,36,1477,0,49.23333333333309,18.110770276274835,100.07996802557443,10.04987562112089,22.02271554554524,27.16615541441225,30.01666203960727,23.08679276123039,73.24616030891995,51.24451190127583,42.0,40.0,44.0,19.0,31.0,7.0,8.0,16.1245154965971,16.0312195418814,16.0,51.0,44.0,41.012193308819754,261.23169792351007,261.15512631384433,248.20153101864622,231.21634890292685
1478,36,1478,0,49.26666666666642,19.1049731745428,98.12746812182611,11.045361017187261,23.021728866442675,28.071337695236398,31.016124838541646,22.090722034374522,75.23961722390672,52.23983154643591,42.5,40.0,45.0,20.5,32.5,7.5,9.5,16.0312195418814,16.0312195418814,16.0,52.0,44.0,42.04759208325728,261.23169792351007,260.2325882744127,248.20153101864622,231.26175645791503
1479,36,1479,0,49.29999999999976,21.095023109728988,99.12618221237011,10.04987562112089,23.021728866442675,27.073972741361768,30.01666203960727,23.194827009486403,77.31752712031083,54.3323108288245,43.5,41.0,46.0,20.5,33.5,8.5,10.5,16.1245154965971,17.0,16.5,51.0,44.0,42.01190307520001,261.23169792351007,259.23348549136165,247.24481794367298,231.36551169091732
1480,36,1480,0,49.33333333333309,22.090722034374522,99.12618221237011,11.045361017187261,23.021728866442675,27.073972741361768,31.016124838541646,22.20360331117452,78.31347265956222,55.326304774492215,44.0,42.0,47.0,22.5,33.5,8.5,11.5,16.1245154965971,17.029386365926403,16.5,52.0,44.0,43.04648650006177,259.3260495977988,259.3260495977988,247.29132617218906,230.3670983452281
1481,36,1481,0,49.36666666666642,24.186773244895647,98.12746812182611,11.0,24.020824298928627,27.16615541441225,31.016124838541646,22.20360331117452,81.30190649671138,57.3149195236284,45.0,43.0,48.0,23.5,35.5,9.5,11.5,17.11724276862369,17.029386365926403,17.0,52.0,44.0,42.01190307520001,261.23169792351007,260.155722597063,247.1639132235934,230.17601960239037
1482,36,1482,0,49.39999999999975,25.079872407968907,98.08159868191383,11.0,24.020824298928627,27.073972741361768,30.01666203960727,22.20360331117452,82.21921916437786,58.215118311311535,45.5,44.0,48.0,24.0,36.0,10.0,12.0,16.1245154965971,17.0,16.5,51.0,44.0,41.012193308819754,260.155722597063,260.1230478062257,247.09917037497314,229.10696191953662
1483,36,1483,0,49.43333333333308,24.186773244895647,99.08077512817509,11.0,24.0,27.16615541441225,31.016124838541646,23.194827009486403,82.21921916437786,58.309518948453004,46.0,45.0,49.0,24.0,35.0,9.0,12.0,16.0312195418814,17.029386365926403,16.5,51.0,45.0,42.01190307520001,260.09421369957465,259.0694887477103,246.05080776132397,229.0785891348207
1484,36,1484,0,49.46666666666641,23.08679276123039,97.04638066409278,11.0,24.020824298928627,27.073972741361768,29.017236257093817,23.194827009486403,81.2219182240853,57.21887800367987,45.5,45.0,48.0,23.5,34.5,9.5,12.5,16.1245154965971,17.0,16.5,51.0,45.0,42.01190307520001,261.1225765804252,260.06922155457,248.05039810490126,231.05410621756974
1485,36,1485,0,49.499999999999744,24.08318915758459,96.02083107326243,12.0,23.021728866442675,27.073972741361768,30.0,22.090722034374522,81.15417426109393,58.137767414994535,46.0,46.0,48.0,25.0,34.0,9.0,13.0,15.132745950421556,16.0312195418814,16.5,50.0,45.0,42.01190307520001,261.0689564080724,260.0480724789169,247.0323865407125,230.0347799790284
1486,36,1486,0,49.53333333333308,24.08318915758459,98.02040603874276,12.041594578792296,24.0,28.071337695236398,31.016124838541646,22.090722034374522,82.15229759416349,58.215118311311535,46.0,46.0,48.0,25.0,35.0,9.0,13.0,16.1245154965971,16.0312195418814,16.0,50.0,46.0,42.01190307520001,260.1230478062257,259.0694887477103,248.05039810490126,230.0347799790284
1487,36,1487,0,49.56666666666641,24.08318915758459,97.0051545022222,11.0,23.021728866442675,27.018512172212592,31.0,22.090722034374522,80.15609770940699,57.14017850864661,45.0,46.0,47.0,24.5,33.5,8.5,13.5,15.033296378372908,16.0,16.0,50.0,45.0,40.01249804748511,260.0307674103201,260.0076921939041,247.00809703327542,231.00216449202375
1488,36,1488,0,49.59999999999974,23.08679276123039,96.02083107326243,11.0,24.0,27.073972741361768,31.0,23.08679276123039,81.09870529176159,57.14017850864661,45.5,46.0,48.0,24.0,34.0,9.0,12.0,15.033296378372908,16.0312195418814,16.0,49.0,45.0,42.01190307520001,261.03064954139006,260.0076921939041,247.0,229.0
1489,36,1489,0,49.63333333333307,22.090722034374522,95.00526301210897,11.0,24.0,27.073972741361768,30.0,23.08679276123039,80.09993757800315,56.142675390472796,45.0,46.0,47.0,23.5,33.5,8.5,12.5,15.033296378372908,16.0312195418814,16.0,49.0,46.0,43.01162633521314,260.0480724789169,260.0173071162764,247.00809703327542,229.00218339570478
1490,36,1490,0,49.6666666666664,22.02271554554524,97.02061636580135,12.041594578792296,24.020824298928627,26.076809620810597,29.017236257093817,22.02271554554524,80.09993757800315,56.08029957123981,45.0,45.0,47.0,24.0,34.0,8.0,12.0,15.132745950421556,16.0312195418814,15.5,49.0,46.0,42.01190307520001,260.0173071162764,260.0076921939041,248.0020161208372,230.0
1491,36,1491,0,49.69999999999973,22.02271554554524,95.00526301210897,10.0,23.021728866442675,27.073972741361768,30.0,23.021728866442675,78.05767098754612,55.036351623268054,44.0,45.0,46.0,22.5,32.5,8.5,12.5,15.033296378372908,15.033296378372908,15.5,49.0,46.0,41.048751503547585,261.0019157017818,260.00192306981114,248.0080643850115,231.00865784641059
1492,36,1492,0,49.73333333333306,21.02379604162864,96.02083107326243,11.0,23.0,27.073972741361768,31.0,22.02271554554524,77.02596964660685,54.037024344425184,43.5,45.0,47.0,24.0,31.0,6.0,13.0,15.033296378372908,15.033296378372908,15.0,48.0,45.0,41.012193308819754,260.0076921939041,260.00192306981114,247.0,230.0021739027699
1493,36,1493,0,49.7666666666664,20.09975124224178,95.04735661763561,11.0,23.0,27.018512172212592,30.0,22.090722034374522,76.10519036176179,53.150729063673246,43.0,44.0,47.0,23.5,30.5,6.5,12.5,14.035668847618199,15.033296378372908,15.0,49.0,46.0,41.0,260.0307674103201,260.0307674103201,248.0181444975347,230.0347799790284
1494,36,1494,0,49.79999999999973,20.09975124224178,95.00526301210897,10.0,22.0,27.018512172212592,30.0,22.02271554554524,74.06078584514209,52.08646657242167,42.0,44.0,45.0,22.5,29.5,5.5,12.5,14.035668847618199,15.033296378372908,15.0,49.0,46.0,41.012193308819754,260.0173071162764,260.0173071162764,248.0080643850115,230.00869548780108
1495,36,1495,0,49.83333333333306,19.1049731745428,95.02105029939419,10.0,22.0,27.018512172212592,30.0,23.021728866442675,74.06078584514209,52.08646657242167,42.5,43.0,45.0,21.0,30.0,6.0,11.0,12.041594578792296,12.0,11.5,49.0,47.0,43.0,260.06922155457,259.04825805243314,246.05080776132397,229.05457864884517
1496,36,1496,0,49.86666666666639,17.11724276862369,95.02105029939419,10.0,21.02379604162864,27.073972741361768,30.0,22.090722034374522,70.178344238091,49.16299421312742,40.5,43.0,45.0,22.0,26.0,3.0,11.0,7.0,8.06225774829855,8.0,49.0,48.0,43.01162633521314,259.01737393464555,259.0308861892728,246.01829200285087,229.05457864884517
1497,36,1497,0,49.89999999999972,15.132745950421556,96.02083107326243,10.0,20.0,27.018512172212592,30.0,23.021728866442675,68.06614430096654,48.093658625644196,40.5,42.0,44.0,20.0,25.0,3.0,10.0,8.0,8.06225774829855,8.5,50.0,48.0,42.01190307520001,259.04825805243314,258.0310058888272,246.01829200285087,231.03462943896528
1498,36,1498,0,49.93333333333305,13.038404810405298,95.00526301210897,11.0,21.02379604162864,26.019223662515376,28.0,22.090722034374522,67.11929677819934,46.09772228646444,39.5,41.0,42.0,19.5,25.5,2.5,8.5,7.0,8.06225774829855,7.5,50.0,47.0,43.01162633521314,260.0173071162764,259.0077218926108,247.00202428320299,231.00865784641059
1499,36,1499,0,49.966666666666384,10.04987562112089,97.02061636580135,12.041594578792296,21.02379604162864,26.076809620810597,29.017236257093817,22.02271554554524,65.12296062065974,44.10215414239989,39.0,39.0,41.0,18.0,25.0,2.0,6.0,8.0,9.0,9.0,49.0,47.0,42.01190307520001,262.03053257206494,261.03064954139006,249.0321264415497,232.0538730553748
1500,36,1500,0,49.99999999999972,11.180339887498949,96.02083107326243,10.0,22.0,27.073972741361768,29.017236257093817,23.08679276123039,66.12110101926616,44.181444068749045,38.5,39.0,41.0,17.0,26.0,2.0,6.0,9.0,10.0,9.5,49.0,47.0,43.01162633521314,262.0477055804916,260.0307674103201,248.0181444975347,231.03462943896528
1501,36,1501,0,50.03333333333305,7.280109889280518,96.02083107326243,11.0,21.0,27.018512172212592,29.068883707497267,23.08679276123039,62.12889826803627,41.19465984809196,37.5,38.0,40.0,16.0,23.0,1.0,5.0,10.04987562112089,10.0,10.0,49.0,45.0,44.0,261.04788832702707,261.03064954139006,250.0079998720041,233.01931250435015
1502,36,1502,0,50.06666666666638,6.324555320336759,98.04590761474952,12.0,21.0,27.073972741361768,29.017236257093817,23.08679276123039,62.12889826803627,41.19465984809196,38.0,38.0,41.0,16.5,22.5,0.5,4.5,14.035668847618199,13.038404810405298,13.5,49.0,46.0,44.01136216933077,262.0477055804916,261.03064954139006,249.0321264415497,234.05341270744162
1503,36,1503,0,50.09999999999971,8.246211251235321,99.08077512817509,11.0,21.0,26.076809620810597,29.017236257093817,23.08679276123039,63.12685640834652,42.190046219457976,38.0,37.0,41.0,16.0,24.0,1.0,5.0,13.038404810405298,14.0,13.5,49.0,45.0,45.0111097397076,262.0686932847951,262.0477055804916,250.0319979522621,235.03404008781365
1504,36,1504,0,50.13333333333304,11.045361017187261,100.04498987955368,10.04987562112089,21.02379604162864,27.073972741361768,30.01666203960727,23.08679276123039,65.19202405202648,44.181444068749045,38.5,38.0,41.0,16.5,25.5,2.5,6.5,15.132745950421556,14.035668847618199,14.0,50.0,46.0,43.01162633521314,261.0689564080724,261.04788832702707,249.0501957437496,235.10423220350586
1505,36,1505,0,50.16666666666637,11.180339887498949,98.04590761474952,10.04987562112089,22.0,27.16615541441225,29.017236257093817,22.090722034374522,65.19202405202648,43.289721643826724,37.5,37.0,40.0,16.5,26.5,2.5,5.5,14.142135623730951,14.0,14.0,50.0,46.0,42.01190307520001,260.0307674103201,260.0307674103201,249.0321264415497,233.05364189387817
1506,36,1506,0,50.1999999999997,12.041594578792296,97.04638066409278,10.04987562112089,22.02271554554524,26.076809620810597,29.017236257093817,21.095023109728988,65.19202405202648,43.18564576337837,37.0,36.0,39.0,16.5,27.5,3.5,6.5,15.033296378372908,14.035668847618199,14.5,50.0,46.0,43.01162633521314,262.03053257206494,261.03064954139006,250.0319979522621,233.05364189387817
1507,36,1507,0,50.23333333333304,12.041594578792296,97.04638066409278,10.04987562112089,23.021728866442675,26.076809620810597,28.0178514522438,22.090722034374522,67.1863081289633,44.181444068749045,38.0,37.0,40.0,16.5,28.5,3.5,6.5,15.033296378372908,14.035668847618199,14.5,50.0,46.0,42.0,262.0477055804916,262.03053257206494,250.04999500099976,232.0538730553748
1508,36,1508,0,50.26666666666637,13.152946437965905,97.04638066409278,10.0,23.0,26.076809620810597,29.017236257093817,21.213203435596427,67.1863081289633,44.28317965096906,37.5,37.0,40.0,17.5,28.5,3.5,7.5,15.033296378372908,15.033296378372908,15.0,50.0,47.0,43.0,262.03053257206494,261.01724080987447,249.0180716333656,231.03462943896528
1509,36,1509,0,50.2999999999997,17.11724276862369,96.04686356149273,9.0,23.021728866442675,27.073972741361768,30.01666203960727,23.194827009486403,72.24956747275377,49.25444142409901,40.5,38.0,41.0,16.5,32.5,7.5,7.5,15.132745950421556,15.0,15.0,51.0,47.0,41.012193308819754,263.04752422328556,261.04788832702707,248.05039810490126,229.0785891348207
1510,36,1510,0,50.33333333333303,20.223748416156685,97.082439194738,9.0,23.0,27.16615541441225,30.01666203960727,22.090722034374522,74.16872656315464,51.24451190127583,41.0,38.0,42.0,18.0,34.0,8.0,8.0,16.1245154965971,15.033296378372908,15.0,52.0,48.0,42.01190307520001,262.03053257206494,260.0480724789169,248.03225596683993,230.07824755939012
1511,36,1511,0,50.36666666666636,18.110770276274835,98.04590761474952,9.0,24.020824298928627,27.073972741361768,30.01666203960727,23.08679276123039,74.16872656315464,50.15974481593781,41.0,38.0,41.0,16.5,34.5,8.5,7.5,15.132745950421556,15.033296378372908,14.5,51.0,47.0,43.01162633521314,262.03053257206494,261.03064954139006,248.0181444975347,231.03462943896528
1512,36,1512,0,50.39999999999969,20.09975124224178,98.08159868191383,9.0,23.021728866442675,26.1725046566048,29.017236257093817,23.08679276123039,75.16648189186454,52.15361924162119,42.0,37.0,41.0,16.0,36.0,11.0,7.0,16.0312195418814,16.0312195418814,16.0,51.0,47.0,43.0,263.0304164920856,262.03053257206494,249.0321264415497,232.0538730553748
1513,36,1513,0,50.433333333333024,19.026297590440446,97.04638066409278,8.0,22.02271554554524,25.079872407968907,28.0178514522438,24.186773244895647,73.17103251970687,51.15662224971465,41.5,39.0,42.0,16.5,32.5,8.5,7.5,15.132745950421556,15.033296378372908,15.0,50.0,46.0,43.01162633521314,263.0304164920856,262.03053257206494,249.0180716333656,231.03462943896528
1514,36,1514,0,50.46666666666636,1.4142135623730951,96.08329719571451,13.038404810405298,20.0,24.020824298928627,25.019992006393608,29.068883707497267,63.12685640834652,43.18564576337837,42.5,38.0,42.0,11.0,23.0,0.0,1.0,16.1245154965971,16.0312195418814,16.0,50.0,47.0,44.0,262.15453457836657,262.15453457836657,251.16130275183716,233.173754955398
1515,36,1515,0,50.49999999999969,1.0,97.04638066409278,15.033296378372908,21.0,24.08318915758459,26.019223662515376,28.071337695236398,64.1248781675256,43.18564576337837,43.0,39.0,42.0,12.5,23.5,0.5,1.5,16.1245154965971,15.0,15.5,51.0,47.0,44.0,260.1230478062257,261.1225765804252,249.12848090894786,232.2154172315008
1516,36,1516,0,50.53333333333302,2.23606797749979,97.12878049270464,14.035668847618199,22.0,24.020824298928627,26.019223662515376,28.071337695236398,66.12110101926616,44.181444068749045,43.0,39.0,44.0,13.5,24.5,0.5,0.5,15.132745950421556,15.033296378372908,15.0,50.0,45.0,45.0111097397076,262.15453457836657,262.15453457836657,250.1619475459847,233.25951213187426
1517,36,1517,0,50.56666666666635,22.02271554554524,96.08329719571451,11.045361017187261,23.021728866442675,25.019992006393608,28.0178514522438,24.186773244895647,80.22468448052632,57.21887800367987,46.0,41.0,45.0,19.0,37.0,12.0,8.0,15.132745950421556,15.0,15.0,52.0,47.0,42.01190307520001,262.1907702418222,262.23081436017395,249.20072231034965,230.31283073246266
1518,36,1518,0,50.59999999999968,21.095023109728988,97.12878049270464,11.0,22.02271554554524,26.076809620810597,29.017236257093817,25.179356624028344,79.22752047110903,57.21887800367987,46.5,40.0,45.0,17.5,36.5,12.5,6.5,15.132745950421556,14.035668847618199,14.0,51.0,46.0,42.04759208325728,262.1221089492453,262.1221089492453,250.1619475459847,232.2154172315008
1519,36,1519,0,50.63333333333301,28.071337695236398,100.12492197250393,10.0,24.020824298928627,28.160255680657446,33.015148038438355,23.194827009486403,85.21150157109074,61.204574992397426,47.0,39.0,44.0,18.5,43.5,16.5,7.5,14.035668847618199,14.0,14.5,51.0,46.0,44.01136216933077,263.1539473388153,262.1907702418222,249.1625975141534,231.3114783144148
1520,36,1520,0,50.666666666666345,26.076809620810597,101.17806086301516,10.0,24.020824298928627,29.068883707497267,31.016124838541646,23.194827009486403,83.21658488546619,59.21148537234985,46.0,38.0,44.0,18.0,42.0,15.0,7.0,15.033296378372908,15.0,15.0,51.0,46.0,43.04648650006177,263.0931394012394,262.1221089492453,250.1619475459847,232.2154172315008
1521,36,1521,0,50.69999999999968,26.1725046566048,101.17806086301516,9.0,22.02271554554524,29.154759474226502,32.01562118716424,24.186773244895647,81.30190649671138,59.30430001273095,46.0,38.0,44.0,17.0,40.0,15.0,7.0,15.132745950421556,15.033296378372908,15.0,51.0,46.0,45.044422518220834,263.0931394012394,262.15453457836657,249.20072231034965,231.21634890292685
1522,36,1522,0,50.73333333333301,23.194827009486403,102.12247548899312,10.0,23.021728866442675,29.068883707497267,32.01562118716424,23.08679276123039,79.22752047110903,56.22277118748239,44.5,37.0,42.0,16.5,39.5,14.5,6.5,15.033296378372908,15.0,15.0,51.0,46.0,44.04543109109048,263.0931394012394,263.1216448717209,251.127457678367,234.21357774475842
1523,36,1523,0,50.76666666666634,24.08318915758459,101.1236866416568,10.0,22.02271554554524,27.073972741361768,31.016124838541646,23.194827009486403,79.22752047110903,57.21887800367987,45.0,37.0,42.0,16.5,39.5,15.5,6.5,15.132745950421556,15.033296378372908,15.5,52.0,46.0,42.01190307520001,262.0934947685654,261.1225765804252,249.20072231034965,231.3114783144148
1524,36,1524,0,50.79999999999967,23.08679276123039,101.07917688624102,10.0,23.0,28.0178514522438,31.0,23.194827009486403,79.1580697086532,56.22277118748239,44.5,38.0,42.0,17.0,39.0,14.0,7.0,15.132745950421556,15.033296378372908,15.0,51.0,46.0,43.04648650006177,263.0931394012394,262.1221089492453,249.12848090894786,231.21634890292685
1525,36,1525,0,50.833333333333,23.08679276123039,101.1236866416568,10.0,24.0,29.068883707497267,32.01562118716424,22.20360331117452,79.1580697086532,55.226805085936306,43.5,37.0,42.0,17.5,39.5,13.5,6.5,15.132745950421556,15.0,15.0,51.0,45.0,43.104524124504614,263.1900454044567,262.23081436017395,250.2418829852429,231.26175645791503
1526,36,1526,0,50.86666666666633,20.024984394500787,100.12492197250393,10.04987562112089,23.021728866442675,28.071337695236398,31.016124838541646,23.08679276123039,76.16429609731846,53.150729063673246,43.0,37.0,42.0,16.5,36.5,11.5,6.5,15.132745950421556,14.0,14.5,51.0,45.0,43.04648650006177,262.1221089492453,261.1225765804252,248.12899870833317,231.1384866265244
1527,36,1527,0,50.89999999999967,15.033296378372908,100.17983829094555,11.045361017187261,22.02271554554524,28.160255680657446,31.064449134018133,23.021728866442675,71.11258679024411,49.09175083453431,41.5,37.0,43.0,17.0,31.0,7.0,6.0,15.132745950421556,15.0,15.5,51.0,44.0,42.1070065428546,262.15453457836657,260.1922366251537,248.20153101864622,231.3114783144148
1528,36,1528,0,50.933333333333,2.23606797749979,97.18538984847466,13.038404810405298,22.02271554554524,25.079872407968907,27.073972741361768,27.073972741361768,64.19501538281614,42.190046219457976,41.0,35.0,41.0,11.0,26.0,2.0,2.0,15.132745950421556,15.0,15.0,51.0,43.0,42.04759208325728,260.2325882744127,260.2325882744127,249.33912649241395,231.36551169091732
1529,36,1529,0,50.96666666666633,1.4142135623730951,98.2496819333274,13.038404810405298,20.0,26.019223662515376,27.018512172212592,29.068883707497267,63.12685640834652,43.18564576337837,42.5,35.0,42.0,9.5,24.5,1.5,2.5,16.1245154965971,15.0,15.0,51.0,43.0,42.04759208325728,261.3235542388018,261.3235542388018,249.33912649241395,232.48440807933767
1530,36,1530,0,50.99999999999966,2.0,98.12746812182611,14.0,20.0,24.08318915758459,27.018512172212592,28.071337695236398,62.12889826803627,42.190046219457976,42.0,36.0,41.0,10.5,23.5,0.5,2.5,16.1245154965971,16.0312195418814,15.5,50.0,43.0,43.04648650006177,260.2325882744127,261.23169792351007,249.28898892650673,231.36551169091732
1531,36,1531,0,51.03333333333299,1.4142135623730951,98.2496819333274,14.035668847618199,22.02271554554524,24.08318915758459,26.076809620810597,29.068883707497267,66.18912297349165,44.181444068749045,43.5,37.0,44.0,11.5,25.5,1.5,1.5,15.132745950421556,15.0,15.0,51.0,44.0,44.04543109109048,261.23169792351007,262.2746651889961,251.2866888635369,233.42022191746798
1532,36,1532,0,51.06666666666632,12.041594578792296,97.18538984847466,13.038404810405298,22.02271554554524,24.08318915758459,28.071337695236398,27.073972741361768,74.16872656315464,52.15361924162119,46.0,40.0,46.0,16.0,31.0,6.0,3.0,15.132745950421556,15.0,15.0,52.0,45.0,42.04759208325728,260.1922366251537,259.23348549136165,246.24581214713075,229.36869882353173
1533,36,1533,0,51.09999999999965,27.073972741361768,95.1892851112981,11.0,24.020824298928627,26.076809620810597,29.017236257093817,23.194827009486403,85.21150157109074,61.204574992397426,47.5,43.0,49.0,23.0,39.0,13.0,12.0,16.1245154965971,15.033296378372908,15.0,52.0,45.0,42.04759208325728,262.1907702418222,261.27571643763605,248.29015284541592,228.42942017174582
1534,36,1534,0,51.133333333332985,27.16615541441225,96.18731725128839,10.0,23.021728866442675,25.179356624028344,29.068883707497267,23.194827009486403,83.2946576918352,60.29925372672534,46.5,42.0,48.0,22.0,38.0,13.0,11.0,16.1245154965971,16.0,16.0,52.0,44.0,42.1070065428546,263.2736219221364,261.3235542388018,248.39484696748443,229.55827146935917
1535,36,1535,0,51.16666666666632,17.11724276862369,94.26027795418386,10.04987562112089,21.02379604162864,25.179356624028344,29.068883707497267,24.08318915758459,72.24956747275377,51.24451190127583,42.5,39.0,46.0,18.5,29.5,5.5,7.5,16.278820596099706,16.0312195418814,16.0,53.0,46.0,42.04759208325728,261.23169792351007,261.23169792351007,248.29015284541592,229.31419493786248
1536,36,1536,0,51.19999999999965,11.180339887498949,94.19129471453293,11.0,20.024984394500787,26.1725046566048,28.160255680657446,23.194827009486403,65.27633568147036,45.27692569068709,39.5,37.0,43.0,17.0,25.0,2.0,6.0,14.142135623730951,15.0,15.0,52.0,45.0,44.181444068749045,261.23169792351007,261.27571643763605,250.3377718203947,231.36551169091732
1537,36,1537,0,51.23333333333298,13.152946437965905,96.25487000666512,10.04987562112089,20.024984394500787,25.179356624028344,28.160255680657446,23.08679276123039,66.27216610312357,46.2709412050371,39.5,36.0,43.0,16.5,26.5,3.5,5.5,16.1245154965971,16.0312195418814,15.5,52.0,45.0,43.04648650006177,262.1907702418222,261.19150062741323,248.20153101864622,230.31283073246266
1538,36,1538,0,51.26666666666631,17.11724276862369,96.33275663033837,10.04987562112089,22.02271554554524,26.1725046566048,29.068883707497267,23.08679276123039,72.24956747275377,50.24937810560445,41.5,36.0,44.0,17.0,32.0,7.0,7.0,17.11724276862369,16.0312195418814,15.5,52.0,45.0,42.04759208325728,262.23081436017395,261.23169792351007,248.2438317461282,230.31283073246266
1539,36,1539,0,51.29999999999964,20.223748416156685,98.32598842625484,9.0,21.02379604162864,27.294688127912362,30.066592756745816,22.20360331117452,72.3394774656273,51.35172830587107,41.0,35.0,43.0,17.0,33.0,9.0,7.0,16.1245154965971,16.0,15.5,53.0,45.0,44.04543109109048,264.2290672882149,262.23081436017395,249.28898892650673,231.42385356743154
1540,36,1540,0,51.33333333333297,21.095023109728988,99.24716620639605,9.055385138137417,21.02379604162864,27.16615541441225,30.066592756745816,23.194827009486403,74.33034373659252,53.33854141237835,42.5,36.0,43.0,16.5,34.5,10.5,7.5,16.278820596099706,15.0,15.5,52.0,45.0,41.048751503547585,263.1900454044567,261.19150062741323,248.2438317461282,230.31283073246266
1541,36,1541,0,51.36666666666631,18.110770276274835,98.2496819333274,10.0,23.08679276123039,25.079872407968907,28.071337695236398,21.213203435596427,72.3394774656273,49.25444142409901,40.0,35.0,42.0,17.5,33.5,8.5,7.5,16.278820596099706,16.0,16.0,52.0,44.0,44.10215414239989,262.2746651889961,263.2299375071156,250.2418829852429,232.31013753170566
1542,36,1542,0,51.39999999999964,20.09975124224178,98.2496819333274,9.055385138137417,22.02271554554524,26.076809620810597,29.068883707497267,22.20360331117452,73.33484846919642,51.35172830587107,41.0,36.0,43.0,17.5,33.5,8.5,8.5,15.297058540778355,15.033296378372908,15.0,52.0,44.0,42.04759208325728,263.2736219221364,261.3235542388018,249.39326374222702,232.48440807933767
1543,36,1543,0,51.43333333333297,20.09975124224178,96.33275663033837,10.0,23.021728866442675,27.073972741361768,30.066592756745816,20.396078054371138,73.33484846919642,50.35871324805669,40.0,36.0,44.0,20.0,33.0,7.0,10.0,15.132745950421556,16.0312195418814,16.0,51.0,44.0,43.04648650006177,262.23081436017395,261.19150062741323,248.16325271885037,230.21728866442677
1544,36,1544,0,51.4666666666663,20.223748416156685,93.43446901438462,11.0,25.019992006393608,26.1725046566048,29.154759474226502,19.4164878389476,75.4254598925323,50.48762224545735,40.0,37.0,46.0,22.5,33.5,6.5,10.5,16.1245154965971,16.0312195418814,16.0,51.0,44.0,42.04759208325728,262.2746651889961,261.27571643763605,249.28898892650673,230.31283073246266
1545,36,1545,0,51.49999999999963,21.213203435596427,88.45903006477066,10.0,25.019992006393608,25.179356624028344,29.154759474226502,18.439088914585774,74.43117626371358,49.49747468305833,38.5,36.0,45.0,22.5,33.5,4.5,11.5,15.132745950421556,15.033296378372908,15.0,52.0,45.0,43.04648650006177,263.2736219221364,261.23169792351007,248.29015284541592,230.31283073246266
1546,36,1546,0,51.53333333333296,20.09975124224178,88.36288813749809,11.045361017187261,24.020824298928627,25.079872407968907,29.068883707497267,19.235384061671343,74.33034373659252,50.35871324805669,40.0,38.0,46.0,23.0,32.0,5.0,12.0,15.132745950421556,16.0,16.0,52.0,44.0,43.104524124504614,262.2746651889961,261.23169792351007,249.24285345822858,230.2628932329306
1547,36,1547,0,51.56666666666629,17.11724276862369,87.20665112249179,11.0,24.020824298928627,22.02271554554524,25.019992006393608,22.360679774997898,74.33034373659252,50.35871324805669,41.5,40.0,46.0,21.0,31.0,5.0,10.0,16.1245154965971,16.0,16.0,52.0,45.0,42.1070065428546,263.2736219221364,262.2746651889961,248.29015284541592,230.31283073246266
1548,36,1548,0,51.599999999999625,6.324555320336759,87.20665112249179,13.0,25.019992006393608,21.095023109728988,24.020824298928627,28.160255680657446,72.24956747275377,47.265209192385896,44.0,40.0,46.0,15.0,29.0,2.0,2.0,16.1245154965971,16.0312195418814,16.0,52.0,45.0,43.104524124504614,261.27571643763605,261.23169792351007,250.2418829852429,233.30880823492285
1549,36,1549,0,51.63333333333296,2.8284271247461903,88.36288813749809,13.0,24.020824298928627,22.02271554554524,24.020824298928627,30.14962686336267,69.26037828369117,45.27692569068709,44.0,39.0,47.0,13.0,26.0,0.0,1.0,16.1245154965971,16.0312195418814,16.0,52.0,44.0,43.104524124504614,260.43233286210835,261.43067914841214,250.39169315294788,231.48650068632512
1550,36,1550,0,51.66666666666629,3.1622776601683795,89.27485648266257,13.0,24.020824298928627,21.095023109728988,24.08318915758459,29.068883707497267,69.1158447825099,45.09988913511872,43.5,39.0,46.0,13.5,26.5,0.5,1.5,16.278820596099706,16.0,16.0,52.0,45.0,44.04543109109048,260.43233286210835,261.43067914841214,249.45139807184887,232.55106965997814
1551,36,1551,0,51.69999999999962,5.0990195135927845,89.20201791439474,14.035668847618199,25.019992006393608,22.090722034374522,25.079872407968907,27.16615541441225,71.25307010929424,46.2709412050371,43.5,40.0,46.0,16.0,28.0,1.0,3.0,16.1245154965971,16.0,16.5,52.0,44.0,43.04648650006177,261.37520922994975,262.37377917772193,250.39169315294788,232.42202993692314
1552,36,1552,0,51.73333333333295,11.045361017187261,91.26883367283708,12.041594578792296,24.08318915758459,22.090722034374522,24.020824298928627,24.020824298928627,71.17583859709698,47.095647357266465,41.5,39.0,46.0,18.5,28.5,1.5,6.5,16.1245154965971,16.0,16.0,53.0,45.0,41.10960958218893,261.3235542388018,260.3247971285102,249.28898892650673,230.31283073246266
1553,36,1553,0,51.76666666666628,10.04987562112089,90.35485598461214,12.041594578792296,25.079872407968907,23.08679276123039,26.076809620810597,23.08679276123039,70.25667228100119,45.17742799230607,40.0,37.0,45.0,18.0,29.0,1.0,6.0,16.278820596099706,15.0,15.5,52.0,44.0,43.04648650006177,261.3235542388018,261.27571643763605,249.20072231034965,231.21634890292685
1554,36,1554,0,51.79999999999961,10.198039027185569,91.26883367283708,12.041594578792296,25.019992006393608,25.079872407968907,28.071337695236398,21.095023109728988,68.26419266350405,43.289721643826724,38.0,36.0,43.0,18.5,28.5,0.5,6.5,17.11724276862369,16.0,16.0,52.0,44.0,40.049968789001575,262.2746651889961,261.19150062741323,249.20072231034965,231.21634890292685
1555,36,1555,0,51.83333333333295,10.04987562112089,93.34345183246653,12.041594578792296,25.079872407968907,26.076809620810597,29.068883707497267,22.20360331117452,69.35416353759881,44.28317965096906,39.0,36.0,44.0,18.0,29.0,2.0,6.0,16.1245154965971,16.0312195418814,16.0,53.0,44.0,42.1070065428546,262.32232081925474,261.27571643763605,248.2438317461282,231.26175645791503
1556,36,1556,0,51.86666666666628,14.142135623730951,92.26592003551474,10.04987562112089,24.020824298928627,26.1725046566048,28.0178514522438,22.090722034374522,70.25667228100119,46.2709412050371,39.0,36.0,43.0,17.5,30.5,3.5,6.5,16.1245154965971,16.0312195418814,16.5,52.0,44.0,42.1070065428546,261.3235542388018,261.27571643763605,249.28898892650673,230.2628932329306
1557,36,1557,0,51.89999999999961,14.142135623730951,97.25224933131366,10.04987562112089,22.090722034374522,25.079872407968907,29.068883707497267,22.20360331117452,68.46897107449476,46.389654018972806,39.0,35.0,42.0,16.5,29.5,5.5,6.5,16.278820596099706,16.0,16.0,53.0,44.0,43.104524124504614,261.43067914841214,261.43067914841214,249.39326374222702,232.36393868240398
1558,36,1558,0,51.93333333333294,14.142135623730951,96.25487000666512,10.04987562112089,22.090722034374522,27.073972741361768,29.017236257093817,22.20360331117452,68.46897107449476,46.389654018972806,39.0,35.0,42.0,16.5,29.5,4.5,6.5,16.1245154965971,15.0,15.5,52.0,44.0,42.1070065428546,261.37520922994975,261.43067914841214,249.39326374222702,230.4256930118688
1559,36,1559,0,51.96666666666627,10.198039027185569,96.25487000666512,11.045361017187261,22.02271554554524,26.1725046566048,29.068883707497267,24.186773244895647,67.36467917239716,45.39823785126467,40.0,35.0,42.0,14.5,28.5,4.5,3.5,17.11724276862369,16.0,16.0,54.0,46.0,42.1070065428546,262.37377917772193,261.37520922994975,249.33912649241395,232.42202993692314
1560,36,1560,0,51.9999999999996,11.180339887498949,96.25487000666512,10.04987562112089,22.090722034374522,26.076809620810597,28.0178514522438,24.08318915758459,67.36467917239716,45.27692569068709,39.5,35.0,42.0,14.5,28.5,3.5,4.5,16.1245154965971,16.0,15.5,53.0,44.0,42.1070065428546,262.32232081925474,261.3235542388018,249.28898892650673,232.36393868240398
1561,36,1561,0,52.03333333333293,14.142135623730951,97.18538984847466,10.04987562112089,21.095023109728988,27.16615541441225,30.066592756745816,24.186773244895647,69.46221994724903,48.373546489791295,41.0,36.0,42.0,15.0,30.0,6.0,5.0,16.1245154965971,16.0,16.0,53.0,45.0,43.04648650006177,262.32232081925474,261.3235542388018,249.28898892650673,231.36551169091732
1562,36,1562,0,52.066666666666265,13.152946437965905,97.18538984847466,10.04987562112089,21.02379604162864,28.160255680657446,30.066592756745816,24.186773244895647,68.3593446428504,47.38143096192854,40.5,35.0,41.0,14.0,30.0,6.0,4.0,16.1245154965971,15.0,15.5,52.0,45.0,42.1070065428546,262.32232081925474,261.3235542388018,249.33912649241395,231.42385356743154
1563,36,1563,0,52.0999999999996,18.110770276274835,97.25224933131366,9.055385138137417,21.02379604162864,26.1725046566048,29.068883707497267,22.360679774997898,70.45565981523414,49.49747468305833,40.0,33.0,40.0,14.5,33.5,9.5,4.5,14.142135623730951,15.0,15.0,53.0,46.0,42.04759208325728,263.32109676210905,262.42903802742563,250.39169315294788,232.55106965997814
1564,36,1564,0,52.13333333333293,18.110770276274835,98.2496819333274,9.055385138137417,22.02271554554524,28.160255680657446,32.0624390837628,23.194827009486403,72.3394774656273,50.35871324805669,41.0,34.0,41.0,14.5,34.5,9.5,5.5,16.1245154965971,15.033296378372908,15.5,52.0,45.0,43.04648650006177,262.2746651889961,260.3247971285102,248.34049206683954,230.4886114323222
1565,36,1565,0,52.16666666666626,18.110770276274835,98.2496819333274,9.055385138137417,23.021728866442675,28.071337695236398,31.064449134018133,23.194827009486403,73.33484846919642,50.35871324805669,41.0,34.0,41.0,14.5,35.5,10.5,5.5,16.1245154965971,16.0312195418814,15.5,53.0,45.0,44.10215414239989,262.32232081925474,261.27571643763605,248.29015284541592,231.36551169091732
1566,36,1566,0,52.19999999999959,17.11724276862369,99.24716620639605,9.055385138137417,24.08318915758459,28.071337695236398,32.0624390837628,23.194827009486403,73.43704787094863,49.36598018878993,40.5,34.0,41.0,14.5,35.5,9.5,5.5,16.1245154965971,16.0312195418814,15.5,53.0,45.0,43.04648650006177,263.2736219221364,261.3235542388018,248.29015284541592,231.36551169091732
1567,36,1567,0,52.23333333333292,17.11724276862369,101.17806086301516,9.055385138137417,23.021728866442675,29.154759474226502,32.01562118716424,23.194827009486403,72.3394774656273,49.36598018878993,40.5,34.0,40.0,14.0,35.0,9.0,5.0,16.1245154965971,15.0,15.5,53.0,45.0,42.1070065428546,262.2746651889961,260.27677575995904,249.24285345822858,231.3114783144148
1568,36,1568,0,52.266666666666254,15.297058540778355,101.24228365658294,9.055385138137417,22.02271554554524,29.154759474226502,31.064449134018133,23.08679276123039,69.35416353759881,47.38143096192854,39.5,32.0,39.0,12.5,33.5,8.5,2.5,16.1245154965971,16.0,16.0,53.0,45.0,42.1070065428546,263.2736219221364,262.1907702418222,249.1625975141534,232.17450333746814
1569,36,1569,0,52.29999999999959,14.142135623730951,101.24228365658294,10.04987562112089,22.02271554554524,28.160255680657446,31.016124838541646,23.194827009486403,69.35416353759881,47.38143096192854,40.0,32.0,39.0,12.5,33.5,8.5,2.5,15.132745950421556,15.0,15.5,51.0,43.0,42.1070065428546,260.27677575995904,260.27677575995904,249.33912649241395,234.3608329051593
1570,36,1570,0,52.33333333333292,15.132745950421556,102.23991392797629,9.055385138137417,22.090722034374522,28.071337695236398,30.066592756745816,23.194827009486403,69.46221994724903,47.38143096192854,39.5,32.0,39.0,12.5,33.5,8.5,3.5,16.1245154965971,16.0,16.0,53.0,45.0,43.04648650006177,262.2746651889961,261.23169792351007,250.19992006393608,232.2154172315008
1571,36,1571,0,52.36666666666625,17.26267650163207,101.24228365658294,9.055385138137417,22.02271554554524,28.160255680657446,31.064449134018133,23.194827009486403,71.449282711585,49.49747468305833,40.5,33.0,40.0,13.5,34.5,9.5,3.5,16.1245154965971,16.0312195418814,16.0,53.0,45.0,43.104524124504614,262.2746651889961,261.3235542388018,249.33912649241395,232.42202993692314
1572,36,1572,0,52.39999999999958,20.09975124224178,100.17983829094555,10.04987562112089,22.02271554554524,28.071337695236398,31.016124838541646,23.194827009486403,75.32595834106593,53.33854141237835,43.0,36.0,42.0,16.0,36.0,11.0,6.0,16.1245154965971,16.0,15.5,53.0,45.0,42.190046219457976,263.2299375071156,261.27571643763605,248.29015284541592,231.36551169091732
1573,36,1573,0,52.43333333333291,20.223748416156685,98.18350166906862,9.055385138137417,22.02271554554524,29.068883707497267,32.01562118716424,24.08318915758459,75.32595834106593,53.33854141237835,43.0,37.0,43.0,16.0,35.0,10.0,7.0,16.1245154965971,16.0,15.5,53.0,46.0,42.04759208325728,264.27258654654287,262.2746651889961,249.28898892650673,232.36393868240398
1574,36,1574,0,52.46666666666624,19.1049731745428,99.18165152889924,9.055385138137417,21.02379604162864,28.071337695236398,32.0624390837628,23.194827009486403,72.3394774656273,51.35172830587107,41.5,35.0,41.0,15.0,34.0,11.0,6.0,16.1245154965971,15.0,15.0,52.0,44.0,41.10960958218893,262.2746651889961,260.3247971285102,247.34186867572583,230.4886114323222
1575,36,1575,0,52.49999999999957,17.11724276862369,98.18350166906862,9.055385138137417,22.02271554554524,29.068883707497267,32.01562118716424,23.194827009486403,71.34423592694787,49.36598018878993,40.5,34.0,40.0,14.0,34.0,9.0,5.0,16.1245154965971,15.0,15.5,53.0,46.0,43.04648650006177,261.3235542388018,261.3235542388018,248.29015284541592,232.36393868240398
1576,36,1576,0,52.533333333332905,17.11724276862369,98.12746812182611,9.055385138137417,21.095023109728988,29.154759474226502,32.01562118716424,23.08679276123039,70.34912934784623,49.25444142409901,40.5,35.0,40.0,14.5,32.5,8.5,5.5,16.1245154965971,15.033296378372908,15.0,53.0,46.0,42.1070065428546,264.2290672882149,261.23169792351007,249.28898892650673,232.31013753170566
1577,36,1577,0,52.56666666666624,20.223748416156685,96.13012014972206,8.0,21.02379604162864,27.16615541441225,31.016124838541646,23.345235059857504,72.44308110509934,51.478150704935004,41.0,37.0,42.0,16.5,32.5,8.5,7.5,10.04987562112089,9.055385138137417,9.0,53.0,45.0,43.104524124504614,262.37377917772193,260.43233286210835,247.34186867572583,230.4256930118688
1578,36,1578,0,52.59999999999957,20.09975124224178,95.1892851112981,9.0,21.095023109728988,26.076809620810597,29.017236257093817,23.345235059857504,73.43704787094863,52.3450093132096,42.0,38.0,44.0,18.0,32.0,8.0,9.0,8.06225774829855,8.06225774829855,8.0,52.0,46.0,43.104524124504614,261.19150062741323,259.2778432492835,246.2925090212855,229.31419493786248
1579,36,1579,0,52.6333333333329,20.09975124224178,93.1933474020544,8.06225774829855,22.090722034374522,26.1725046566048,29.068883707497267,23.345235059857504,73.55270219373317,51.478150704935004,41.0,39.0,45.0,19.0,31.0,6.0,10.0,8.06225774829855,8.06225774829855,8.0,52.0,47.0,43.04648650006177,261.19150062741323,259.2778432492835,247.29132617218906,230.3670983452281
1580,36,1580,0,52.66666666666623,18.110770276274835,90.19977827023745,10.0,22.02271554554524,23.194827009486403,27.018512172212592,22.360679774997898,72.3394774656273,50.35871324805669,41.0,39.0,45.0,20.0,30.0,5.0,9.0,7.0710678118654755,8.0,8.5,51.0,46.0,44.04543109109048,262.2746651889961,261.27571643763605,248.29015284541592,230.3670983452281
1581,36,1581,0,52.69999999999956,16.0312195418814,87.20665112249179,11.0,25.019992006393608,23.08679276123039,26.019223662515376,22.360679774997898,74.24284477308234,49.25444142409901,41.0,40.0,46.0,21.0,31.0,4.0,9.0,9.055385138137417,9.0,9.5,52.0,46.0,42.04759208325728,262.2746651889961,261.27571643763605,248.29015284541592,231.26175645791503
1582,36,1582,0,52.733333333332894,12.041594578792296,85.14693182963201,13.0,26.019223662515376,21.02379604162864,24.020824298928627,25.179356624028344,76.16429609731846,50.15974481593781,44.0,42.0,47.0,19.5,31.5,3.5,6.5,11.045361017187261,12.0,12.0,51.0,47.0,42.04759208325728,261.27571643763605,261.23169792351007,250.2418829852429,232.2154172315008
1583,36,1583,0,52.76666666666623,9.055385138137417,84.0535543567314,14.0,26.0,21.02379604162864,25.019992006393608,26.1725046566048,75.1065909225016,49.16299421312742,44.5,44.0,47.0,19.5,29.5,0.5,5.5,13.152946437965905,13.0,13.0,51.0,47.0,45.0111097397076,260.155722597063,260.155722597063,248.16325271885037,230.17601960239037
1584,36,1584,0,52.79999999999956,6.082762530298219,85.09406559801923,15.0,26.019223662515376,21.02379604162864,24.08318915758459,27.073972741361768,74.10802925459562,48.093658625644196,45.0,43.0,47.0,18.0,29.0,1.0,4.0,13.152946437965905,14.0,13.5,50.0,46.0,43.0,260.1230478062257,260.09421369957465,248.0987706539474,230.13908837917995
1585,36,1585,0,52.83333333333289,5.0990195135927845,87.09190547921202,15.033296378372908,26.0,21.0,25.019992006393608,28.0178514522438,74.06078584514209,48.093658625644196,45.5,43.0,47.0,17.0,29.0,1.0,3.0,14.035668847618199,15.0,14.5,50.0,47.0,43.01162633521314,260.1230478062257,261.0938528575501,250.12796724876648,232.13789005675054
1586,36,1586,0,52.86666666666622,6.324555320336759,90.0499861188218,15.0,25.0,22.02271554554524,25.0,27.018512172212592,73.06161783043132,48.093658625644196,45.0,43.0,46.0,17.5,28.5,1.5,3.5,14.035668847618199,14.035668847618199,14.0,50.0,47.0,43.01162633521314,260.09421369957465,260.09421369957465,248.12899870833317,231.1384866265244
1587,36,1587,0,52.89999999999955,13.152946437965905,94.04786015641186,12.0,23.0,22.02271554554524,25.0,24.020824298928627,72.06247289678588,49.09175083453431,42.5,41.0,44.0,18.5,29.5,4.5,6.5,15.033296378372908,14.035668847618199,14.0,49.0,46.0,42.0,261.03064954139006,260.0307674103201,249.0321264415497,230.05434140654683
1588,36,1588,0,52.93333333333288,11.045361017187261,94.04786015641186,12.0,23.0,24.08318915758459,26.0,25.019992006393608,71.02816342831905,48.041648597857254,42.5,40.0,43.0,16.5,29.5,5.5,4.5,15.132745950421556,15.033296378372908,15.0,51.0,48.0,42.0,261.03064954139006,262.00763347658403,250.0079998720041,232.01939574095957
1589,36,1589,0,52.96666666666621,4.0,95.02105029939419,13.038404810405298,23.0,23.021728866442675,26.0,28.0,68.00735254367721,45.0111097397076,43.0,39.0,41.0,12.0,28.0,4.0,0.0,15.132745950421556,14.035668847618199,14.0,49.0,47.0,41.012193308819754,260.0307674103201,262.03053257206494,250.0319979522621,233.05364189387817
1590,36,1590,0,52.999999999999545,5.385164807134504,96.02083107326243,12.0,22.0,23.0,26.0,28.0178514522438,67.06713054842886,45.09988913511872,42.5,40.0,42.0,13.0,26.0,2.0,2.0,15.132745950421556,15.033296378372908,15.0,50.0,47.0,41.0,262.03053257206494,262.01717500957835,250.0079998720041,233.03433223454437
1591,36,1591,0,53.03333333333288,2.23606797749979,94.04786015641186,13.0,21.0,23.021728866442675,25.0,29.017236257093817,65.03076195155643,44.04543109109048,43.0,39.0,42.0,11.5,24.5,1.5,0.5,15.132745950421556,15.033296378372908,15.0,48.0,46.0,44.0,260.0173071162764,261.01724080987447,250.01799935204664,233.03433223454437
1592,36,1592,0,53.06666666666621,2.23606797749979,92.02173656261873,13.038404810405298,22.0,22.0,25.0,29.017236257093817,66.06814663663572,44.10215414239989,43.0,40.0,42.0,12.0,25.0,2.0,0.0,14.035668847618199,14.0,14.0,48.0,46.0,42.01190307520001,260.0173071162764,261.01724080987447,250.00199999200007,231.01947969814148
1593,36,1593,0,53.09999999999954,3.605551275463989,92.04890004774636,13.0,22.0,22.02271554554524,25.0,28.0,66.03029607687671,44.04543109109048,42.5,40.0,43.0,13.5,24.5,0.5,1.5,15.132745950421556,15.033296378372908,15.0,50.0,48.0,42.0,261.00766272276377,261.00766272276377,248.0080643850115,232.01939574095957
1594,36,1594,0,53.13333333333287,8.06225774829855,92.02173656261873,13.038404810405298,23.0,22.0,25.0,27.0,71.02816342831905,48.041648597857254,44.0,41.0,43.0,15.0,29.0,4.0,3.0,15.132745950421556,15.033296378372908,15.0,49.0,48.0,42.01190307520001,260.0076921939041,261.00766272276377,250.0079998720041,232.0086205294967
1595,36,1595,0,53.1666666666662,14.035668847618199,90.0,12.0,23.021728866442675,22.02271554554524,25.0,28.0,77.02596964660685,54.00925846556311,47.0,45.0,45.0,17.0,32.0,8.0,5.0,16.0312195418814,15.033296378372908,15.5,48.0,48.0,42.01190307520001,260.00192306981114,260.00192306981114,249.00803199896987,230.0195643852931
1596,36,1596,0,53.199999999999534,9.055385138137417,89.0,13.0,21.0,21.0,24.0,30.0,73.00684899377592,52.009614495783374,47.5,45.0,45.0,15.0,28.0,5.0,4.0,16.0312195418814,15.033296378372908,15.0,47.0,47.0,42.0,259.0019304947359,260.00192306981114,248.0080643850115,230.0195643852931
1597,36,1597,0,53.23333333333287,4.123105625617661,88.0056816347672,12.0,20.0,21.02379604162864,23.0,31.0,67.00746227100382,47.01063709417264,45.0,43.0,44.0,12.5,23.5,1.5,1.5,15.132745950421556,15.0,15.5,48.0,47.0,41.012193308819754,258.00775182152955,260.0076921939041,248.0181444975347,230.0195643852931
1598,36,1598,0,53.2666666666662,4.0,86.0,12.0,22.0,21.0,23.0,31.0,69.0,47.0,45.0,45.0,45.0,14.0,24.0,0.0,3.0,15.132745950421556,15.033296378372908,15.5,47.0,47.0,42.0,259.0077218926108,260.00192306981114,247.00202428320299,230.00869548780108
1599,36,1599,0,53.29999999999953,6.082762530298219,85.00588214941364,13.0,23.0,20.0,23.0,29.017236257093817,71.0,48.0,45.0,45.0,46.0,16.5,25.5,0.5,4.5,16.0312195418814,15.033296378372908,16.0,47.0,47.0,42.0,259.0,259.0,248.0,229.00218339570478
1600,36,1600,0,53.33333333333286,5.0,87.00574693662483,14.0,24.0,21.0,24.0,30.01666203960727,73.00684899377592,49.01020301937138,46.5,46.0,47.0,16.5,26.5,0.5,4.5,16.0312195418814,14.0,15.0,48.0,46.0,43.0,261.0,262.0,250.0,232.0021551624036
1601,36,1601,0,53.36666666666619,6.0,84.0,14.035668847618199,25.0,20.024984394500787,23.021728866442675,30.0,75.0066663703967,50.00999900019995,47.0,46.0,46.0,16.0,29.0,3.0,4.0,16.1245154965971,16.0312195418814,16.0,49.0,48.0,43.0,260.0,260.00192306981114,247.00202428320299,228.00877176108818
1602,36,1602,0,53.39999999999952,4.0,87.00574693662483,12.0,22.02271554554524,21.0,24.0,33.0,71.00704190430693,49.0,47.0,44.0,45.0,11.5,26.5,2.5,0.5,16.1245154965971,15.033296378372908,15.0,47.0,47.0,42.0,260.0076921939041,260.00192306981114,247.00809703327542,228.0021929719098
1603,36,1603,0,53.43333333333285,4.123105625617661,87.00574693662483,12.0,22.0,20.0,23.0,33.015148038438355,71.0,49.0,47.0,44.0,45.0,11.5,26.5,2.5,0.5,16.0312195418814,16.0312195418814,16.0,47.0,47.0,43.0,260.0,260.0,247.00202428320299,229.0
1604,36,1604,0,53.466666666666185,1.4142135623730951,90.0222194794152,13.0,19.0,21.0,23.0,33.015148038438355,66.03029607687671,47.042533945356304,46.5,41.0,43.0,9.0,24.0,3.0,2.0,16.1245154965971,16.0312195418814,16.5,48.0,47.0,43.0,259.0019304947359,259.0077218926108,246.00203251192866,228.00877176108818
1605,36,1605,0,53.49999999999952,5.0990195135927845,94.00531899844816,13.0,21.0,21.02379604162864,24.0,31.016124838541646,70.02856560004639,49.040799340956916,46.5,41.0,42.0,10.5,28.5,5.5,1.5,16.0312195418814,15.033296378372908,15.5,48.0,47.0,43.01162633521314,261.00766272276377,261.00766272276377,248.0080643850115,229.0087334579186
1606,36,1606,0,53.53333333333285,14.035668847618199,92.02173656261873,13.0,22.0,25.0,27.0,26.0,75.0066663703967,53.009433122794285,46.0,40.0,42.0,15.0,34.0,10.0,3.0,16.0312195418814,15.033296378372908,15.5,48.0,48.0,43.0,261.00766272276377,260.0076921939041,247.00809703327542,228.00877176108818
1607,36,1607,0,53.56666666666618,15.033296378372908,92.02173656261873,13.0,21.02379604162864,24.0,28.0,26.019223662515376,75.05997601918082,54.037024344425184,46.5,40.0,42.0,15.0,34.0,10.0,3.0,16.0312195418814,15.0,15.5,48.0,47.0,43.0,261.03064954139006,260.0307674103201,247.01821795163207,228.01973598791838
1608,36,1608,0,53.59999999999951,23.08679276123039,94.02127418834527,10.0,21.02379604162864,26.076809620810597,29.0,25.0,79.05694150420949,58.034472514187634,46.5,41.0,43.0,17.0,37.0,13.0,7.0,16.0312195418814,15.033296378372908,15.5,48.0,47.0,42.01190307520001,262.0019083899963,261.00766272276377,247.0,228.0
1609,36,1609,0,53.63333333333284,23.08679276123039,95.00526301210897,10.0,22.0,25.019992006393608,28.0178514522438,24.0,79.02531240052139,57.0350769263968,45.5,41.0,42.0,17.5,37.5,13.5,7.5,17.029386365926403,16.0312195418814,16.0,48.0,47.0,42.01190307520001,262.00763347658403,262.0019083899963,248.0,229.0
1610,36,1610,0,53.666666666666174,22.090722034374522,94.00531899844816,9.0,21.0,25.019992006393608,29.0,25.019992006393608,77.05841939723393,56.08029957123981,45.0,41.0,42.0,16.5,35.5,12.5,7.5,16.1245154965971,16.0312195418814,16.0,47.0,47.0,43.01162633521314,262.00763347658403,261.0019157017818,249.0020080240318,229.00218339570478
1611,36,1611,0,53.69999999999951,19.026297590440446,93.02150289046077,9.0,22.02271554554524,26.019223662515376,28.0,24.020824298928627,74.06078584514209,52.03844732503075,42.5,40.0,42.0,17.0,33.0,10.0,8.0,17.11724276862369,16.0312195418814,16.0,48.0,47.0,41.0,261.01724080987447,261.00766272276377,249.0180716333656,229.01964981197574
1612,36,1612,0,53.73333333333284,19.1049731745428,93.04837451562494,9.0,21.0,25.0,28.0,24.020824298928627,73.06161783043132,52.08646657242167,42.5,39.0,42.0,16.5,32.5,9.5,8.5,16.1245154965971,15.033296378372908,15.5,48.0,47.0,42.01190307520001,262.0019083899963,262.0019083899963,249.00803199896987,229.0087334579186
1613,36,1613,0,53.76666666666617,20.09975124224178,92.02173656261873,9.0,22.0,25.019992006393608,28.0,23.08679276123039,74.10802925459562,52.15361924162119,42.0,39.0,41.0,17.0,34.0,10.0,8.0,16.1245154965971,16.0312195418814,16.0,48.0,47.0,41.0,262.00763347658403,261.00766272276377,249.0180716333656,230.0347799790284
1614,36,1614,0,53.7999999999995,20.024984394500787,93.00537618869137,9.055385138137417,22.0,26.019223662515376,28.0,23.08679276123039,74.10802925459562,52.15361924162119,42.0,40.0,41.0,17.5,33.5,9.5,8.5,16.1245154965971,16.0312195418814,16.0,48.0,47.0,41.012193308819754,262.00763347658403,261.00766272276377,248.0020161208372,229.0087334579186
1615,36,1615,0,53.83333333333283,21.02379604162864,92.00543462209176,10.0,22.02271554554524,25.019992006393608,28.0,23.08679276123039,76.10519036176179,54.08326913195984,43.5,41.0,42.0,18.5,34.5,9.5,9.5,16.1245154965971,16.0,16.5,48.0,47.0,43.0,262.00763347658403,261.00766272276377,249.00803199896987,229.01964981197574
1616,36,1616,0,53.86666666666616,21.02379604162864,94.02127418834527,9.0,23.021728866442675,26.019223662515376,29.0,24.08318915758459,77.10382610480494,54.08326913195984,43.5,41.0,43.0,18.0,35.0,10.0,9.0,17.11724276862369,16.0312195418814,16.5,47.0,46.0,42.01190307520001,263.0171097096157,262.01717500957835,248.0080643850115,229.01964981197574
1617,36,1617,0,53.89999999999949,23.021728866442675,93.00537618869137,10.0,22.02271554554524,25.0,29.0,24.08318915758459,79.1012010022604,57.07889277132134,45.5,43.0,44.0,19.5,35.5,11.5,10.5,17.11724276862369,16.0312195418814,16.0,47.0,46.0,43.01162633521314,262.00763347658403,261.0019157017818,248.0020161208372,229.01964981197574
1618,36,1618,0,53.933333333332826,24.020824298928627,95.00526301210897,10.0,22.02271554554524,26.019223662515376,30.0,23.08679276123039,79.1012010022604,57.07889277132134,45.0,43.0,44.0,20.5,35.5,12.5,10.5,17.11724276862369,16.0,16.0,48.0,47.0,42.0,261.01724080987447,260.0076921939041,248.0020161208372,229.00218339570478
1619,36,1619,0,53.96666666666616,25.079872407968907,94.00531899844816,10.0,21.0,27.018512172212592,30.0,24.020824298928627,80.05623023850174,59.07622195096772,46.5,44.0,45.0,20.5,35.5,12.5,10.5,16.0312195418814,16.0312195418814,16.0,49.0,47.0,42.0,261.01724080987447,260.0307674103201,247.0323865407125,228.0548179714693
1620,36,1620,0,53.99999999999949,25.079872407968907,94.00531899844816,10.0,21.0,27.018512172212592,30.0,24.020824298928627,80.05623023850174,59.07622195096772,46.5,44.0,45.0,20.5,35.5,12.5,10.5,16.0312195418814,16.0312195418814,16.0,49.0,47.0,42.0,261.01724080987447,260.0307674103201,247.0323865407125,228.0548179714693
1621,36,1621,0,54.03333333333282,25.019992006393608,95.00526301210897,10.0,23.0,26.019223662515376,30.01666203960727,23.08679276123039,81.05553651663777,58.077534382926416,45.5,43.0,44.0,20.5,37.5,12.5,10.5,16.1245154965971,16.0312195418814,16.0,48.0,47.0,43.0,261.01724080987447,260.0076921939041,247.00809703327542,229.0087334579186
1622,36,1622,0,54.06666666666615,26.076809620810597,93.0,10.0,22.0,27.018512172212592,30.01666203960727,23.021728866442675,81.05553651663777,59.07622195096772,46.0,45.0,45.0,22.0,36.0,12.0,12.0,17.029386365926403,17.029386365926403,17.0,48.0,46.0,42.01190307520001,261.0019157017818,261.0,248.0,229.00218339570478
1623,36,1623,0,54.09999999999948,25.019992006393608,95.00526301210897,11.0,23.0,26.019223662515376,30.0,23.08679276123039,82.05485969764375,59.07622195096772,46.5,44.0,45.0,21.5,37.5,12.5,11.5,16.0312195418814,16.0312195418814,15.5,48.0,47.0,42.0,261.0,260.0,247.0,230.0021739027699
1624,36,1624,0,54.133333333332814,26.019223662515376,94.00531899844816,11.0,22.0,26.019223662515376,30.01666203960727,22.02271554554524,81.02468759581859,59.033888572581766,46.0,45.0,46.0,23.5,35.5,12.5,12.5,17.11724276862369,16.0312195418814,16.0,48.0,47.0,43.0,262.00763347658403,261.01724080987447,248.0080643850115,229.0349318335524
1625,36,1625,0,54.16666666666615,26.019223662515376,94.00531899844816,10.0,23.021728866442675,26.019223662515376,30.01666203960727,23.021728866442675,82.05485969764375,59.033888572581766,46.0,45.0,46.0,22.5,36.5,11.5,12.5,16.0312195418814,16.0,16.0,48.0,47.0,42.01190307520001,261.0019157017818,260.00192306981114,246.00203251192866,228.0
1626,36,1626,0,54.19999999999948,26.019223662515376,95.02105029939419,10.0,25.0,26.019223662515376,29.017236257093817,23.021728866442675,84.02380615040002,59.033888572581766,46.0,44.0,46.0,22.0,39.0,13.0,12.0,16.0312195418814,16.0,16.0,49.0,47.0,43.01162633521314,262.03053257206494,260.0307674103201,247.0323865407125,229.05457864884517
1627,36,1627,0,54.23333333333281,27.018512172212592,95.02105029939419,10.0,23.021728866442675,27.018512172212592,30.01666203960727,23.08679276123039,83.09632964216891,60.07495318350236,46.5,45.0,47.0,23.0,37.0,12.0,13.0,11.045361017187261,10.04987562112089,10.0,48.0,47.0,44.0,262.0019083899963,260.00192306981114,246.0,228.0021929719098
1628,36,1628,0,54.26666666666614,30.01666203960727,95.02105029939419,9.0,23.0,27.018512172212592,31.016124838541646,23.08679276123039,85.05292469985967,62.07253821135398,47.0,46.0,48.0,24.0,38.0,13.0,14.0,8.06225774829855,8.06225774829855,7.5,49.0,48.0,43.01162633521314,261.0019157017818,259.0077218926108,245.0081631293129,227.01982292302142
1629,36,1629,0,54.29999999999947,22.02271554554524,95.02105029939419,9.0,22.0,24.020824298928627,27.018512172212592,26.019223662515376,79.02531240052139,57.0350769263968,46.0,44.0,46.0,19.0,34.0,10.0,10.0,7.0,7.0710678118654755,7.0,51.0,49.0,43.01162633521314,260.00192306981114,260.0076921939041,248.0181444975347,231.01947969814148
1630,36,1630,0,54.3333333333328,5.0990195135927845,96.02083107326243,14.035668847618199,21.0,22.02271554554524,25.019992006393608,30.01666203960727,70.06425622241343,49.09175083453431,46.5,41.0,43.0,12.0,28.0,4.0,2.0,7.0,7.0710678118654755,7.0,50.0,47.0,43.01162633521314,260.0307674103201,261.04788832702707,250.0319979522621,235.05318547086316
1631,36,1631,0,54.36666666666613,2.8284271247461903,99.08077512817509,14.0,22.0,22.090722034374522,25.019992006393608,31.016124838541646,69.06518659932803,47.095647357266465,46.0,40.0,44.0,11.0,27.0,3.0,2.0,9.055385138137417,9.0,9.0,51.0,47.0,43.0,262.01717500957835,262.01717500957835,252.03174403237384,236.07625886564705
1632,36,1632,0,54.399999999999466,4.123105625617661,99.04544411531506,14.0,23.0,21.02379604162864,25.019992006393608,29.017236257093817,70.02856560004639,47.042533945356304,45.0,40.0,43.0,12.5,28.5,3.5,0.5,11.045361017187261,11.0,11.0,52.0,48.0,42.01190307520001,261.0689564080724,262.0934947685654,252.1269521491108,234.17301296263838
1633,36,1633,0,54.4333333333328,14.035668847618199,97.082439194738,11.0,23.0,22.090722034374522,24.020824298928627,25.079872407968907,73.06161783043132,50.08991914547278,43.0,41.0,45.0,18.0,30.0,6.0,6.0,12.041594578792296,12.0,12.0,52.0,47.0,44.01136216933077,262.0934947685654,263.0931394012394,253.09681941897256,235.17227727774377
1634,36,1634,0,54.46666666666613,17.029386365926403,92.19544457292888,11.0,24.020824298928627,22.090722034374522,25.079872407968907,23.194827009486403,75.16648189186454,51.15662224971465,42.5,41.0,47.0,21.0,31.0,4.0,10.0,13.152946437965905,14.0,14.0,53.0,48.0,42.01190307520001,263.1216448717209,263.1539473388153,251.19912420229494,232.26062946612367
1635,36,1635,0,54.49999999999946,18.027756377319946,89.20201791439474,12.0,25.019992006393608,21.095023109728988,25.079872407968907,21.37755832643195,76.23647421018367,51.24451190127583,42.0,41.0,47.0,23.0,32.0,5.0,11.0,14.142135623730951,13.0,13.5,54.0,47.0,44.01136216933077,264.15336454416024,263.1900454044567,252.1983346495373,234.2584043316269
1636,36,1636,0,54.53333333333279,18.027756377319946,87.28115489611719,12.041594578792296,26.019223662515376,22.20360331117452,26.076809620810597,20.223748416156685,76.23647421018367,50.24937810560445,41.0,40.0,47.0,23.5,32.5,4.5,10.5,14.142135623730951,15.033296378372908,15.0,54.0,46.0,43.04648650006177,264.18932605235966,263.1900454044567,250.19992006393608,231.3114783144148
1637,36,1637,0,54.56666666666612,19.026297590440446,85.47514258543241,13.038404810405298,25.019992006393608,22.20360331117452,26.1725046566048,20.223748416156685,77.23341245859851,52.23983154643591,42.5,40.0,49.0,24.5,32.5,4.5,10.5,13.038404810405298,13.0,13.5,54.0,46.0,43.104524124504614,265.1527861441399,264.2290672882149,251.2866888635369,231.36551169091732
1638,36,1638,0,54.599999999999454,12.0,87.20665112249179,14.035668847618199,27.073972741361768,21.095023109728988,24.020824298928627,24.08318915758459,77.1621668954417,50.08991914547278,44.0,42.0,48.0,21.0,32.0,3.0,7.0,14.142135623730951,14.035668847618199,14.5,55.0,46.0,44.10215414239989,263.2299375071156,263.2299375071156,251.24092023394596,232.31013753170566
1639,36,1639,0,54.63333333333279,3.0,90.19977827023745,15.033296378372908,26.019223662515376,21.02379604162864,23.021728866442675,29.068883707497267,73.10950690573696,47.095647357266465,45.5,42.0,48.0,16.0,28.0,0.0,2.0,15.132745950421556,14.0,14.0,56.0,46.0,43.04648650006177,261.3235542388018,262.32232081925474,252.38858928247924,233.4823333787805
1640,36,1640,0,54.66666666666612,3.0,92.19544457292888,13.038404810405298,24.08318915758459,21.095023109728988,24.08318915758459,32.0624390837628,72.17340230306452,48.093658625644196,46.5,43.0,49.0,14.0,26.0,0.0,1.0,13.152946437965905,14.035668847618199,14.0,55.0,45.0,42.04759208325728,260.43233286210835,262.48809496813374,251.5094431626773,233.6193485137736
1641,36,1641,0,54.69999999999945,5.385164807134504,93.26306878931231,14.0,24.020824298928627,22.090722034374522,25.079872407968907,31.064449134018133,74.16872656315464,50.15974481593781,47.5,43.0,50.0,15.5,27.5,1.5,1.5,15.132745950421556,15.0,15.0,54.0,43.0,43.104524124504614,261.3235542388018,262.42903802742563,249.45139807184887,231.62469643800938
1642,36,1642,0,54.73333333333278,25.019992006393608,95.25754563287887,12.041594578792296,22.02271554554524,25.079872407968907,29.068883707497267,25.179356624028344,84.2140130857092,62.20128616033595,49.5,44.0,51.0,22.5,36.5,11.5,10.5,14.142135623730951,15.033296378372908,15.0,55.0,44.0,44.10215414239989,264.48440407706465,264.5467822522134,250.51147678300092,231.62469643800938
1643,36,1643,0,54.76666666666611,26.019223662515376,99.40824915468535,11.045361017187261,24.020824298928627,26.1725046566048,31.064449134018133,24.08318915758459,85.14693182963201,61.1310068623117,48.0,41.0,50.0,21.5,39.5,12.5,9.5,15.132745950421556,15.033296378372908,15.0,56.0,45.0,41.19465984809196,264.5467822522134,263.6152499382386,250.64716236175505,231.78006816808042
1644,36,1644,0,54.79999999999944,27.018512172212592,100.40418317978589,11.045361017187261,23.08679276123039,27.16615541441225,31.064449134018133,24.08318915758459,85.21150157109074,62.12889826803627,48.5,40.0,49.0,20.5,40.5,14.5,8.5,15.132745950421556,14.0,14.5,55.0,44.0,42.190046219457976,264.61292485439935,263.75936002348806,250.88044961694405,233.0407689654323
1645,36,1645,0,54.83333333333277,29.017236257093817,102.48902380255166,10.04987562112089,23.08679276123039,28.160255680657446,31.064449134018133,25.079872407968907,87.20665112249179,64.1248781675256,49.5,39.0,49.0,19.0,43.0,17.0,8.0,14.142135623730951,14.0,14.0,55.0,43.0,44.28317965096906,264.5467822522134,262.6175927084855,249.72384747957094,231.8641843838759
1646,36,1646,0,54.866666666666106,28.0178514522438,103.4842983258813,10.04987562112089,23.08679276123039,29.154759474226502,33.06055050963308,25.179356624028344,86.28441342444185,63.198101237299845,49.0,38.0,48.0,18.0,43.0,17.0,7.0,13.038404810405298,13.038404810405298,13.5,55.0,44.0,41.19465984809196,263.4274093559742,262.48809496813374,249.57964660604839,230.8679276123039
1647,36,1647,0,54.89999999999944,29.068883707497267,106.38138934982942,10.04987562112089,22.02271554554524,29.154759474226502,32.0624390837628,25.079872407968907,86.20904824900923,64.19501538281614,49.5,37.0,46.0,16.5,44.5,19.5,6.5,14.142135623730951,14.0,14.0,53.0,43.0,43.289721643826724,264.42579299304373,262.48809496813374,249.51352668743232,232.7767170487633
1648,36,1648,0,54.93333333333277,28.071337695236398,105.30432089900205,9.055385138137417,22.02271554554524,30.14962686336267,33.06055050963308,24.08318915758459,83.21658488546619,61.204574992397426,47.0,36.0,44.0,16.0,43.0,18.0,6.0,14.142135623730951,14.0,14.0,54.0,42.0,44.28317965096906,262.5509474368737,261.5530538915575,247.65500196846418,231.70023737579555
1649,36,1649,0,54.9666666666661,30.01666203960727,105.38500842150178,9.055385138137417,21.095023109728988,29.154759474226502,33.06055050963308,24.08318915758459,84.2140130857092,63.12685640834652,48.0,36.0,45.0,16.5,43.5,19.5,6.5,15.132745950421556,15.0,15.0,53.0,43.0,43.289721643826724,263.48624252510797,261.48996156640504,248.58197842965205,232.7767170487633
1650,36,1650,0,54.99999999999943,29.068883707497267,104.30723848324239,8.0,21.095023109728988,29.154759474226502,32.0624390837628,24.186773244895647,82.29823813423954,61.204574992397426,46.5,36.0,44.0,16.0,42.0,18.0,7.0,15.033296378372908,15.0,15.0,54.0,44.0,42.1070065428546,265.31867631209076,263.4274093559742,249.45139807184887,231.62469643800938
1651,36,1651,0,55.03333333333276,29.068883707497267,104.38869670610895,8.06225774829855,22.090722034374522,29.154759474226502,32.14031735997639,24.08318915758459,83.2946576918352,61.204574992397426,46.5,37.0,46.0,17.5,41.5,16.5,8.5,15.132745950421556,15.033296378372908,15.0,53.0,43.0,41.19465984809196,264.42579299304373,261.5530538915575,248.58197842965205,231.78006816808042
1652,36,1652,0,55.066666666666094,27.073972741361768,103.39245620450265,8.06225774829855,23.021728866442675,28.284271247461902,31.064449134018133,23.194827009486403,81.30190649671138,58.309518948453004,44.5,37.0,46.0,18.5,39.5,13.5,9.5,16.278820596099706,15.0,15.0,54.0,44.0,41.19465984809196,263.48624252510797,261.5530538915575,248.45321491178174,230.62740513651016
1653,36,1653,0,55.09999999999943,25.079872407968907,100.31948963187563,8.06225774829855,24.020824298928627,27.16615541441225,31.144823004794873,23.194827009486403,80.30566605165541,56.32051136131489,43.5,39.0,47.0,20.0,37.0,11.0,11.0,16.1245154965971,15.0,15.0,54.0,44.0,42.1070065428546,263.4274093559742,262.5509474368737,249.51352668743232,231.62469643800938
1654,36,1654,0,55.13333333333276,15.033296378372908,97.25224933131366,9.055385138137417,22.090722034374522,24.08318915758459,28.071337695236398,27.16615541441225,73.33484846919642,51.24451190127583,43.5,39.0,46.0,15.5,30.5,5.5,6.5,16.1245154965971,15.0,15.0,53.0,42.0,42.1070065428546,262.5509474368737,263.54885695066105,249.57964660604839,232.62201099638014
1655,36,1655,0,55.16666666666609,5.0990195135927845,97.25224933131366,13.038404810405298,21.02379604162864,23.08679276123039,27.073972741361768,29.154759474226502,68.26419266350405,47.265209192385896,44.5,38.0,45.0,12.5,26.5,2.5,0.5,15.132745950421556,15.0,15.0,54.0,44.0,41.10960958218893,262.5509474368737,262.6175927084855,250.64716236175505,232.6972281742952
1656,36,1656,0,55.19999999999942,2.8284271247461903,96.18731725128839,14.0,22.02271554554524,24.08318915758459,26.076809620810597,29.154759474226502,67.26812023536856,45.27692569068709,44.0,38.0,44.0,12.0,26.0,1.0,1.0,16.1245154965971,15.0,15.0,53.0,43.0,42.1070065428546,260.49184248263896,260.43233286210835,248.45321491178174,231.5534495532295
1657,36,1657,0,55.23333333333275,2.23606797749979,96.25487000666512,14.035668847618199,21.02379604162864,24.08318915758459,27.073972741361768,27.16615541441225,64.28063471995279,43.289721643826724,42.0,37.0,44.0,13.5,23.5,0.5,0.5,16.1245154965971,16.0,15.5,52.0,42.0,43.18564576337837,260.69330639661615,260.76809620810593,249.80192152983932,232.86047324524614
1658,36,1658,0,55.26666666666608,10.198039027185569,98.32598842625484,12.0,21.02379604162864,26.076809620810597,29.154759474226502,25.079872407968907,68.18357573492314,47.16990566028302,42.0,37.0,45.0,16.0,27.0,3.0,4.0,16.278820596099706,15.0,15.0,52.0,41.0,43.104524124504614,261.5530538915575,260.5551764981844,248.51559307214507,230.5558500667463
1659,36,1659,0,55.299999999999415,16.1245154965971,98.32598842625484,10.04987562112089,23.021728866442675,26.1725046566048,29.068883707497267,23.08679276123039,72.24956747275377,49.25444142409901,41.0,36.0,44.0,17.0,32.0,6.0,6.0,16.278820596099706,16.0,16.0,54.0,43.0,42.190046219457976,263.48624252510797,262.5509474368737,249.57964660604839,232.62201099638014
1660,36,1660,0,55.333333333332746,15.132745950421556,101.31633629380802,10.04987562112089,22.02271554554524,28.160255680657446,31.064449134018133,22.20360331117452,69.35416353759881,47.38143096192854,39.5,33.0,41.0,15.0,32.0,7.0,5.0,15.297058540778355,16.0,15.5,53.0,43.0,43.04648650006177,262.42903802742563,261.43067914841214,249.45139807184887,232.55106965997814
1661,36,1661,0,55.36666666666608,15.132745950421556,101.40019723846694,10.04987562112089,22.02271554554524,26.1725046566048,29.068883707497267,22.20360331117452,69.35416353759881,47.38143096192854,39.5,32.0,41.0,14.5,32.5,7.5,3.5,16.1245154965971,15.0,15.0,52.0,42.0,42.1070065428546,262.37377917772193,261.43067914841214,248.45321491178174,232.62201099638014
1662,36,1662,0,55.39999999999941,14.142135623730951,101.40019723846694,11.045361017187261,23.08679276123039,28.160255680657446,30.066592756745816,22.20360331117452,70.45565981523414,47.38143096192854,40.0,33.0,42.0,15.5,32.5,6.5,4.5,15.297058540778355,14.0,14.5,53.0,42.0,43.104524124504614,262.42903802742563,261.48996156640504,249.45139807184887,233.6193485137736
1663,36,1663,0,55.43333333333274,21.095023109728988,100.40418317978589,10.04987562112089,23.08679276123039,28.160255680657446,32.0624390837628,23.345235059857504,77.52418977325722,54.45181356024793,43.5,36.0,45.0,17.5,36.5,10.5,7.5,15.132745950421556,14.035668847618199,14.5,53.0,43.0,41.19465984809196,261.5530538915575,261.6199533674754,248.7267577081324,229.96086623597503
1664,36,1664,0,55.46666666666607,21.095023109728988,99.40824915468535,10.04987562112089,24.08318915758459,28.160255680657446,31.064449134018133,22.20360331117452,77.41446893184762,53.33854141237835,42.5,35.0,44.0,17.5,37.5,10.5,6.5,14.142135623730951,15.0,15.0,53.0,43.0,43.104524124504614,262.42903802742563,262.48809496813374,249.51352668743232,231.70023737579555
1665,36,1665,0,55.4999999999994,35.05709628591621,101.40019723846694,10.04987562112089,24.08318915758459,29.154759474226502,33.13608305156178,24.186773244895647,93.34345183246653,69.26037828369117,51.5,40.0,49.0,20.5,48.5,20.5,10.5,16.1245154965971,15.0,15.5,53.0,43.0,42.190046219457976,262.42903802742563,260.49184248263896,248.51559307214507,230.62740513651016
1666,36,1666,0,55.533333333332735,36.124783736376884,101.40019723846694,10.04987562112089,24.020824298928627,30.14962686336267,33.13608305156178,24.186773244895647,94.33981132056604,70.34912934784623,52.0,40.0,49.0,20.5,49.5,22.5,9.5,15.132745950421556,15.0,15.0,54.0,44.0,43.289721643826724,263.4274093559742,262.48809496813374,249.51352668743232,230.70327262524907
1667,36,1667,0,55.56666666666607,30.066592756745816,103.31021246711285,10.04987562112089,23.08679276123039,29.154759474226502,32.0624390837628,24.08318915758459,87.28115489611719,64.19501538281614,49.0,40.0,48.0,20.0,43.0,17.0,9.0,15.132745950421556,15.0,15.0,54.0,45.0,43.18564576337837,263.48624252510797,261.43067914841214,250.39169315294788,231.5534495532295
1668,36,1668,0,55.5999999999994,22.090722034374522,103.12128781197411,10.04987562112089,22.02271554554524,28.071337695236398,31.016124838541646,24.08318915758459,78.23042886243178,56.22277118748239,45.0,38.0,43.0,16.5,37.5,13.5,6.5,15.132745950421556,15.0,15.0,53.0,44.0,43.04648650006177,263.3723599772763,262.42903802742563,249.39326374222702,232.42202993692314
1669,36,1669,0,55.63333333333273,19.1049731745428,103.07764064044152,10.0,21.02379604162864,28.071337695236398,32.01562118716424,24.186773244895647,74.24284477308234,53.23532661682466,43.5,38.0,42.0,16.0,34.0,10.0,6.0,15.132745950421556,15.0,15.5,53.0,45.0,43.104524124504614,263.2299375071156,262.23081436017395,249.24285345822858,233.25951213187426
1670,36,1670,0,55.66666666666606,18.027756377319946,104.04326023342406,10.04987562112089,21.02379604162864,29.068883707497267,32.01562118716424,25.079872407968907,74.16872656315464,53.150729063673246,44.0,39.0,42.0,15.5,33.5,10.5,5.5,16.0312195418814,16.0,15.5,52.0,45.0,42.04759208325728,264.18932605235966,263.1539473388153,250.1619475459847,232.2154172315008
1671,36,1671,0,55.69999999999939,17.029386365926403,104.04326023342406,10.04987562112089,22.090722034374522,28.071337695236398,31.0,24.08318915758459,73.24616030891995,51.15662224971465,42.5,38.0,41.0,15.5,33.5,9.5,5.5,16.0312195418814,15.0,15.5,52.0,45.0,42.04759208325728,263.1539473388153,262.1221089492453,250.12796724876648,234.13671220037236
1672,36,1672,0,55.73333333333272,18.027756377319946,103.04368005850722,10.04987562112089,22.02271554554524,28.0178514522438,31.016124838541646,23.021728866442675,73.10950690573696,51.088159097779204,42.0,39.0,42.0,17.5,32.5,8.5,7.5,15.132745950421556,15.033296378372908,15.0,51.0,45.0,41.048751503547585,263.1216448717209,261.0938528575501,250.09798079952586,233.13729860320507
1673,36,1673,0,55.766666666666055,20.09975124224178,101.07917688624102,9.0,23.021728866442675,27.073972741361768,30.0,23.08679276123039,75.16648189186454,52.15361924162119,42.0,38.0,42.0,17.0,35.0,10.0,7.0,15.033296378372908,16.0,15.5,51.0,45.0,41.048751503547585,264.09278672466615,262.0934947685654,250.09798079952586,233.13729860320507
1674,36,1674,0,55.799999999999386,23.021728866442675,100.07996802557443,10.04987562112089,24.020824298928627,26.076809620810597,29.017236257093817,23.08679276123039,80.15609770940699,56.142675390472796,44.5,41.0,45.0,20.0,37.0,11.0,10.0,15.033296378372908,14.0,14.5,52.0,46.0,41.048751503547585,263.04752422328556,262.03053257206494,249.0180716333656,233.03433223454437
1675,36,1675,0,55.83333333333272,22.02271554554524,96.04686356149273,9.0,23.021728866442675,23.08679276123039,26.0,26.076809620810597,80.09993757800315,57.07889277132134,46.0,45.0,48.0,20.5,33.5,8.5,10.5,15.132745950421556,15.0,15.0,51.0,45.0,42.04759208325728,263.0931394012394,262.0686932847951,249.07227866625382,230.10649708341572
1676,36,1676,0,55.86666666666605,5.0,97.082439194738,14.035668847618199,23.021728866442675,23.021728866442675,25.019992006393608,30.01666203960727,72.06247289678588,49.040799340956916,46.5,42.0,46.0,14.0,28.0,3.0,1.0,16.1245154965971,16.0312195418814,15.5,50.0,45.0,42.01190307520001,260.06922155457,260.09421369957465,250.12796724876648,234.21357774475842
1677,36,1677,0,55.89999999999938,1.0,94.04786015641186,14.0,22.02271554554524,22.02271554554524,24.020824298928627,31.016124838541646,68.0294054067798,46.010868281309364,45.5,43.0,46.0,13.5,23.5,0.5,0.5,15.033296378372908,15.0,15.5,50.0,44.0,41.048751503547585,262.0686932847951,263.0931394012394,251.127457678367,232.17450333746814
1678,36,1678,0,55.93333333333271,1.4142135623730951,91.0494371207203,14.0,24.020824298928627,21.095023109728988,24.020824298928627,30.0,69.02897942168927,45.0111097397076,44.5,44.0,47.0,15.5,23.5,2.5,1.5,15.132745950421556,15.0,15.5,50.0,46.0,43.01162633521314,261.0689564080724,261.04788832702707,250.0719896349849,232.1055794245369
1679,36,1679,0,55.96666666666604,3.0,93.02150289046077,14.0,25.019992006393608,21.02379604162864,24.0,29.017236257093817,71.02816342831905,46.010868281309364,44.5,44.0,46.0,16.0,26.0,1.0,3.0,15.132745950421556,16.0,16.0,49.0,45.0,44.01136216933077,262.0477055804916,262.0686932847951,251.09759058979438,233.173754955398
1680,36,1680,0,55.999999999999375,4.0,93.02150289046077,13.0,25.019992006393608,21.02379604162864,23.0,30.01666203960727,72.02777242147643,47.01063709417264,45.0,44.0,46.0,15.0,27.0,0.0,2.0,16.1245154965971,15.0,15.5,50.0,46.0,44.04543109109048,262.03053257206494,261.04788832702707,249.07227866625382,231.1384866265244
1681,36,1681,0,56.03333333333271,6.0,91.0494371207203,14.0,25.019992006393608,20.024984394500787,23.0,28.071337695236398,73.06161783043132,48.041648597857254,45.0,43.0,46.0,16.5,28.5,1.5,3.5,16.0312195418814,16.0,15.5,50.0,46.0,42.01190307520001,260.06922155457,261.0938528575501,250.09798079952586,231.10603626906848
1682,36,1682,0,56.06666666666604,7.0710678118654755,92.04890004774636,14.0,26.0,22.02271554554524,24.020824298928627,27.018512172212592,74.02702209328699,48.041648597857254,44.5,42.0,45.0,16.5,30.5,3.5,3.5,15.132745950421556,14.0,14.5,49.0,46.0,41.012193308819754,262.03053257206494,263.0304164920856,251.03187048659777,232.0538730553748
1683,36,1683,0,56.09999999999937,8.06225774829855,94.04786015641186,14.0,25.019992006393608,24.020824298928627,26.019223662515376,25.019992006393608,72.06247289678588,47.042533945356304,43.0,41.0,44.0,17.5,29.5,2.5,4.5,15.132745950421556,15.0,15.5,51.0,47.0,42.01190307520001,261.01724080987447,261.00766272276377,250.0079998720041,232.01939574095957
1684,36,1684,0,56.1333333333327,9.055385138137417,98.04590761474952,12.0,24.020824298928627,25.079872407968907,28.0,24.08318915758459,69.1158447825099,45.09988913511872,40.5,38.0,41.0,15.5,29.5,3.5,3.5,14.142135623730951,15.0,15.0,50.0,46.0,43.04648650006177,263.0019011338131,262.0019083899963,251.00796800101784,234.03418553707064
1685,36,1685,0,56.16666666666603,11.045361017187261,99.04544411531506,10.0,23.021728866442675,26.019223662515376,29.0,23.08679276123039,67.11929677819934,44.10215414239989,38.5,37.0,40.0,15.5,28.5,4.5,5.5,15.132745950421556,15.0,15.5,50.0,46.0,43.01162633521314,262.03053257206494,262.03053257206494,250.0319979522621,233.05364189387817
1686,36,1686,0,56.19999999999936,13.038404810405298,99.08077512817509,11.0,22.02271554554524,27.073972741361768,30.01666203960727,23.08679276123039,69.1158447825099,47.095647357266465,40.5,37.0,41.0,16.0,30.0,6.0,5.0,15.132745950421556,15.0,15.0,51.0,46.0,41.048751503547585,262.01717500957835,262.01717500957835,250.0079998720041,234.03418553707064
1687,36,1687,0,56.233333333332695,16.0312195418814,97.12878049270464,10.04987562112089,24.020824298928627,26.076809620810597,29.0,23.08679276123039,73.17103251970687,49.16299421312742,41.0,37.0,42.0,16.5,33.5,7.5,6.5,15.132745950421556,15.033296378372908,15.5,50.0,45.0,41.048751503547585,262.01717500957835,261.03064954139006,248.03225596683993,231.05410621756974
1688,36,1688,0,56.266666666666026,21.095023109728988,97.082439194738,10.0,24.020824298928627,27.018512172212592,30.0,23.08679276123039,78.16009211867653,54.147945482723536,43.5,40.0,44.0,19.0,36.0,9.0,9.0,16.1245154965971,15.0,15.0,51.0,47.0,43.04648650006177,262.0477055804916,261.0689564080724,248.07257002740147,230.13908837917995
1689,36,1689,0,56.29999999999936,21.095023109728988,98.12746812182611,9.0,23.021728866442675,27.018512172212592,30.01666203960727,24.186773244895647,77.23341245859851,54.230987451824994,43.5,39.0,44.0,17.5,35.5,9.5,8.5,14.142135623730951,15.033296378372908,15.0,51.0,46.0,41.048751503547585,262.0934947685654,261.0938528575501,249.07227866625382,232.1055794245369
1690,36,1690,0,56.33333333333269,21.095023109728988,97.082439194738,8.0,23.021728866442675,26.076809620810597,30.01666203960727,24.08318915758459,76.16429609731846,53.150729063673246,42.5,39.0,43.0,17.0,35.0,10.0,8.0,16.0312195418814,15.0,15.5,51.0,47.0,42.04759208325728,263.04752422328556,261.03064954139006,248.05039810490126,232.07757323791543
1691,36,1691,0,56.36666666666602,20.09975124224178,96.08329719571451,9.0,21.0,26.076809620810597,28.0178514522438,23.08679276123039,73.10950690573696,52.15361924162119,42.0,39.0,43.0,18.0,32.0,9.0,9.0,15.132745950421556,16.0,16.0,51.0,47.0,42.04759208325728,262.03053257206494,261.03064954139006,248.0181444975347,231.05410621756974
1692,36,1692,0,56.39999999999935,17.11724276862369,94.08506789071261,10.0,23.0,24.08318915758459,27.018512172212592,23.08679276123039,73.10950690573696,50.15974481593781,41.5,39.0,43.0,18.0,32.0,6.0,8.0,15.033296378372908,16.0,16.0,50.0,46.0,44.04543109109048,261.03064954139006,261.03064954139006,250.0719896349849,231.10603626906848
1693,36,1693,0,56.43333333333268,17.029386365926403,90.08884503644167,11.045361017187261,24.0,22.090722034374522,26.019223662515376,23.021728866442675,75.05997601918082,51.088159097779204,42.5,41.0,45.0,20.0,32.0,5.0,9.0,16.1245154965971,16.0,16.0,51.0,47.0,43.01162633521314,260.0307674103201,260.0307674103201,248.03225596683993,230.05434140654683
1694,36,1694,0,56.466666666666015,17.029386365926403,86.02325267042627,13.0,24.020824298928627,22.090722034374522,26.019223662515376,24.020824298928627,78.05767098754612,54.037024344425184,45.5,45.0,47.0,22.0,32.0,5.0,9.0,16.0312195418814,16.0,16.0,52.0,48.0,42.04759208325728,259.0308861892728,260.0307674103201,247.01821795163207,228.01973598791838
1695,36,1695,0,56.49999999999935,17.029386365926403,84.02380615040002,14.0,26.0,22.0,25.0,23.021728866442675,80.02499609497022,54.037024344425184,45.5,46.0,48.0,24.0,33.0,6.0,11.0,16.0312195418814,15.0,15.5,50.0,46.0,42.01190307520001,261.03064954139006,261.03064954139006,248.0181444975347,228.0350850198276
1696,36,1696,0,56.53333333333268,15.033296378372908,86.02325267042627,14.0,26.019223662515376,22.0,26.019223662515376,23.021728866442675,78.05767098754612,52.03844732503075,44.5,46.0,48.0,24.0,31.0,4.0,11.0,16.1245154965971,15.033296378372908,15.5,51.0,47.0,43.04648650006177,261.04788832702707,260.0480724789169,247.0323865407125,228.0548179714693
1697,36,1697,0,56.56666666666601,16.0312195418814,91.0494371207203,12.0,24.020824298928627,25.019992006393608,28.0,23.08679276123039,75.1065909225016,51.088159097779204,43.0,43.0,46.0,21.5,30.5,4.5,9.5,16.1245154965971,15.0,15.0,50.0,47.0,42.01190307520001,261.03064954139006,262.03053257206494,249.0501957437496,230.10649708341572
1698,36,1698,0,56.59999999999934,17.11724276862369,91.0494371207203,12.0,24.0,24.020824298928627,28.0,22.02271554554524,75.05997601918082,51.088159097779204,42.5,43.0,46.0,22.5,30.5,4.5,10.5,15.132745950421556,16.0312195418814,16.0,50.0,47.0,42.04759208325728,263.0171097096157,262.03053257206494,249.0321264415497,230.05434140654683
1699,36,1699,0,56.63333333333267,18.027756377319946,94.02127418834527,10.0,24.0,25.019992006393608,28.0178514522438,23.08679276123039,75.05997601918082,51.088159097779204,42.0,42.0,44.0,20.0,32.0,6.0,10.0,16.0312195418814,16.0,16.0,51.0,47.0,42.01190307520001,262.0477055804916,261.03064954139006,249.0180716333656,231.05410621756974
1700,36,1700,0,56.666666666666,19.026297590440446,97.04638066409278,10.0,23.021728866442675,25.019992006393608,29.017236257093817,23.08679276123039,75.1065909225016,52.08646657242167,42.5,41.0,44.0,19.5,32.5,7.5,9.5,16.0312195418814,16.0,16.0,50.0,47.0,43.04648650006177,262.01717500957835,262.03053257206494,249.0321264415497,231.07790893982056
1701,36,1701,0,56.699999999999335,17.029386365926403,98.04590761474952,9.0,24.020824298928627,26.076809620810597,30.01666203960727,23.08679276123039,73.10950690573696,49.09175083453431,40.5,40.0,43.0,18.5,31.5,5.5,9.5,14.035668847618199,13.038404810405298,14.0,49.0,46.0,42.01190307520001,261.0019157017818,261.00766272276377,249.0180716333656,232.0538730553748
1702,36,1702,0,56.733333333332666,17.11724276862369,97.04638066409278,8.0,24.020824298928627,26.076809620810597,29.0,23.021728866442675,72.11102550927978,48.093658625644196,39.5,39.0,42.0,17.5,31.5,5.5,8.5,13.038404810405298,14.0,14.0,49.0,46.0,42.01190307520001,262.01717500957835,261.03064954139006,249.0321264415497,232.0538730553748
1703,36,1703,0,56.766666666666,15.132745950421556,96.04686356149273,11.0,23.021728866442675,24.08318915758459,27.0,23.021728866442675,72.11102550927978,49.09175083453431,41.5,40.0,43.0,18.5,30.5,5.5,7.5,7.0,8.06225774829855,8.0,50.0,47.0,44.01136216933077,263.00760445279906,261.03064954139006,249.0321264415497,232.07757323791543
1704,36,1704,0,56.79999999999933,4.47213595499958,97.082439194738,13.0,21.0,23.08679276123039,26.076809620810597,28.0178514522438,66.06814663663572,45.09988913511872,43.0,39.0,43.0,13.0,25.0,1.0,0.0,8.06225774829855,8.06225774829855,8.0,50.0,48.0,41.048751503547585,262.01717500957835,261.03064954139006,251.04979585731593,234.07691043757393
1705,36,1705,0,56.83333333333266,1.4142135623730951,96.13012014972206,13.0,22.02271554554524,22.02271554554524,24.08318915758459,28.0178514522438,64.07027391856539,42.04759208325728,41.5,37.0,42.0,11.5,24.5,0.5,0.5,7.0710678118654755,6.324555320336759,6.5,51.0,47.0,42.04759208325728,261.03064954139006,262.0934947685654,251.09759058979438,235.17227727774377
1706,36,1706,0,56.86666666666599,15.0,95.13148795220224,13.038404810405298,23.021728866442675,24.020824298928627,27.018512172212592,26.019223662515376,77.05841939723393,54.037024344425184,46.5,44.0,49.0,20.5,30.5,5.5,8.5,11.045361017187261,11.045361017187261,11.0,51.0,46.0,43.01162633521314,261.0938528575501,261.15512631384433,249.24285345822858,230.3670983452281
1707,36,1707,0,56.89999999999933,31.016124838541646,93.1933474020544,10.0,25.019992006393608,25.179356624028344,29.017236257093817,24.08318915758459,90.08884503644167,65.06919393998976,49.5,46.0,52.0,25.0,41.0,14.0,14.0,13.038404810405298,13.038404810405298,13.0,51.0,46.0,42.04759208325728,265.09243670840556,263.1900454044567,249.24285345822858,229.36869882353173
1708,36,1708,0,56.933333333332655,32.01562118716424,91.13725912051558,9.055385138137417,25.019992006393608,25.079872407968907,28.071337695236398,23.021728866442675,89.08984229416954,64.07027391856539,48.0,46.0,51.0,25.5,40.5,13.5,15.5,12.041594578792296,12.041594578792296,12.5,51.0,45.0,43.04648650006177,264.09278672466615,262.1221089492453,249.12848090894786,228.21919288263203
1709,36,1709,0,56.96666666666599,26.019223662515376,90.27181176868004,11.0,26.019223662515376,23.194827009486403,26.076809620810597,22.090722034374522,85.09406559801923,59.07622195096772,46.0,44.0,51.0,25.5,37.5,8.5,13.5,13.152946437965905,13.038404810405298,13.0,52.0,45.0,45.044422518220834,264.12118430750684,262.15453457836657,250.2418829852429,229.31419493786248
1710,36,1710,0,56.99999999999932,27.018512172212592,89.20201791439474,10.0,24.020824298928627,21.213203435596427,26.076809620810597,23.08679276123039,84.09518416651456,60.07495318350236,46.5,45.0,51.0,25.0,36.0,9.0,14.0,13.152946437965905,13.038404810405298,13.5,53.0,46.0,43.104524124504614,264.09278672466615,263.1539473388153,250.19992006393608,229.2640399190418
1711,36,1711,0,57.03333333333265,22.02271554554524,86.14522621712709,11.0,25.019992006393608,22.090722034374522,25.079872407968907,22.090722034374522,80.09993757800315,55.08175741568164,44.0,44.0,49.0,24.5,33.5,5.5,12.5,13.152946437965905,14.035668847618199,14.0,54.0,47.0,44.04543109109048,265.1207272168662,263.1539473388153,250.19992006393608,229.31419493786248
1712,36,1712,0,57.06666666666598,19.026297590440446,85.14693182963201,12.0,25.019992006393608,22.090722034374522,25.079872407968907,23.08679276123039,79.1012010022604,54.08326913195984,44.5,44.0,49.0,23.5,32.5,4.5,11.5,14.142135623730951,14.035668847618199,14.0,53.0,46.0,45.044422518220834,262.23081436017395,262.2746651889961,251.3364279208249,231.48650068632512
1713,36,1713,0,57.09999999999931,16.0312195418814,84.1486779456457,12.0,27.018512172212592,21.02379604162864,24.08318915758459,25.079872407968907,80.09993757800315,53.08483775994799,45.0,45.0,50.0,22.5,32.5,3.5,10.5,14.142135623730951,14.0,14.0,53.0,46.0,45.044422518220834,262.1221089492453,262.15453457836657,250.19992006393608,230.2628932329306
1714,36,1714,0,57.13333333333264,16.0312195418814,83.09632964216891,13.0,26.0,21.095023109728988,25.019992006393608,24.08318915758459,79.05694150420949,53.08483775994799,45.0,44.0,48.0,22.0,33.0,4.0,9.0,14.142135623730951,14.035668847618199,14.5,53.0,46.0,45.09988913511872,263.1216448717209,262.15453457836657,249.20072231034965,229.2640399190418
1715,36,1715,0,57.166666666665975,10.04987562112089,82.15229759416349,14.0,29.017236257093817,21.02379604162864,24.08318915758459,27.018512172212592,80.05623023850174,51.03920062069938,46.0,44.0,49.0,19.5,33.5,2.5,5.5,14.142135623730951,14.0,14.0,53.0,46.0,45.09988913511872,264.18932605235966,262.1907702418222,250.2418829852429,230.31283073246266
1716,36,1716,0,57.19999999999931,3.0,85.21150157109074,14.035668847618199,26.076809620810597,20.09975124224178,23.08679276123039,29.017236257093817,72.11102550927978,46.04345773288535,44.5,42.0,48.0,16.0,27.0,2.0,2.0,14.142135623730951,14.035668847618199,14.0,52.0,45.0,43.04648650006177,262.1907702418222,263.2736219221364,250.3377718203947,231.5534495532295
1717,36,1717,0,57.23333333333264,3.1622776601683795,83.15046602394962,14.0,25.019992006393608,20.09975124224178,23.021728866442675,29.017236257093817,71.06335201775947,46.04345773288535,44.5,43.0,48.0,16.5,25.5,1.5,2.5,16.1245154965971,15.0,15.5,52.0,45.0,42.04759208325728,261.23169792351007,261.3235542388018,250.39169315294788,232.48440807933767
1718,36,1718,0,57.26666666666597,2.23606797749979,82.21921916437786,15.0,26.019223662515376,21.095023109728988,24.08318915758459,28.0178514522438,71.06335201775947,45.044422518220834,44.0,42.0,48.0,17.0,26.0,2.0,3.0,15.132745950421556,14.0,14.5,52.0,44.0,43.01162633521314,262.23081436017395,261.3235542388018,250.3377718203947,231.48650068632512
1719,36,1719,0,57.2999999999993,13.038404810405298,78.23042886243178,16.0,28.0178514522438,20.09975124224178,24.08318915758459,26.076809620810597,83.09632964216891,55.08175741568164,48.5,47.0,53.0,24.0,33.0,2.0,8.0,15.132745950421556,15.033296378372908,15.0,53.0,45.0,44.10215414239989,262.23081436017395,262.2746651889961,248.29015284541592,228.3703133071372
1720,36,1720,0,57.33333333333263,17.029386365926403,79.22752047110903,14.0,27.018512172212592,20.09975124224178,24.08318915758459,25.179356624028344,83.15046602394962,56.142675390472796,47.5,46.0,52.0,24.0,34.0,4.0,10.0,15.132745950421556,15.0,15.0,53.0,45.0,42.04759208325728,262.1907702418222,261.27571643763605,248.29015284541592,228.3703133071372
1721,36,1721,0,57.36666666666597,17.029386365926403,79.22752047110903,13.038404810405298,26.019223662515376,21.02379604162864,24.08318915758459,24.020824298928627,80.09993757800315,54.08326913195984,45.5,44.0,50.0,23.0,33.0,4.0,10.0,16.1245154965971,16.0,16.0,53.0,45.0,43.104524124504614,262.2746651889961,261.3235542388018,248.39484696748443,228.42942017174582
1722,36,1722,0,57.399999999999295,13.038404810405298,83.15046602394962,13.038404810405298,26.019223662515376,22.02271554554524,25.079872407968907,25.019992006393608,77.10382610480494,51.088159097779204,44.5,43.0,48.0,20.5,31.5,2.5,8.5,15.132745950421556,15.0,15.0,53.0,45.0,42.04759208325728,263.2299375071156,262.23081436017395,248.2438317461282,228.31557108528537
1723,36,1723,0,57.43333333333263,11.045361017187261,88.14193099768123,13.0,25.019992006393608,23.021728866442675,25.019992006393608,26.076809620810597,75.1065909225016,50.08991914547278,44.5,43.0,48.0,19.5,29.5,2.5,7.5,17.11724276862369,16.0312195418814,16.0,53.0,45.0,42.190046219457976,263.2736219221364,262.1907702418222,248.12899870833317,229.13969538253298
1724,36,1724,0,57.46666666666596,12.041594578792296,86.09297300012354,12.0,25.019992006393608,21.02379604162864,25.019992006393608,26.076809620810597,75.1065909225016,50.08991914547278,44.0,43.0,47.0,19.0,30.0,3.0,7.0,17.26267650163207,17.029386365926403,16.5,53.0,46.0,43.04648650006177,262.2746651889961,262.23081436017395,250.1619475459847,231.17525819170183
1725,36,1725,0,57.49999999999929,11.045361017187261,88.09086218218096,13.0,26.019223662515376,22.02271554554524,25.019992006393608,26.076809620810597,76.10519036176179,50.08991914547278,44.5,43.0,47.0,19.0,31.0,3.0,7.0,16.278820596099706,16.0,16.0,53.0,46.0,43.104524124504614,262.32232081925474,262.23081436017395,250.19992006393608,231.17525819170183
1726,36,1726,0,57.53333333333262,6.082762530298219,88.14193099768123,13.0,25.0,20.024984394500787,23.021728866442675,28.071337695236398,72.06247289678588,47.095647357266465,44.0,41.0,46.0,15.5,28.5,1.5,2.5,16.1245154965971,17.0,17.0,52.0,45.0,43.04648650006177,262.32232081925474,262.1907702418222,249.1625975141534,231.21634890292685
1727,36,1727,0,57.56666666666595,3.0,91.0494371207203,12.041594578792296,24.020824298928627,23.021728866442675,25.019992006393608,30.01666203960727,69.06518659932803,45.044422518220834,43.5,42.0,45.0,13.5,25.5,0.5,1.5,16.1245154965971,15.0,15.5,51.0,45.0,44.04543109109048,261.23169792351007,261.19150062741323,250.19992006393608,232.2154172315008
1728,36,1728,0,57.59999999999928,2.23606797749979,93.08598175880189,13.038404810405298,23.021728866442675,23.021728866442675,26.019223662515376,29.017236257093817,67.11929677819934,44.10215414239989,43.0,39.0,43.0,12.0,26.0,1.0,0.0,17.11724276862369,16.0312195418814,16.0,52.0,45.0,45.09988913511872,261.23169792351007,260.1922366251537,249.1625975141534,231.21634890292685
1729,36,1729,0,57.633333333332615,9.055385138137417,92.0869154657707,11.045361017187261,23.021728866442675,23.08679276123039,26.019223662515376,27.018512172212592,70.11419257183242,47.095647357266465,42.5,40.0,44.0,15.0,28.0,3.0,4.0,16.1245154965971,15.0,15.5,52.0,45.0,44.10215414239989,262.1907702418222,261.19150062741323,249.1625975141534,231.3114783144148
1730,36,1730,0,57.66666666666595,17.029386365926403,93.08598175880189,9.0,22.02271554554524,24.08318915758459,27.018512172212592,24.08318915758459,72.11102550927978,50.08991914547278,41.5,40.0,44.0,18.0,30.0,6.0,9.0,16.1245154965971,16.0,16.0,52.0,45.0,43.104524124504614,261.23169792351007,260.155722597063,248.12899870833317,229.13969538253298
1731,36,1731,0,57.69999999999928,17.11724276862369,92.19544457292888,10.04987562112089,23.0,26.1725046566048,29.017236257093817,20.09975124224178,70.178344238091,47.265209192385896,38.5,38.0,44.0,21.0,29.0,3.0,10.0,16.1245154965971,15.0,15.0,52.0,46.0,43.104524124504614,261.15512631384433,260.1230478062257,249.09837414162303,230.10649708341572
1732,36,1732,0,57.73333333333261,17.11724276862369,91.19758768739445,10.04987562112089,24.020824298928627,26.1725046566048,29.068883707497267,20.223748416156685,71.34423592694787,47.38143096192854,38.5,38.0,44.0,21.0,30.0,4.0,10.0,17.11724276862369,16.0312195418814,16.0,52.0,46.0,43.104524124504614,262.1907702418222,260.1922366251537,248.16325271885037,229.17678765529462
1733,36,1733,0,57.76666666666594,17.11724276862369,93.1933474020544,10.0,24.08318915758459,27.073972741361768,30.066592756745816,20.223748416156685,71.34423592694787,47.265209192385896,38.5,37.0,43.0,20.0,31.0,5.0,10.0,16.1245154965971,15.033296378372908,15.5,52.0,45.0,43.104524124504614,262.1221089492453,259.12352266824405,247.09917037497314,230.10649708341572
1734,36,1734,0,57.79999999999927,16.1245154965971,94.13288479590966,11.045361017187261,23.021728866442675,28.160255680657446,30.01666203960727,20.223748416156685,70.34912934784623,47.38143096192854,39.0,37.0,42.0,19.5,30.5,4.5,8.5,16.1245154965971,16.0312195418814,16.0,52.0,46.0,43.04648650006177,262.15453457836657,261.19150062741323,249.1625975141534,230.21728866442677
1735,36,1735,0,57.83333333333261,15.132745950421556,94.08506789071261,10.0,23.021728866442675,26.076809620810597,29.017236257093817,22.090722034374522,70.178344238091,47.16990566028302,39.5,38.0,42.0,18.0,30.0,5.0,8.0,16.278820596099706,16.0312195418814,16.0,52.0,45.0,43.04648650006177,261.1225765804252,260.155722597063,248.16325271885037,230.2628932329306
1736,36,1736,0,57.866666666665935,15.132745950421556,94.04786015641186,10.0,22.02271554554524,27.018512172212592,29.017236257093817,22.090722034374522,69.18092222571191,47.16990566028302,39.5,38.0,41.0,17.5,29.5,4.5,8.5,16.1245154965971,16.0312195418814,16.0,51.0,45.0,45.044422518220834,262.1221089492453,260.1230478062257,248.0987706539474,230.13908837917995
1737,36,1737,0,57.89999999999927,16.1245154965971,94.13288479590966,9.055385138137417,22.02271554554524,26.076809620810597,29.017236257093817,22.090722034374522,69.26037828369117,47.265209192385896,39.0,37.0,42.0,17.5,29.5,4.5,8.5,17.11724276862369,16.0312195418814,16.0,51.0,45.0,43.04648650006177,261.15512631384433,261.1225765804252,249.12848090894786,230.17601960239037
1738,36,1738,0,57.9333333333326,18.110770276274835,94.08506789071261,9.0,22.02271554554524,25.079872407968907,29.068883707497267,21.213203435596427,70.25667228100119,48.25971404805462,39.0,37.0,41.0,18.0,31.0,6.0,9.0,17.26267650163207,16.0312195418814,16.0,52.0,46.0,43.04648650006177,263.0684321616716,262.0686932847951,250.0719896349849,232.0538730553748
1739,36,1739,0,57.96666666666593,17.11724276862369,93.13431161500041,9.055385138137417,23.021728866442675,25.079872407968907,28.071337695236398,22.090722034374522,71.25307010929424,48.25971404805462,39.5,38.0,43.0,18.5,30.5,5.5,9.5,17.11724276862369,16.0312195418814,16.0,51.0,45.0,42.04759208325728,261.1225765804252,260.1230478062257,248.12899870833317,230.17601960239037
1740,36,1740,0,57.99999999999926,17.11724276862369,93.1933474020544,9.055385138137417,23.021728866442675,26.1725046566048,28.0178514522438,21.095023109728988,70.25667228100119,47.265209192385896,38.5,37.0,43.0,19.0,30.0,5.0,9.0,16.1245154965971,16.0,16.0,51.0,46.0,44.04543109109048,262.1221089492453,262.1221089492453,249.12848090894786,231.21634890292685
1741,36,1741,0,58.03333333333259,17.029386365926403,93.08598175880189,10.04987562112089,23.021728866442675,25.079872407968907,28.071337695236398,22.090722034374522,72.17340230306452,49.16299421312742,40.5,39.0,43.0,19.0,31.0,5.0,9.0,16.1245154965971,15.033296378372908,15.5,50.0,45.0,44.04543109109048,262.0934947685654,261.0689564080724,249.07227866625382,230.07824755939012
1742,36,1742,0,58.06666666666592,13.152946437965905,91.13725912051558,12.0,24.0,23.021728866442675,25.019992006393608,23.194827009486403,72.17340230306452,48.25971404805462,41.5,38.0,43.0,17.5,31.5,4.5,6.5,16.1245154965971,16.0312195418814,16.0,51.0,46.0,44.10215414239989,263.0684321616716,262.0477055804916,250.04999500099976,231.07790893982056
1743,36,1743,0,58.099999999999255,8.06225774829855,93.08598175880189,14.0,25.0,23.021728866442675,26.019223662515376,25.079872407968907,72.06247289678588,47.095647357266465,43.0,40.0,44.0,17.0,30.0,3.0,3.0,16.1245154965971,16.0,16.0,51.0,46.0,44.01136216933077,262.0934947685654,263.0684321616716,252.04959829366916,233.0772404161333
1744,36,1744,0,58.13333333333259,6.324555320336759,94.02127418834527,14.0,24.0,23.021728866442675,26.019223662515376,25.079872407968907,69.1158447825099,45.17742799230607,42.0,40.0,42.0,16.0,28.0,2.0,2.0,16.1245154965971,16.0312195418814,16.0,51.0,47.0,45.044422518220834,263.04752422328556,262.03053257206494,251.00796800101784,233.0085835328819
1745,36,1745,0,58.16666666666592,10.04987562112089,97.04638066409278,12.041594578792296,23.0,25.0,28.0178514522438,24.020824298928627,69.06518659932803,46.09772228646444,41.0,38.0,41.0,15.5,29.5,4.5,4.5,16.0312195418814,15.033296378372908,15.5,50.0,46.0,42.01190307520001,263.04752422328556,262.03053257206494,251.04979585731593,234.07691043757393
1746,36,1746,0,58.19999999999925,12.041594578792296,101.04454463255303,11.045361017187261,23.0,26.019223662515376,30.0,24.020824298928627,70.06425622241343,47.095647357266465,41.0,39.0,42.0,16.5,29.5,4.5,5.5,15.132745950421556,15.0,15.5,50.0,47.0,44.01136216933077,264.0170449043016,263.00760445279906,251.00796800101784,235.03404008781365
1747,36,1747,0,58.23333333333258,16.0312195418814,101.01980003939822,11.045361017187261,25.0,28.0,31.016124838541646,24.08318915758459,76.10519036176179,51.15662224971465,43.0,40.0,42.0,17.0,35.0,8.0,7.0,16.1245154965971,15.033296378372908,15.0,52.0,49.0,43.0,265.03018695990085,264.04734423962685,251.03187048659777,235.05318547086316
1748,36,1748,0,58.26666666666591,16.0312195418814,101.01980003939822,11.0,24.020824298928627,27.0,31.016124838541646,24.08318915758459,75.1065909225016,51.088159097779204,43.0,40.0,42.0,17.0,34.0,8.0,7.0,16.1245154965971,15.033296378372908,15.0,52.0,49.0,45.0,264.0170449043016,263.0171097096157,250.01799935204664,235.05318547086316
1749,36,1749,0,58.29999999999925,21.02379604162864,105.00476179678711,12.0,24.0,28.0,32.0,23.08679276123039,80.05623023850174,56.08029957123981,45.5,42.0,43.0,19.5,37.5,11.5,8.5,16.0312195418814,15.033296378372908,15.5,53.0,52.0,45.0,264.0170449043016,263.00760445279906,251.01792764661252,235.00212764994276
1750,36,1750,0,58.333333333332575,21.02379604162864,105.00476179678711,11.0,24.0,28.0,31.0,24.020824298928627,80.02499609497022,56.0357029044876,45.5,43.0,44.0,19.5,36.5,10.5,9.5,14.035668847618199,15.0,15.5,53.0,52.0,45.0,263.0019011338131,263.0019011338131,251.0,235.00212764994276
1751,36,1751,0,58.36666666666591,20.024984394500787,105.00476179678711,12.0,25.0,29.017236257093817,32.0,23.08679276123039,80.05623023850174,55.08175741568164,45.0,43.0,44.0,20.5,36.5,10.5,9.5,15.132745950421556,15.0,16.0,54.0,53.0,45.0,263.0019011338131,264.0018939326004,252.0,236.00847442411893
1752,36,1752,0,58.39999999999924,21.02379604162864,105.00476179678711,11.0,25.0,28.0,32.0,24.08318915758459,81.05553651663777,56.08029957123981,45.5,43.0,44.0,19.5,37.5,11.5,9.5,15.033296378372908,15.033296378372908,15.5,53.0,53.0,48.0,262.0019083899963,262.0,251.0,234.00213674238105
1753,36,1753,0,58.43333333333257,23.021728866442675,106.0,11.0,24.0,29.017236257093817,33.0,24.020824298928627,82.02438661763951,58.034472514187634,46.5,44.0,44.0,20.0,38.0,12.0,9.0,16.0312195418814,15.033296378372908,15.5,54.0,53.0,48.0,262.0,262.0,251.0,235.00212764994276
1754,36,1754,0,58.4666666666659,24.08318915758459,105.00476179678711,11.0,25.0,29.017236257093817,32.0,23.021728866442675,83.05419917138447,58.077534382926416,46.0,43.0,44.0,20.5,39.5,12.5,9.5,16.0312195418814,15.033296378372908,15.5,54.0,54.0,46.04345773288535,262.01717500957835,262.00763347658403,250.0079998720041,234.00213674238105
1755,36,1755,0,58.49999999999923,24.020824298928627,106.04244433244644,11.0,25.0,29.017236257093817,32.0,24.08318915758459,84.0535543567314,59.07622195096772,47.0,43.0,46.0,20.5,39.5,12.5,9.5,15.132745950421556,16.0,16.0,54.0,53.0,48.0,263.00760445279906,263.00760445279906,251.00796800101784,235.00212764994276
1756,36,1756,0,58.53333333333256,24.020824298928627,105.00476179678711,10.0,25.0,28.0178514522438,33.0,24.08318915758459,83.05419917138447,58.077534382926416,46.0,44.0,45.0,20.5,38.5,11.5,10.5,15.132745950421556,15.0,15.0,54.0,53.0,47.01063709417264,263.0171097096157,263.00760445279906,250.0079998720041,233.00214591286493
1757,36,1757,0,58.566666666665895,20.024984394500787,105.01904589168576,10.0,25.0,28.0,31.0,23.08679276123039,78.05767098754612,53.08483775994799,43.0,42.0,44.0,20.0,35.0,9.0,11.0,15.033296378372908,15.0,15.5,53.0,52.0,46.010868281309364,262.0,262.00763347658403,250.0079998720041,233.01931250435015
1758,36,1758,0,58.59999999999923,22.02271554554524,105.01904589168576,9.0,24.0,29.017236257093817,32.0,23.021728866442675,78.02563681252464,54.037024344425184,43.0,41.0,43.0,19.0,36.0,11.0,10.0,16.1245154965971,16.0,16.5,54.0,52.0,49.0,263.0,262.0,251.0019920239678,234.00854685246006
1759,36,1759,0,58.63333333333256,3.1622776601683795,99.08077512817509,13.0,22.0,24.020824298928627,26.019223662515376,29.0,67.00746227100382,45.0111097397076,43.5,39.0,43.0,12.0,26.0,2.0,0.0,14.035668847618199,15.0,15.5,52.0,50.0,49.040799340956916,261.01724080987447,261.04788832702707,252.04959829366916,235.10423220350586
1760,36,1760,0,58.66666666666589,1.0,98.04590761474952,14.0,21.0,23.021728866442675,25.019992006393608,30.01666203960727,65.03076195155643,44.04543109109048,44.0,41.0,44.0,12.5,22.5,0.5,0.5,16.1245154965971,16.0312195418814,16.0,50.0,49.0,47.0,262.0,261.00766272276377,249.0180716333656,233.05364189387817
1761,36,1761,0,58.69999999999922,1.0,98.04590761474952,14.0,22.0,24.020824298928627,26.019223662515376,30.0,66.007575322837,44.01136216933077,44.0,41.0,44.0,12.5,23.5,0.5,0.5,16.1245154965971,14.0,15.0,52.0,50.0,45.0111097397076,261.0019157017818,261.0019157017818,250.01799935204664,233.0772404161333
1762,36,1762,0,58.73333333333255,8.0,99.04544411531506,13.0,22.02271554554524,25.019992006393608,28.0178514522438,27.018512172212592,70.02856560004639,48.010415536631214,44.0,42.0,45.0,16.5,26.5,1.5,4.5,15.132745950421556,16.0,16.0,52.0,50.0,46.010868281309364,261.0,261.01724080987447,250.0319979522621,233.0772404161333
1763,36,1763,0,58.76666666666589,8.06225774829855,100.04498987955368,12.0,23.0,25.019992006393608,28.0,27.0,70.00714249274856,47.01063709417264,43.0,42.0,45.0,16.5,26.5,1.5,4.5,15.132745950421556,15.033296378372908,15.5,52.0,50.0,45.0,261.00766272276377,262.00763347658403,250.0319979522621,233.05364189387817
1764,36,1764,0,58.799999999999216,15.033296378372908,100.07996802557443,11.0,23.021728866442675,27.018512172212592,31.016124838541646,24.020824298928627,73.06161783043132,50.039984012787215,42.5,42.0,46.0,20.0,29.0,4.0,10.0,15.132745950421556,15.0,15.5,53.0,50.0,43.0,262.01717500957835,263.0304164920856,250.0719896349849,233.13729860320507
1765,36,1765,0,58.83333333333255,15.132745950421556,100.07996802557443,11.0,23.0,27.018512172212592,30.01666203960727,24.0,73.02739212103907,50.039984012787215,42.5,43.0,47.0,21.0,28.0,3.0,10.0,15.132745950421556,15.0,16.0,53.0,49.0,45.0,263.0171097096157,263.0171097096157,251.03187048659777,232.0538730553748
1766,36,1766,0,58.86666666666588,15.132745950421556,100.04498987955368,11.0,23.0,28.0178514522438,30.01666203960727,23.021728866442675,72.06247289678588,49.09175083453431,41.5,42.0,45.0,20.5,28.5,3.5,9.5,16.1245154965971,15.0,15.5,52.0,48.0,46.010868281309364,263.0171097096157,262.0477055804916,250.04999500099976,232.07757323791543
1767,36,1767,0,58.89999999999921,23.021728866442675,96.08329719571451,10.04987562112089,24.020824298928627,27.018512172212592,31.016124838541646,23.021728866442675,80.09993757800315,56.08029957123981,44.5,43.0,47.0,22.0,35.0,8.0,12.0,16.1245154965971,15.0,15.0,52.0,47.0,43.01162633521314,263.0684321616716,262.1221089492453,249.20072231034965,229.31419493786248
1768,36,1768,0,58.93333333333254,26.019223662515376,96.08329719571451,9.055385138137417,24.020824298928627,26.019223662515376,30.01666203960727,24.08318915758459,83.15046602394962,59.135437767890075,46.0,44.0,48.0,22.0,37.0,11.0,13.0,16.1245154965971,15.0,15.0,54.0,48.0,43.04648650006177,264.06817301598466,262.0934947685654,247.12952069714376,228.21919288263203
1769,36,1769,0,58.96666666666587,24.08318915758459,96.13012014972206,9.0,23.0,27.073972741361768,30.01666203960727,23.194827009486403,79.1580697086532,56.22277118748239,44.0,40.0,45.0,19.5,36.5,10.5,9.5,15.132745950421556,16.0,15.5,53.0,48.0,44.01136216933077,263.0684321616716,261.0938528575501,248.12899870833317,228.21919288263203
1770,36,1770,0,58.9999999999992,23.08679276123039,97.18538984847466,10.0,23.021728866442675,27.073972741361768,31.064449134018133,23.08679276123039,79.1580697086532,56.142675390472796,44.5,41.0,47.0,21.0,35.0,10.0,11.0,14.142135623730951,15.0,15.0,53.0,47.0,44.04543109109048,264.06817301598466,262.0934947685654,248.16325271885037,229.2640399190418
1771,36,1771,0,59.033333333332536,21.095023109728988,97.12878049270464,9.055385138137417,21.0,26.076809620810597,30.01666203960727,23.08679276123039,74.16872656315464,53.23532661682466,42.5,38.0,43.0,17.5,33.5,10.5,7.5,13.152946437965905,14.0,14.5,54.0,48.0,44.04543109109048,263.1216448717209,261.15512631384433,248.16325271885037,230.17601960239037
1772,36,1772,0,59.06666666666587,18.110770276274835,97.082439194738,9.055385138137417,20.024984394500787,25.179356624028344,28.0178514522438,23.08679276123039,70.25667228100119,50.24937810560445,41.0,37.0,41.0,16.0,31.0,9.0,6.0,8.06225774829855,9.055385138137417,9.0,55.0,49.0,44.10215414239989,263.0684321616716,261.0689564080724,248.07257002740147,231.10603626906848
1773,36,1773,0,59.0999999999992,21.095023109728988,97.12878049270464,7.0710678118654755,20.024984394500787,25.079872407968907,29.068883707497267,23.021728866442675,71.17583859709698,51.15662224971465,40.5,35.0,40.0,14.5,33.5,11.5,6.5,9.055385138137417,9.055385138137417,9.0,55.0,49.0,45.0111097397076,261.1225765804252,259.15632348063593,247.1639132235934,231.17525819170183
1774,36,1774,0,59.13333333333253,21.095023109728988,96.18731725128839,8.06225774829855,22.02271554554524,24.186773244895647,28.071337695236398,23.194827009486403,74.33034373659252,52.3450093132096,41.5,37.0,43.0,17.0,34.0,9.0,8.0,10.04987562112089,10.04987562112089,9.5,55.0,48.0,44.04543109109048,263.1539473388153,261.19150062741323,248.16325271885037,230.2628932329306
1775,36,1775,0,59.16666666666586,20.024984394500787,95.25754563287887,8.06225774829855,22.02271554554524,24.186773244895647,27.073972741361768,23.194827009486403,73.24616030891995,51.24451190127583,41.0,37.0,44.0,17.5,32.5,7.5,8.5,11.045361017187261,12.0,12.0,53.0,46.0,44.04543109109048,263.1216448717209,263.1539473388153,249.1625975141534,231.26175645791503
1776,36,1776,0,59.19999999999919,18.110770276274835,94.26027795418386,8.0,22.02271554554524,23.194827009486403,26.076809620810597,24.08318915758459,72.17340230306452,50.15974481593781,41.0,37.0,44.0,16.5,31.5,6.5,7.5,12.165525060596439,12.0,12.5,52.0,46.0,43.01162633521314,264.15336454416024,262.1907702418222,249.24285345822858,230.2628932329306
1777,36,1777,0,59.23333333333253,13.038404810405298,92.19544457292888,11.045361017187261,23.021728866442675,21.095023109728988,24.08318915758459,25.019992006393608,72.11102550927978,49.09175083453431,42.5,38.0,44.0,16.0,31.0,5.0,5.0,14.035668847618199,15.0,14.5,53.0,47.0,44.04543109109048,263.1900454044567,262.1907702418222,249.24285345822858,230.31283073246266
1778,36,1778,0,59.266666666665856,6.082762530298219,92.13576938409967,13.0,24.020824298928627,23.021728866442675,25.019992006393608,27.073972741361768,70.11419257183242,46.09772228646444,43.0,38.0,43.0,13.5,29.5,3.5,1.5,15.132745950421556,14.035668847618199,14.5,53.0,46.0,45.044422518220834,261.27571643763605,261.27571643763605,250.28783430282823,232.31013753170566
1779,36,1779,0,59.29999999999919,6.082762530298219,89.20201791439474,12.041594578792296,24.020824298928627,20.09975124224178,23.08679276123039,28.0178514522438,70.11419257183242,46.09772228646444,43.0,38.0,44.0,13.0,29.0,2.0,1.0,15.132745950421556,14.0,14.5,53.0,45.0,44.10215414239989,260.27677575995904,261.27571643763605,249.28898892650673,230.31283073246266
1780,36,1780,0,59.33333333333252,6.0,90.08884503644167,12.041594578792296,24.020824298928627,20.09975124224178,23.021728866442675,28.0178514522438,70.06425622241343,46.04345773288535,43.0,39.0,43.0,13.0,29.0,3.0,1.0,15.297058540778355,15.0,15.0,53.0,46.0,44.04543109109048,260.3247971285102,260.27677575995904,249.24285345822858,230.2628932329306
1781,36,1781,0,59.36666666666585,5.0990195135927845,88.09086218218096,13.0,24.020824298928627,19.026297590440446,22.02271554554524,28.071337695236398,70.11419257183242,46.09772228646444,43.5,40.0,44.0,14.0,28.0,2.0,2.0,16.278820596099706,15.033296378372908,15.0,53.0,45.0,43.04648650006177,260.43233286210835,260.43233286210835,249.45139807184887,231.48650068632512
1782,36,1782,0,59.39999999999918,6.082762530298219,88.09086218218096,13.0,25.0,20.0,23.021728866442675,28.071337695236398,72.06247289678588,47.095647357266465,44.0,41.0,45.0,15.0,29.0,2.0,3.0,16.1245154965971,16.0,15.5,54.0,45.0,42.04759208325728,261.3235542388018,260.2325882744127,248.20153101864622,230.21728866442677
1783,36,1783,0,59.43333333333251,10.04987562112089,83.05419917138447,13.038404810405298,28.0,20.024984394500787,23.021728866442675,27.018512172212592,78.05767098754612,50.08991914547278,45.0,42.0,45.0,16.5,34.5,4.5,3.5,17.11724276862369,16.0312195418814,16.0,54.0,46.0,42.04759208325728,260.3247971285102,259.2778432492835,247.24481794367298,229.21823662178366
1784,36,1784,0,59.46666666666584,13.038404810405298,82.05485969764375,15.0,28.0178514522438,20.024984394500787,24.020824298928627,27.073972741361768,83.09632964216891,55.08175741568164,48.5,45.0,48.0,19.5,36.5,6.5,5.5,15.132745950421556,15.0,15.0,54.0,46.0,43.04648650006177,260.37665025881256,261.3235542388018,250.28783430282823,230.31283073246266
1785,36,1785,0,59.499999999999176,18.110770276274835,80.09993757800315,14.0,27.0,20.024984394500787,23.021728866442675,27.073972741361768,86.09297300012354,59.135437767890075,50.0,46.0,50.0,21.0,38.0,8.0,8.0,16.1245154965971,16.0,16.0,54.0,46.0,43.04648650006177,261.27571643763605,261.23169792351007,248.2438317461282,228.21919288263203
1786,36,1786,0,59.53333333333251,19.026297590440446,81.09870529176159,15.0,28.0,20.024984394500787,24.0,25.079872407968907,87.05170877128145,59.07622195096772,49.5,46.0,50.0,23.0,39.0,9.0,8.0,16.1245154965971,16.0,16.0,54.0,46.0,42.04759208325728,260.2325882744127,261.19150062741323,248.16325271885037,229.21823662178366
1787,36,1787,0,59.56666666666584,15.033296378372908,82.09750300709517,15.0,28.0178514522438,21.02379604162864,25.019992006393608,25.079872407968907,83.09632964216891,55.08175741568164,47.5,45.0,49.0,22.0,36.0,6.0,7.0,15.132745950421556,15.0,15.0,54.0,46.0,44.10215414239989,260.27677575995904,261.27571643763605,249.24285345822858,230.31283073246266
1788,36,1788,0,59.59999999999917,8.06225774829855,88.14193099768123,16.0,26.019223662515376,21.02379604162864,24.020824298928627,25.019992006393608,75.05997601918082,49.040799340956916,45.0,43.0,48.0,20.5,29.5,0.5,4.5,15.132745950421556,15.0,15.5,54.0,46.0,44.04543109109048,261.37520922994975,260.37665025881256,248.39484696748443,229.42754847663784
1789,36,1789,0,59.6333333333325,6.324555320336759,92.13576938409967,15.0,25.0,22.02271554554524,25.019992006393608,24.020824298928627,70.06425622241343,45.09988913511872,42.0,42.0,47.0,20.5,25.5,1.5,5.5,15.033296378372908,16.0,15.5,53.0,46.0,44.04543109109048,261.23169792351007,261.19150062741323,249.20072231034965,232.17450333746814
1790,36,1790,0,59.66666666666583,5.0990195135927845,91.19758768739445,15.033296378372908,25.0,24.08318915758459,27.073972741361768,24.020824298928627,69.06518659932803,44.10215414239989,41.5,41.0,47.0,20.0,25.0,2.0,5.0,15.033296378372908,16.0,15.5,54.0,46.0,44.10215414239989,260.2325882744127,261.23169792351007,249.20072231034965,232.26062946612367
1791,36,1791,0,59.69999999999917,11.045361017187261,94.13288479590966,12.041594578792296,22.02271554554524,24.08318915758459,27.018512172212592,23.08679276123039,68.18357573492314,46.17358552246078,40.5,40.0,45.0,19.5,25.5,1.5,7.5,15.033296378372908,15.0,15.5,54.0,46.0,44.04543109109048,261.23169792351007,261.23169792351007,248.16325271885037,231.21634890292685
1792,36,1792,0,59.733333333332496,14.035668847618199,98.12746812182611,11.045361017187261,22.02271554554524,25.019992006393608,28.0178514522438,23.08679276123039,70.178344238091,48.16637831516918,41.0,40.0,45.0,19.5,27.5,3.5,8.5,15.132745950421556,15.0,15.0,54.0,46.0,45.044422518220834,263.2299375071156,262.1907702418222,250.1619475459847,234.17301296263838
1793,36,1793,0,59.76666666666583,14.142135623730951,100.17983829094555,11.0,24.020824298928627,27.073972741361768,31.064449134018133,23.194827009486403,72.24956747275377,48.25971404805462,41.0,40.0,46.0,20.0,29.0,3.0,9.0,15.033296378372908,15.0,15.5,54.0,47.0,44.01136216933077,262.15453457836657,262.15453457836657,249.1625975141534,233.13729860320507
1794,36,1794,0,59.79999999999916,15.033296378372908,100.12492197250393,11.045361017187261,25.019992006393608,28.071337695236398,30.01666203960727,23.08679276123039,74.16872656315464,49.16299421312742,41.5,41.0,46.0,20.5,30.5,3.5,9.5,14.142135623730951,15.0,15.0,53.0,45.0,43.04648650006177,261.1225765804252,261.1225765804252,248.12899870833317,231.1384866265244
1795,36,1795,0,59.83333333333249,16.1245154965971,100.17983829094555,12.0,25.0,27.16615541441225,29.017236257093817,22.090722034374522,75.1065909225016,50.15974481593781,42.0,41.0,47.0,22.0,31.0,4.0,9.0,15.033296378372908,15.0,15.0,52.0,45.0,44.04543109109048,262.15453457836657,261.1225765804252,248.0987706539474,232.1055794245369
1796,36,1796,0,59.86666666666582,15.033296378372908,100.17983829094555,11.045361017187261,26.019223662515376,26.1725046566048,30.066592756745816,22.090722034374522,74.16872656315464,48.16637831516918,40.5,40.0,46.0,21.0,31.0,3.0,9.0,16.1245154965971,15.0,15.5,53.0,45.0,44.10215414239989,262.1221089492453,261.1225765804252,250.1619475459847,233.13729860320507
1797,36,1797,0,59.89999999999915,15.033296378372908,98.12746812182611,10.0,25.019992006393608,25.079872407968907,29.017236257093817,23.194827009486403,73.17103251970687,48.16637831516918,40.5,41.0,46.0,20.5,29.5,3.5,9.5,14.035668847618199,15.0,15.0,51.0,45.0,44.01136216933077,261.1225765804252,259.12352266824405,247.09917037497314,231.1384866265244
1798,36,1798,0,59.93333333333248,6.082762530298219,97.12878049270464,12.041594578792296,22.02271554554524,24.08318915758459,26.019223662515376,28.071337695236398,68.18357573492314,46.17358552246078,43.0,40.0,45.0,14.5,25.5,1.5,3.5,15.132745950421556,16.0,15.5,51.0,45.0,44.04543109109048,262.15453457836657,262.0934947685654,250.09798079952586,234.13671220037236
1799,36,1799,0,59.966666666665816,1.0,95.33624704172071,14.035668847618199,20.024984394500787,22.090722034374522,24.08318915758459,30.01666203960727,64.1248781675256,44.10215414239989,44.0,37.0,45.0,11.0,23.0,0.0,2.0,15.033296378372908,14.035668847618199,14.5,52.0,45.0,45.044422518220834,260.1922366251537,261.23169792351007,250.28783430282823,233.36237914453991
1800,36,1800,0,59.99999999999915,2.0,96.25487000666512,14.035668847618199,20.024984394500787,23.08679276123039,24.08318915758459,30.01666203960727,64.19501538281614,44.181444068749045,44.0,38.0,45.0,11.5,22.5,0.5,1.5,15.033296378372908,15.0,15.0,50.0,44.0,44.04543109109048,261.23169792351007,261.19150062741323,250.19992006393608,233.25951213187426
1801,36,1801,0,60.03333333333248,1.4142135623730951,94.26027795418386,13.038404810405298,21.02379604162864,21.095023109728988,24.08318915758459,31.064449134018133,66.18912297349165,45.17742799230607,44.5,39.0,46.0,11.5,23.5,0.5,1.5,15.132745950421556,15.0,15.0,52.0,46.0,45.044422518220834,262.15453457836657,261.15512631384433,249.20072231034965,233.21449354617735
1802,36,1802,0,60.06666666666581,6.082762530298219,95.1892851112981,13.0,22.02271554554524,23.021728866442675,25.019992006393608,30.066592756745816,71.11258679024411,49.09175083453431,46.0,42.0,48.0,15.0,26.0,2.0,3.0,15.132745950421556,14.035668847618199,14.0,51.0,44.0,44.04543109109048,261.1225765804252,261.15512631384433,249.12848090894786,231.17525819170183
1803,36,1803,0,60.09999999999914,20.09975124224178,97.12878049270464,10.0,24.0,25.079872407968907,29.017236257093817,25.079872407968907,79.1012010022604,55.14526271584895,45.0,43.0,48.0,20.5,33.5,7.5,10.5,15.132745950421556,15.0,15.0,53.0,47.0,43.01162633521314,262.1221089492453,260.155722597063,248.20153101864622,231.21634890292685
1804,36,1804,0,60.13333333333247,22.090722034374522,98.12746812182611,11.0,25.019992006393608,27.073972741361768,30.01666203960727,23.08679276123039,81.15417426109393,56.142675390472796,45.0,43.0,48.0,22.5,35.5,8.5,11.5,15.132745950421556,14.0,14.5,52.0,46.0,43.04648650006177,262.1221089492453,262.0934947685654,248.07257002740147,230.10649708341572
1805,36,1805,0,60.166666666665805,22.090722034374522,97.18538984847466,10.0,25.0,25.079872407968907,28.071337695236398,23.194827009486403,80.15609770940699,55.226805085936306,44.0,42.0,48.0,22.0,35.0,8.0,12.0,14.142135623730951,15.0,15.0,52.0,46.0,43.01162633521314,262.15453457836657,261.15512631384433,248.20153101864622,230.2628932329306
1806,36,1806,0,60.199999999999136,21.095023109728988,94.33981132056604,10.0,25.0,25.179356624028344,29.154759474226502,21.37755832643195,77.23341245859851,52.3450093132096,41.5,40.0,48.0,23.0,33.0,5.0,12.0,12.041594578792296,12.0,12.5,52.0,46.0,44.01136216933077,262.15453457836657,261.15512631384433,248.20153101864622,231.3114783144148
1807,36,1807,0,60.23333333333247,15.132745950421556,89.27485648266257,13.038404810405298,26.019223662515376,24.186773244895647,27.073972741361768,20.223748416156685,74.33034373659252,48.373546489791295,40.5,40.0,47.0,23.5,30.5,1.5,9.5,7.0710678118654755,8.06225774829855,8.0,54.0,48.0,45.0111097397076,261.15512631384433,261.19150062741323,248.2438317461282,231.3114783144148
1808,36,1808,0,60.2666666666658,16.0312195418814,88.20430828479978,13.038404810405298,26.019223662515376,24.08318915758459,27.073972741361768,20.223748416156685,75.23961722390672,49.25444142409901,41.0,41.0,47.0,24.0,31.0,3.0,10.0,7.0710678118654755,8.06225774829855,8.0,54.0,49.0,44.01136216933077,262.1907702418222,260.1922366251537,247.2023462671825,231.26175645791503
1809,36,1809,0,60.29999999999913,12.041594578792296,86.14522621712709,14.0,28.0178514522438,23.08679276123039,25.079872407968907,22.090722034374522,76.10519036176179,48.093658625644196,42.0,41.0,46.0,21.5,32.5,2.5,7.5,8.06225774829855,8.06225774829855,8.5,54.0,47.0,45.0111097397076,262.1907702418222,261.19150062741323,249.12848090894786,232.13789005675054
1810,36,1810,0,60.33333333333246,13.152946437965905,87.14355971613737,14.0,26.019223662515376,23.021728866442675,25.079872407968907,25.019992006393608,78.10249675906654,52.08646657242167,45.5,46.0,51.0,23.5,29.5,0.5,9.5,12.041594578792296,12.0,12.0,53.0,46.0,43.01162633521314,262.2746651889961,262.23081436017395,249.1625975141534,231.21634890292685
1811,36,1811,0,60.36666666666579,12.041594578792296,86.14522621712709,14.0,26.019223662515376,22.02271554554524,26.019223662515376,25.079872407968907,77.10382610480494,51.088159097779204,45.0,45.0,50.0,22.5,29.5,1.5,8.5,12.041594578792296,13.038404810405298,12.5,52.0,46.0,43.01162633521314,262.1907702418222,262.1907702418222,249.1625975141534,232.17450333746814
1812,36,1812,0,60.399999999999125,11.180339887498949,89.1403387922662,15.0,28.0178514522438,23.021728866442675,26.076809620810597,23.08679276123039,77.1621668954417,49.16299421312742,43.5,44.0,49.0,23.5,30.5,0.5,8.5,13.038404810405298,14.0,13.5,53.0,46.0,42.01190307520001,262.23081436017395,262.1907702418222,250.19992006393608,232.26062946612367
1813,36,1813,0,60.433333333332456,14.142135623730951,93.13431161500041,12.0,23.021728866442675,26.076809620810597,28.071337695236398,24.08318915758459,73.17103251970687,50.15974481593781,43.0,43.0,48.0,21.5,27.5,2.5,9.5,14.035668847618199,14.035668847618199,14.0,52.0,45.0,43.04648650006177,262.32232081925474,261.27571643763605,249.24285345822858,232.31013753170566
1814,36,1814,0,60.46666666666579,19.1049731745428,95.1892851112981,12.041594578792296,23.0,26.076809620810597,29.017236257093817,23.194827009486403,77.23341245859851,54.3323108288245,44.5,43.0,49.0,23.0,31.0,6.0,10.0,15.033296378372908,15.033296378372908,15.0,53.0,46.0,45.044422518220834,261.27571643763605,260.2325882744127,247.1639132235934,230.17601960239037
1815,36,1815,0,60.49999999999912,19.026297590440446,94.19129471453293,11.045361017187261,24.020824298928627,25.079872407968907,28.0178514522438,23.194827009486403,77.23341245859851,53.23532661682466,43.5,42.0,48.0,22.0,32.0,6.0,11.0,15.033296378372908,15.0,15.0,53.0,45.0,44.04543109109048,261.27571643763605,260.2325882744127,247.1639132235934,229.17678765529462
1816,36,1816,0,60.53333333333245,29.068883707497267,95.25754563287887,11.045361017187261,25.019992006393608,26.076809620810597,29.017236257093817,23.194827009486403,88.2779700718135,63.28506932918696,48.5,45.0,52.0,25.5,39.5,12.5,13.5,15.132745950421556,15.0,14.5,53.0,45.0,43.104524124504614,260.3247971285102,260.3247971285102,247.29132617218906,229.36869882353173
1817,36,1817,0,60.56666666666578,36.05551275463989,95.25754563287887,11.045361017187261,26.076809620810597,27.16615541441225,30.01666203960727,24.186773244895647,97.32933781753577,71.25307010929424,53.0,48.0,55.0,27.5,45.5,17.5,15.5,15.033296378372908,15.0,14.5,53.0,43.0,41.10960958218893,261.3235542388018,260.3247971285102,246.34325645326686,228.42942017174582
1818,36,1818,0,60.59999999999911,37.05401462729781,95.25754563287887,10.04987562112089,26.076809620810597,27.073972741361768,31.016124838541646,23.194827009486403,96.33275663033837,70.25667228100119,51.5,47.0,54.0,27.5,45.5,17.5,16.5,14.142135623730951,15.0,15.0,53.0,44.0,43.104524124504614,261.37520922994975,259.3260495977988,245.29370150902776,226.37358503146962
1819,36,1819,0,60.633333333332445,27.16615541441225,98.2496819333274,10.04987562112089,25.019992006393608,25.179356624028344,29.068883707497267,24.186773244895647,86.37129152675674,61.40032573203501,47.5,42.0,49.0,21.5,40.5,13.5,10.5,15.132745950421556,15.0,15.0,53.0,44.0,41.19465984809196,262.2746651889961,261.3235542388018,248.39484696748443,231.5534495532295
1820,36,1820,0,60.666666666665776,23.08679276123039,97.18538984847466,10.0,23.021728866442675,25.079872407968907,28.0178514522438,23.194827009486403,79.22752047110903,56.22277118748239,44.5,41.0,47.0,21.0,35.0,10.0,11.0,15.132745950421556,15.0,15.0,52.0,43.0,42.190046219457976,261.3235542388018,261.3235542388018,248.29015284541592,229.36869882353173
1821,36,1821,0,60.69999999999911,16.1245154965971,94.19129471453293,11.045361017187261,24.020824298928627,22.090722034374522,25.019992006393608,25.019992006393608,76.16429609731846,52.15361924162119,44.0,41.0,47.0,19.0,32.0,6.0,7.0,16.1245154965971,16.0,16.0,53.0,44.0,43.104524124504614,261.27571643763605,260.2325882744127,247.2023462671825,229.2640399190418
1822,36,1822,0,60.73333333333244,11.045361017187261,93.1933474020544,12.041594578792296,23.0,22.090722034374522,24.020824298928627,27.018512172212592,73.06161783043132,50.08991914547278,44.5,40.0,46.0,16.0,30.0,5.0,4.0,15.132745950421556,15.0,15.0,53.0,44.0,43.104524124504614,260.3247971285102,261.27571643763605,249.28898892650673,232.36393868240398
1823,36,1823,0,60.76666666666577,8.06225774829855,93.13431161500041,13.038404810405298,24.020824298928627,23.08679276123039,26.019223662515376,26.019223662515376,71.11258679024411,47.095647357266465,43.0,40.0,45.0,16.5,28.5,2.5,3.5,15.132745950421556,15.0,15.5,53.0,44.0,43.04648650006177,260.3247971285102,261.3235542388018,250.3377718203947,233.36237914453991
1824,36,1824,0,60.7999999999991,12.041594578792296,94.19129471453293,12.041594578792296,22.02271554554524,24.08318915758459,27.018512172212592,24.08318915758459,70.178344238091,48.16637831516918,42.0,38.0,44.0,17.0,29.0,4.0,5.0,16.1245154965971,15.0,15.0,53.0,44.0,43.104524124504614,261.37520922994975,261.3235542388018,249.33912649241395,231.36551169091732
1825,36,1825,0,60.83333333333243,16.1245154965971,96.18731725128839,11.045361017187261,22.02271554554524,26.076809620810597,28.071337695236398,24.08318915758459,73.24616030891995,51.24451190127583,43.0,40.0,46.0,19.0,30.0,6.0,8.0,16.1245154965971,16.0,16.0,52.0,43.0,42.1070065428546,261.43067914841214,260.43233286210835,248.34049206683954,230.4256930118688
1826,36,1826,0,60.866666666665765,19.1049731745428,96.18731725128839,10.04987562112089,22.02271554554524,25.079872407968907,28.0178514522438,23.194827009486403,74.33034373659252,52.3450093132096,42.5,39.0,45.0,19.0,32.0,7.0,8.0,16.1245154965971,16.0,16.5,54.0,45.0,43.04648650006177,260.43233286210835,258.37956575549856,246.34325645326686,228.42942017174582
1827,36,1827,0,60.899999999999096,20.09975124224178,97.25224933131366,10.04987562112089,23.021728866442675,26.1725046566048,29.017236257093817,23.194827009486403,76.32168761236873,53.33854141237835,43.0,39.0,46.0,19.5,33.5,8.5,8.5,16.1245154965971,16.0,16.0,53.0,44.0,44.10215414239989,260.3247971285102,260.27677575995904,248.2438317461282,230.31283073246266
1828,36,1828,0,60.93333333333243,20.024984394500787,96.18731725128839,10.04987562112089,23.021728866442675,27.16615541441225,30.066592756745816,23.194827009486403,76.23647421018367,53.23532661682466,43.0,39.0,45.0,19.0,34.0,9.0,8.0,15.132745950421556,15.0,15.0,52.0,43.0,42.190046219457976,261.27571643763605,260.27677575995904,247.2023462671825,228.21919288263203
1829,36,1829,0,60.96666666666576,20.024984394500787,98.12746812182611,10.04987562112089,23.021728866442675,26.076809620810597,29.068883707497267,23.194827009486403,76.23647421018367,53.23532661682466,43.0,40.0,45.0,19.5,33.5,8.5,8.5,16.1245154965971,16.0312195418814,16.0,52.0,43.0,44.10215414239989,262.32232081925474,261.3235542388018,248.20153101864622,229.2640399190418
1830,36,1830,0,60.99999999999909,19.1049731745428,96.18731725128839,11.045361017187261,24.020824298928627,26.076809620810597,29.068883707497267,23.194827009486403,77.31752712031083,53.33854141237835,43.5,39.0,45.0,19.0,35.0,9.0,8.0,16.1245154965971,15.0,15.0,52.0,42.0,42.1070065428546,261.37520922994975,261.3235542388018,247.29132617218906,229.31419493786248
1831,36,1831,0,61.03333333333242,22.090722034374522,96.18731725128839,10.04987562112089,23.021728866442675,25.079872407968907,29.017236257093817,24.186773244895647,79.30952023559341,56.32051136131489,45.0,41.0,47.0,20.0,35.0,10.0,10.0,17.11724276862369,16.0312195418814,16.0,52.0,43.0,42.190046219457976,261.3235542388018,260.27677575995904,247.29132617218906,229.31419493786248
1832,36,1832,0,61.06666666666575,23.08679276123039,97.18538984847466,10.04987562112089,24.020824298928627,27.16615541441225,30.066592756745816,23.345235059857504,80.39900496896712,56.43580423808985,44.5,41.0,47.0,21.0,36.0,10.0,10.0,17.11724276862369,16.0312195418814,16.0,53.0,44.0,43.104524124504614,260.3247971285102,260.3247971285102,246.2925090212855,229.36869882353173
1833,36,1833,0,61.099999999999085,25.079872407968907,96.18731725128839,10.0,25.019992006393608,25.079872407968907,29.017236257093817,23.194827009486403,83.21658488546619,58.215118311311535,45.5,41.0,47.0,21.0,39.0,13.0,11.0,16.1245154965971,16.0,16.0,53.0,44.0,42.1070065428546,260.27677575995904,261.27571643763605,248.2438317461282,229.31419493786248
1834,36,1834,0,61.133333333332416,28.071337695236398,96.13012014972206,10.04987562112089,25.079872407968907,25.079872407968907,29.068883707497267,23.08679276123039,86.28441342444185,61.204574992397426,47.0,43.0,48.0,22.5,40.5,13.5,11.5,16.1245154965971,17.0,17.0,52.0,44.0,43.18564576337837,262.2746651889961,260.2325882744127,247.2023462671825,229.21823662178366
1835,36,1835,0,61.16666666666575,29.068883707497267,97.18538984847466,11.045361017187261,25.079872407968907,27.16615541441225,30.01666203960727,24.08318915758459,89.27485648266257,64.19501538281614,49.5,44.0,50.0,23.0,42.0,14.0,11.0,15.132745950421556,17.0,16.5,54.0,44.0,43.18564576337837,262.32232081925474,260.3247971285102,246.2925090212855,228.3703133071372
1836,36,1836,0,61.19999999999908,32.14031735997639,97.25224933131366,11.045361017187261,25.019992006393608,27.073972741361768,30.01666203960727,23.08679276123039,91.26883367283708,66.27216610312357,50.0,44.0,51.0,24.5,43.5,15.5,13.5,15.132745950421556,16.0312195418814,16.0,53.0,44.0,43.104524124504614,261.37520922994975,260.3247971285102,246.2925090212855,228.31557108528537
1837,36,1837,0,61.23333333333241,34.058772731852805,98.18350166906862,11.045361017187261,25.079872407968907,27.073972741361768,31.064449134018133,24.08318915758459,94.26027795418386,69.18092222571191,52.0,46.0,52.0,25.0,45.0,18.0,14.0,16.0312195418814,15.0,15.0,55.0,44.0,43.18564576337837,261.48996156640504,260.43233286210835,246.2925090212855,228.31557108528537
1838,36,1838,0,61.26666666666574,37.12142238654117,98.2496819333274,10.0,25.019992006393608,27.073972741361768,30.01666203960727,24.186773244895647,96.25487000666512,71.25307010929424,52.5,47.0,54.0,26.5,45.5,18.5,15.5,16.0312195418814,15.0,15.0,54.0,44.0,44.181444068749045,262.37377917772193,260.27677575995904,246.24581214713075,228.31557108528537
1839,36,1839,0,61.29999999999907,39.05124837953327,98.32598842625484,11.045361017187261,24.020824298928627,28.160255680657446,32.0624390837628,24.186773244895647,98.2496819333274,74.24284477308234,54.5,48.0,56.0,28.0,46.0,19.0,16.0,15.132745950421556,15.0,15.0,55.0,44.0,43.18564576337837,261.48996156640504,260.49184248263896,246.45689278249046,227.49505489130968
1840,36,1840,0,61.333333333332405,36.05551275463989,100.24470060806208,11.045361017187261,24.08318915758459,27.16615541441225,31.064449134018133,23.194827009486403,94.33981132056604,70.25667228100119,52.0,46.0,53.0,26.5,44.5,17.5,14.5,15.033296378372908,15.0,15.0,54.0,44.0,43.104524124504614,261.43067914841214,260.43233286210835,245.34465553584002,228.42942017174582
1841,36,1841,0,61.366666666665736,32.0624390837628,99.18165152889924,10.04987562112089,24.08318915758459,26.076809620810597,31.064449134018133,24.186773244895647,90.35485598461214,66.27216610312357,50.0,46.0,52.0,25.0,41.0,15.0,15.0,15.033296378372908,15.033296378372908,15.0,54.0,45.0,42.04759208325728,262.48809496813374,261.43067914841214,245.34465553584002,228.3703133071372
1842,36,1842,0,61.39999999999907,28.071337695236398,96.18731725128839,10.04987562112089,23.021728866442675,26.1725046566048,28.0178514522438,23.194827009486403,84.29116205154607,61.29437168288782,47.0,45.0,51.0,25.0,36.0,11.0,14.0,15.132745950421556,15.0,15.0,54.0,45.0,44.04543109109048,260.3247971285102,260.2325882744127,246.13004692641653,229.13969538253298
1843,36,1843,0,61.4333333333324,26.076809620810597,92.19544457292888,11.0,25.019992006393608,23.194827009486403,27.073972741361768,22.20360331117452,84.2140130857092,59.21148537234985,46.0,47.0,53.0,28.0,34.0,7.0,16.0,16.1245154965971,16.0,15.5,54.0,46.0,44.04543109109048,261.3235542388018,261.23169792351007,248.2438317461282,230.21728866442677
1844,36,1844,0,61.46666666666573,25.019992006393608,87.14355971613737,12.041594578792296,26.019223662515376,23.194827009486403,26.019223662515376,22.20360331117452,85.21150157109074,59.21148537234985,46.5,47.0,52.0,27.5,35.5,7.5,14.5,15.033296378372908,15.0,15.0,54.0,45.0,44.04543109109048,262.37377917772193,261.27571643763605,246.16457909293123,228.1403077055872
1845,36,1845,0,61.49999999999906,27.073972741361768,83.09632964216891,13.038404810405298,25.0,22.090722034374522,25.019992006393608,22.090722034374522,87.14355971613737,62.20128616033595,48.5,51.0,55.0,31.0,34.0,7.0,17.0,16.1245154965971,16.0,16.0,54.0,47.0,43.04648650006177,261.27571643763605,260.155722597063,244.10038918445008,226.10838109190027
1846,36,1846,0,61.53333333333239,27.018512172212592,85.05292469985967,12.0,26.019223662515376,22.090722034374522,26.0,22.20360331117452,87.14355971613737,61.1310068623117,47.5,51.0,54.0,30.5,34.5,6.5,17.5,16.0312195418814,16.0,16.0,53.0,46.0,44.01136216933077,262.2746651889961,261.19150062741323,247.09917037497314,227.1079038695043
1847,36,1847,0,61.566666666665725,23.08679276123039,90.08884503644167,12.0,25.019992006393608,23.08679276123039,27.018512172212592,22.02271554554524,82.09750300709517,57.07889277132134,45.5,48.0,52.0,28.0,32.0,6.0,15.0,16.0312195418814,15.0,15.0,54.0,47.0,42.01190307520001,262.15453457836657,261.1225765804252,249.07227866625382,230.07824755939012
1848,36,1848,0,61.599999999999056,20.09975124224178,93.04837451562494,12.041594578792296,25.0,26.019223662515376,29.0,21.02379604162864,78.10249675906654,53.150729063673246,43.0,46.0,49.0,26.5,30.5,4.5,14.5,15.033296378372908,15.0,15.5,53.0,47.0,43.04648650006177,263.1216448717209,261.0938528575501,248.07257002740147,231.07790893982056
1849,36,1849,0,61.63333333333239,18.110770276274835,95.04735661763561,10.0,23.0,25.019992006393608,27.018512172212592,22.20360331117452,73.17103251970687,50.24937810560445,41.0,44.0,47.0,23.5,27.5,3.5,12.5,16.1245154965971,15.0,15.5,51.0,47.0,43.0,261.0938528575501,262.0477055804916,248.03225596683993,231.07790893982056
1850,36,1850,0,61.66666666666572,15.033296378372908,95.04735661763561,11.045361017187261,23.021728866442675,24.020824298928627,26.0,22.02271554554524,71.11258679024411,48.093658625644196,40.5,43.0,46.0,22.5,26.5,2.5,11.5,16.0312195418814,16.0,16.5,52.0,48.0,44.0,264.06817301598466,262.01717500957835,248.0181444975347,231.01947969814148
1851,36,1851,0,61.69999999999905,13.152946437965905,95.04735661763561,12.041594578792296,24.0,23.021728866442675,26.0,22.02271554554524,71.11258679024411,47.16990566028302,40.5,42.0,45.0,21.5,27.5,2.5,9.5,15.132745950421556,15.0,15.5,51.0,47.0,43.01162633521314,264.06817301598466,263.0304164920856,250.0319979522621,233.05364189387817
1852,36,1852,0,61.73333333333238,10.04987562112089,91.02197536858887,14.0,26.019223662515376,23.021728866442675,25.0,23.08679276123039,73.10950690573696,47.095647357266465,42.0,43.0,45.0,21.0,29.0,2.0,8.0,15.033296378372908,16.0,16.0,51.0,46.0,44.0,263.04752422328556,261.04788832702707,248.03225596683993,232.0538730553748
1853,36,1853,0,61.766666666665714,7.0710678118654755,92.02173656261873,16.0,26.019223662515376,23.021728866442675,25.0,23.021728866442675,72.06247289678588,46.04345773288535,42.5,43.0,45.0,21.0,28.0,1.0,6.0,16.0312195418814,16.0,16.0,51.0,47.0,43.0,263.0304164920856,262.01717500957835,249.0180716333656,232.0538730553748
1854,36,1854,0,61.799999999999045,13.038404810405298,97.04638066409278,11.0,23.021728866442675,23.021728866442675,26.019223662515376,23.08679276123039,70.11419257183242,47.095647357266465,40.5,40.0,43.0,18.5,28.5,4.5,7.5,15.033296378372908,15.0,15.5,52.0,48.0,43.0,264.0075756488817,262.0019083899963,250.0,233.00214591286493
1855,36,1855,0,61.83333333333238,17.11724276862369,97.082439194738,10.0,24.0,25.079872407968907,28.0178514522438,24.08318915758459,75.1065909225016,51.15662224971465,42.5,43.0,47.0,21.0,30.0,5.0,10.0,15.132745950421556,16.0312195418814,16.0,51.0,47.0,42.01190307520001,263.0171097096157,261.01724080987447,248.05039810490126,231.07790893982056
1856,36,1856,0,61.86666666666571,22.090722034374522,96.08329719571451,10.0,25.0,25.019992006393608,28.0,24.08318915758459,81.09870529176159,56.142675390472796,45.0,44.0,48.0,22.0,35.0,8.0,12.0,15.132745950421556,14.0,15.0,51.0,47.0,42.01190307520001,264.0075756488817,263.0171097096157,249.0321264415497,231.05410621756974
1857,36,1857,0,61.89999999999904,20.024984394500787,97.082439194738,10.04987562112089,25.019992006393608,25.079872407968907,28.0178514522438,24.020824298928627,79.1012010022604,54.08326913195984,44.0,44.0,48.0,22.0,33.0,7.0,11.0,15.132745950421556,15.0,15.0,50.0,46.0,43.01162633521314,263.0019011338131,261.0019157017818,249.0020080240318,230.0195643852931
1858,36,1858,0,61.93333333333237,22.02271554554524,97.04638066409278,9.0,24.020824298928627,24.08318915758459,28.0178514522438,24.08318915758459,79.1012010022604,55.08175741568164,44.0,44.0,47.0,21.5,33.5,7.5,11.5,15.132745950421556,16.0,15.5,50.0,46.0,41.012193308819754,261.00766272276377,260.0307674103201,247.0323865407125,229.0785891348207
1859,36,1859,0,61.9666666666657,15.033296378372908,96.04686356149273,10.0,23.021728866442675,23.021728866442675,26.0,28.0178514522438,76.05918747922567,53.03772242470448,45.5,43.0,46.0,16.5,31.5,6.5,6.5,15.132745950421556,15.0,15.5,50.0,46.0,42.04759208325728,261.01724080987447,260.0173071162764,247.00809703327542,230.0347799790284
1860,36,1860,0,61.99999999999904,14.035668847618199,96.04686356149273,10.04987562112089,23.0,24.020824298928627,27.0,28.0178514522438,75.05997601918082,52.08646657242167,45.0,43.0,46.0,16.5,30.5,6.5,6.5,15.132745950421556,15.0,15.0,50.0,46.0,43.01162633521314,261.03064954139006,261.03064954139006,248.05039810490126,231.05410621756974
1861,36,1861,0,62.033333333332365,15.033296378372908,97.04638066409278,10.04987562112089,23.0,23.021728866442675,26.0,28.0178514522438,76.05918747922567,53.08483775994799,45.5,43.0,46.0,16.5,31.5,6.5,6.5,15.132745950421556,15.0,15.5,50.0,46.0,42.04759208325728,261.01724080987447,261.01724080987447,248.0181444975347,231.05410621756974
1862,36,1862,0,62.0666666666657,3.1622776601683795,95.08417323613851,14.035668847618199,21.0,22.02271554554524,24.020824298928627,30.0,68.0294054067798,47.042533945356304,45.5,40.0,44.0,12.0,26.0,2.0,1.0,15.132745950421556,14.0,14.5,50.0,46.0,42.01190307520001,261.03064954139006,261.03064954139006,248.07257002740147,231.10603626906848
1863,36,1863,0,62.09999999999903,5.0990195135927845,98.08159868191383,14.0,21.02379604162864,24.020824298928627,26.019223662515376,29.068883707497267,69.1158447825099,48.093658625644196,45.5,41.0,45.0,14.0,26.0,2.0,1.0,16.1245154965971,15.0,15.5,49.0,45.0,42.04759208325728,261.04788832702707,261.0689564080724,247.12952069714376,231.26175645791503
1864,36,1864,0,62.13333333333236,21.02379604162864,97.082439194738,11.0,21.02379604162864,25.079872407968907,29.017236257093817,25.019992006393608,78.05767098754612,57.0350769263968,46.5,43.0,47.0,20.0,33.0,10.0,9.0,15.033296378372908,15.0,15.0,51.0,46.0,43.04648650006177,263.04752422328556,261.0689564080724,248.0987706539474,230.21728866442677
1865,36,1865,0,62.16666666666569,23.08679276123039,97.082439194738,10.0,23.0,25.079872407968907,29.0,24.08318915758459,80.09993757800315,57.14017850864661,45.5,43.0,47.0,21.0,35.0,10.0,10.0,15.132745950421556,15.0,15.0,51.0,46.0,44.04543109109048,261.0689564080724,262.0686932847951,249.07227866625382,231.10603626906848
1866,36,1866,0,62.19999999999902,23.08679276123039,97.12878049270464,10.0,23.0,27.073972741361768,30.01666203960727,24.08318915758459,80.09993757800315,57.14017850864661,45.5,43.0,48.0,21.5,34.5,9.5,10.5,15.132745950421556,16.0,15.5,51.0,46.0,43.04648650006177,263.04752422328556,260.0480724789169,247.05060210410335,228.1074308302998
1867,36,1867,0,62.233333333332354,9.055385138137417,97.12878049270464,11.045361017187261,21.02379604162864,26.076809620810597,28.0178514522438,23.08679276123039,64.19501538281614,43.18564576337837,38.5,38.0,43.0,17.5,23.5,0.5,6.5,15.132745950421556,15.0,15.5,50.0,45.0,41.012193308819754,261.15512631384433,261.19150062741323,250.1619475459847,232.2154172315008
1868,36,1868,0,62.266666666665685,9.055385138137417,97.12878049270464,12.041594578792296,21.02379604162864,26.076809620810597,29.017236257093817,22.20360331117452,64.28063471995279,43.289721643826724,38.5,38.0,43.0,18.5,23.5,0.5,6.5,16.0312195418814,16.0,15.5,51.0,46.0,41.012193308819754,261.1225765804252,261.1225765804252,249.09837414162303,231.17525819170183
1869,36,1869,0,62.29999999999902,14.142135623730951,96.13012014972206,10.0,22.0,26.076809620810597,29.017236257093817,23.08679276123039,69.1158447825099,47.16990566028302,40.0,39.0,44.0,18.5,27.5,3.5,8.5,14.035668847618199,15.0,15.0,51.0,46.0,41.012193308819754,263.0684321616716,262.0686932847951,249.07227866625382,231.10603626906848
1870,36,1870,0,62.33333333333235,22.090722034374522,98.12746812182611,9.0,22.02271554554524,27.073972741361768,30.01666203960727,24.186773244895647,77.23341245859851,55.226805085936306,44.0,40.0,45.0,18.5,34.5,10.5,8.5,8.0,9.219544457292887,9.0,53.0,48.0,45.044422518220834,262.15453457836657,260.155722597063,248.16325271885037,231.21634890292685
1871,36,1871,0,62.36666666666568,23.021728866442675,98.2496819333274,10.04987562112089,25.019992006393608,27.073972741361768,31.016124838541646,24.186773244895647,82.21921916437786,57.21887800367987,45.5,40.0,47.0,19.5,38.5,11.5,9.5,6.0,7.280109889280518,7.0,52.0,47.0,43.04648650006177,261.19150062741323,259.23348549136165,247.24481794367298,230.31283073246266
1872,36,1872,0,62.39999999999901,24.08318915758459,99.18165152889924,10.04987562112089,25.019992006393608,27.16615541441225,30.01666203960727,24.186773244895647,83.2946576918352,58.309518948453004,46.0,40.0,46.0,19.0,40.0,13.0,8.0,7.0,7.0710678118654755,6.5,54.0,48.0,45.044422518220834,263.1900454044567,260.2325882744127,247.24481794367298,231.3114783144148
1873,36,1873,0,62.43333333333234,27.073972741361768,99.18165152889924,10.04987562112089,24.020824298928627,28.071337695236398,31.064449134018133,23.194827009486403,84.29116205154607,60.29925372672534,46.5,39.0,45.0,19.0,42.0,15.0,9.0,6.082762530298219,6.324555320336759,6.0,53.0,47.0,44.04543109109048,262.23081436017395,260.27677575995904,246.2925090212855,231.42385356743154
1874,36,1874,0,62.46666666666568,27.073972741361768,99.12618221237011,10.04987562112089,24.020824298928627,28.071337695236398,32.0,23.194827009486403,84.29116205154607,60.29925372672534,46.5,40.0,45.0,19.5,41.5,15.5,9.5,8.0,8.06225774829855,7.5,53.0,47.0,43.04648650006177,263.1539473388153,261.15512631384433,247.12952069714376,230.17601960239037
1875,36,1875,0,62.499999999999005,25.079872407968907,99.12618221237011,9.055385138137417,24.020824298928627,28.071337695236398,32.0624390837628,24.186773244895647,82.29823813423954,58.309518948453004,45.5,39.0,44.0,17.5,40.5,14.5,8.5,8.06225774829855,8.0,8.5,52.0,46.0,42.04759208325728,264.18932605235966,261.19150062741323,248.20153101864622,231.26175645791503
1876,36,1876,0,62.53333333333234,26.076809620810597,100.17983829094555,10.04987562112089,23.021728866442675,28.071337695236398,32.01562118716424,23.08679276123039,82.21921916437786,59.21148537234985,46.0,40.0,46.0,20.0,39.0,13.0,10.0,9.055385138137417,9.055385138137417,9.0,53.0,46.0,44.04543109109048,263.1900454044567,262.23081436017395,249.20072231034965,232.26062946612367
1877,36,1877,0,62.56666666666567,24.08318915758459,99.12618221237011,9.055385138137417,23.021728866442675,27.073972741361768,31.016124838541646,23.194827009486403,79.30952023559341,56.32051136131489,44.0,39.0,44.0,18.5,37.5,12.5,8.5,8.0,8.246211251235321,8.0,54.0,48.0,43.01162633521314,261.15512631384433,260.1922366251537,248.16325271885037,231.21634890292685
1878,36,1878,0,62.599999999999,20.024984394500787,100.12492197250393,10.04987562112089,21.02379604162864,28.071337695236398,31.016124838541646,23.194827009486403,74.24284477308234,53.23532661682466,43.0,38.0,43.0,17.5,33.5,10.5,7.5,9.055385138137417,9.055385138137417,9.0,53.0,47.0,41.10960958218893,259.12352266824405,258.15692901799093,246.0995733437992,231.17525819170183
1879,36,1879,0,62.63333333333233,15.132745950421556,99.18165152889924,10.04987562112089,19.026297590440446,27.16615541441225,29.154759474226502,22.090722034374522,66.27216610312357,47.265209192385896,39.5,36.0,42.0,17.0,27.0,5.0,6.0,11.045361017187261,10.04987562112089,10.0,54.0,48.0,41.048751503547585,258.1937257177254,258.1937257177254,248.20153101864622,232.31013753170566
1880,36,1880,0,62.66666666666566,9.219544457292887,99.12618221237011,11.045361017187261,19.026297590440446,26.076809620810597,28.071337695236398,23.08679276123039,62.289646009589745,43.289721643826724,38.5,36.0,41.0,15.5,23.5,1.5,4.5,10.04987562112089,10.04987562112089,10.0,54.0,47.0,42.04759208325728,258.37956575549856,258.37956575549856,248.29015284541592,232.31013753170566
1881,36,1881,0,62.699999999998994,6.082762530298219,98.12746812182611,12.041594578792296,20.09975124224178,26.076809620810597,29.068883707497267,23.08679276123039,61.29437168288782,41.19465984809196,38.0,36.0,41.0,15.5,22.5,0.5,3.5,6.0,7.280109889280518,7.0,53.0,46.0,43.04648650006177,260.3247971285102,259.2778432492835,248.2438317461282,233.30880823492285
1882,36,1882,0,62.733333333332325,11.180339887498949,98.12746812182611,11.045361017187261,21.02379604162864,26.076809620810597,29.068883707497267,23.08679276123039,66.27216610312357,45.27692569068709,39.5,37.0,42.0,16.5,26.5,3.5,5.5,6.082762530298219,6.082762530298219,6.0,53.0,46.0,44.01136216933077,261.23169792351007,261.27571643763605,249.1625975141534,231.21634890292685
1883,36,1883,0,62.76666666666566,23.08679276123039,95.1892851112981,10.0,23.08679276123039,26.076809620810597,29.017236257093817,23.194827009486403,79.30952023559341,56.22277118748239,44.5,39.0,45.0,19.0,37.0,12.0,9.0,8.06225774829855,8.06225774829855,8.0,53.0,45.0,44.04543109109048,264.2290672882149,261.23169792351007,248.20153101864622,230.2628932329306
1884,36,1884,0,62.79999999999899,31.064449134018133,97.12878049270464,10.04987562112089,24.020824298928627,28.071337695236398,32.01562118716424,23.194827009486403,88.2779700718135,64.28063471995279,48.5,42.0,47.0,21.5,43.5,17.5,11.5,10.04987562112089,10.04987562112089,10.0,54.0,46.0,43.04648650006177,263.2736219221364,261.27571643763605,248.29015284541592,229.36869882353173
1885,36,1885,0,62.83333333333232,30.066592756745816,98.18350166906862,9.055385138137417,23.021728866442675,28.071337695236398,32.01562118716424,24.186773244895647,86.28441342444185,63.28506932918696,48.0,41.0,47.0,20.0,42.0,16.0,11.0,11.045361017187261,10.04987562112089,10.5,53.0,45.0,45.044422518220834,263.2736219221364,261.3235542388018,247.34186867572583,229.42754847663784
1886,36,1886,0,62.86666666666565,30.066592756745816,98.2496819333274,9.055385138137417,24.020824298928627,29.068883707497267,32.0624390837628,23.08679276123039,86.20904824900923,62.20128616033595,47.0,39.0,46.0,19.5,43.5,17.5,9.5,12.041594578792296,12.041594578792296,12.0,55.0,46.0,44.04543109109048,264.27258654654287,261.3235542388018,247.34186867572583,229.42754847663784
1887,36,1887,0,62.89999999999898,28.071337695236398,99.12618221237011,10.0,24.08318915758459,27.073972741361768,31.016124838541646,23.194827009486403,85.28774824088158,61.204574992397426,47.0,40.0,45.0,19.5,42.5,16.5,8.5,13.152946437965905,12.0,12.0,55.0,46.0,44.10215414239989,264.31988196123274,261.27571643763605,248.29015284541592,230.4256930118688
1888,36,1888,0,62.93333333333232,26.076809620810597,98.12746812182611,9.055385138137417,24.020824298928627,28.071337695236398,32.0624390837628,23.194827009486403,82.29823813423954,58.309518948453004,45.0,39.0,44.0,18.5,40.5,13.5,9.5,13.152946437965905,13.0,13.0,53.0,45.0,43.104524124504614,265.228203628498,262.2746651889961,248.2438317461282,230.31283073246266
1889,36,1889,0,62.966666666665645,25.079872407968907,99.18165152889924,9.055385138137417,24.020824298928627,29.068883707497267,32.01562118716424,23.194827009486403,81.30190649671138,57.3149195236284,44.5,39.0,45.0,19.0,39.0,12.0,10.0,13.038404810405298,14.0,14.0,54.0,46.0,43.04648650006177,264.31988196123274,262.37377917772193,249.39326374222702,230.4886114323222
1890,36,1890,0,62.99999999999898,25.079872407968907,100.12492197250393,9.055385138137417,24.020824298928627,28.071337695236398,32.01562118716424,23.08679276123039,81.2219182240853,57.21887800367987,44.5,39.0,44.0,18.5,39.5,12.5,9.5,13.152946437965905,14.0,14.0,54.0,46.0,44.04543109109048,264.27258654654287,262.32232081925474,248.29015284541592,230.4256930118688
1891,36,1891,0,63.03333333333231,24.020824298928627,100.17983829094555,9.055385138137417,24.08318915758459,29.068883707497267,32.0624390837628,24.186773244895647,81.30190649671138,57.21887800367987,45.0,38.0,44.0,17.0,40.0,13.0,8.0,13.152946437965905,13.0,13.0,54.0,46.0,43.104524124504614,265.228203628498,263.2736219221364,249.33912649241395,230.3670983452281
1892,36,1892,0,63.06666666666564,22.090722034374522,100.17983829094555,9.0,25.019992006393608,29.068883707497267,32.0624390837628,24.186773244895647,80.22468448052632,55.226805085936306,44.0,38.0,44.0,17.0,39.0,12.0,8.0,13.152946437965905,14.0,13.5,53.0,45.0,42.04759208325728,263.2736219221364,262.2746651889961,249.28898892650673,231.36551169091732
1893,36,1893,0,63.09999999999897,19.1049731745428,102.12247548899312,10.0,24.020824298928627,29.068883707497267,32.01562118716424,23.194827009486403,76.23647421018367,52.23983154643591,42.5,37.0,42.0,16.5,36.5,10.5,6.5,13.038404810405298,14.0,14.0,54.0,46.0,44.04543109109048,263.32109676210905,262.32232081925474,249.28898892650673,231.36551169091732
1894,36,1894,0,63.1333333333323,17.11724276862369,102.17631819555841,9.055385138137417,24.020824298928627,29.068883707497267,32.01562118716424,23.08679276123039,73.24616030891995,49.25444142409901,40.5,35.0,41.0,15.0,35.0,9.0,6.0,14.142135623730951,14.0,14.5,53.0,45.0,43.104524124504614,264.27258654654287,263.1900454044567,250.19992006393608,233.25951213187426
1895,36,1895,0,63.166666666665634,17.11724276862369,103.12128781197411,9.055385138137417,22.02271554554524,29.068883707497267,32.0624390837628,23.08679276123039,71.25307010929424,49.25444142409901,40.5,34.0,39.0,13.5,34.5,9.5,4.5,14.142135623730951,14.0,14.0,52.0,44.0,43.104524124504614,263.2299375071156,262.23081436017395,250.19992006393608,234.2584043316269
1896,36,1896,0,63.199999999998965,17.11724276862369,102.17631819555841,9.0,22.090722034374522,29.068883707497267,32.0624390837628,23.08679276123039,71.25307010929424,49.16299421312742,40.5,33.0,39.0,13.0,35.0,10.0,4.0,14.142135623730951,14.035668847618199,14.0,52.0,44.0,43.104524124504614,263.32109676210905,262.32232081925474,249.28898892650673,234.30749027719963
1897,36,1897,0,63.2333333333323,16.1245154965971,102.23991392797629,9.055385138137417,23.021728866442675,29.068883707497267,32.0624390837628,23.08679276123039,71.25307010929424,48.25971404805462,40.0,33.0,40.0,13.5,34.5,9.5,4.5,15.033296378372908,15.0,14.5,52.0,44.0,43.04648650006177,264.2290672882149,263.1900454044567,250.19992006393608,234.21357774475842
1898,36,1898,0,63.26666666666563,18.110770276274835,101.24228365658294,10.04987562112089,23.021728866442675,28.071337695236398,31.064449134018133,23.08679276123039,74.24284477308234,51.24451190127583,42.0,35.0,42.0,15.5,35.5,9.5,5.5,14.142135623730951,14.0,14.0,52.0,44.0,43.04648650006177,263.2299375071156,262.23081436017395,249.24285345822858,233.36237914453991
1899,36,1899,0,63.29999999999896,18.110770276274835,102.12247548899312,9.055385138137417,24.020824298928627,28.071337695236398,32.0624390837628,24.08318915758459,75.23961722390672,51.24451190127583,42.0,37.0,42.0,15.5,35.5,9.5,6.5,15.132745950421556,14.035668847618199,14.0,53.0,45.0,43.04648650006177,263.2299375071156,262.23081436017395,250.2418829852429,232.26062946612367
1900,36,1900,0,63.33333333333229,20.09975124224178,101.1236866416568,9.055385138137417,24.020824298928627,27.073972741361768,32.01562118716424,24.186773244895647,77.31752712031083,53.33854141237835,43.0,37.0,42.0,15.5,37.5,10.5,6.5,15.132745950421556,15.0,14.5,52.0,44.0,41.048751503547585,262.23081436017395,261.27571643763605,249.24285345822858,232.31013753170566
1901,36,1901,0,63.36666666666562,18.110770276274835,101.07917688624102,9.055385138137417,24.020824298928627,28.071337695236398,31.0,24.020824298928627,75.16648189186454,51.15662224971465,42.0,37.0,41.0,15.0,36.0,10.0,6.0,15.132745950421556,15.033296378372908,14.5,52.0,45.0,43.104524124504614,263.1216448717209,262.15453457836657,250.12796724876648,232.17450333746814
1902,36,1902,0,63.39999999999896,15.132745950421556,100.12492197250393,9.055385138137417,22.02271554554524,27.073972741361768,30.01666203960727,24.020824298928627,70.178344238091,48.16637831516918,40.5,34.0,39.0,12.5,33.5,8.5,3.5,15.132745950421556,14.0,14.5,51.0,45.0,42.04759208325728,262.0686932847951,261.0689564080724,250.09798079952586,233.173754955398
1903,36,1903,0,63.433333333332286,13.152946437965905,100.12492197250393,9.055385138137417,21.02379604162864,28.071337695236398,30.01666203960727,24.020824298928627,67.1863081289633,46.17358552246078,39.5,33.0,38.0,11.5,31.5,7.5,2.5,15.132745950421556,15.033296378372908,15.0,51.0,45.0,42.01190307520001,263.0684321616716,263.0684321616716,251.04979585731593,233.0772404161333
1904,36,1904,0,63.46666666666562,12.165525060596439,98.04590761474952,10.0,21.02379604162864,26.076809620810597,29.0,23.08679276123039,66.18912297349165,45.17742799230607,39.0,34.0,37.0,12.5,30.5,7.5,2.5,16.1245154965971,15.0,15.0,52.0,46.0,42.04759208325728,263.0684321616716,262.0686932847951,251.07170290576354,233.0772404161333
1905,36,1905,0,63.49999999999895,14.317821063276353,98.12746812182611,9.0,22.0,28.071337695236398,30.01666203960727,23.08679276123039,68.18357573492314,46.2709412050371,39.0,33.0,38.0,12.5,32.5,7.5,3.5,15.132745950421556,14.035668847618199,14.5,51.0,46.0,42.04759208325728,262.0686932847951,262.0477055804916,249.07227866625382,233.10512649875378
1906,36,1906,0,63.53333333333228,15.033296378372908,99.12618221237011,10.04987562112089,21.02379604162864,27.073972741361768,30.01666203960727,23.021728866442675,69.1158447825099,48.093658625644196,40.5,34.0,39.0,13.5,32.5,8.5,3.5,15.132745950421556,15.0,15.5,51.0,45.0,44.04543109109048,262.1221089492453,261.1225765804252,248.12899870833317,232.17450333746814
1907,36,1907,0,63.56666666666561,16.1245154965971,99.12618221237011,9.055385138137417,21.02379604162864,27.073972741361768,30.0,23.021728866442675,69.18092222571191,48.16637831516918,40.0,34.0,39.0,13.5,32.5,8.5,4.5,16.1245154965971,15.0,15.5,52.0,46.0,43.04648650006177,262.0934947685654,262.0934947685654,250.0719896349849,233.0772404161333
1908,36,1908,0,63.59999999999894,16.1245154965971,99.08077512817509,9.0,21.0,27.073972741361768,30.01666203960727,23.08679276123039,69.1158447825099,48.16637831516918,40.0,33.0,37.0,12.0,34.0,11.0,3.0,15.132745950421556,15.0,15.5,51.0,46.0,43.04648650006177,262.0686932847951,262.0686932847951,249.07227866625382,232.1055794245369
1909,36,1909,0,63.633333333332274,15.132745950421556,99.08077512817509,9.0,22.0,27.018512172212592,31.016124838541646,24.08318915758459,70.11419257183242,48.16637831516918,40.5,35.0,39.0,13.0,33.0,9.0,5.0,16.1245154965971,15.033296378372908,15.5,52.0,47.0,44.04543109109048,262.0477055804916,262.0477055804916,249.0501957437496,233.0772404161333
1910,36,1910,0,63.666666666665606,15.132745950421556,99.08077512817509,9.0,22.0,27.073972741361768,31.016124838541646,24.08318915758459,70.11419257183242,48.16637831516918,40.5,35.0,39.0,13.0,33.0,9.0,4.0,16.1245154965971,15.0,15.5,51.0,47.0,42.01190307520001,262.03053257206494,261.04788832702707,248.05039810490126,231.07790893982056
1911,36,1911,0,63.69999999999894,17.11724276862369,99.02019995940222,8.0,22.0,27.018512172212592,31.0,24.08318915758459,71.11258679024411,49.16299421312742,40.5,36.0,38.0,13.0,34.0,10.0,5.0,15.132745950421556,15.033296378372908,15.0,50.0,47.0,42.04759208325728,262.0686932847951,261.04788832702707,248.03225596683993,231.05410621756974
1912,36,1912,0,63.73333333333227,15.132745950421556,98.04590761474952,10.0,22.0,27.018512172212592,30.01666203960727,23.08679276123039,70.11419257183242,48.16637831516918,40.5,36.0,39.0,14.5,32.5,8.5,5.5,15.132745950421556,14.035668847618199,14.5,50.0,47.0,42.01190307520001,261.01724080987447,260.0307674103201,247.01821795163207,231.07790893982056
1913,36,1913,0,63.7666666666656,14.142135623730951,98.02040603874276,9.0,21.0,27.073972741361768,29.0,24.08318915758459,68.11754546370561,47.16990566028302,40.0,37.0,39.0,14.0,30.0,7.0,5.0,16.0312195418814,15.0,15.5,49.0,47.0,42.01190307520001,261.00766272276377,260.0076921939041,247.00809703327542,231.01947969814148
1914,36,1914,0,63.79999999999893,12.041594578792296,98.02040603874276,10.04987562112089,20.024984394500787,26.076809620810597,28.0178514522438,24.020824298928627,66.12110101926616,46.09772228646444,40.0,36.0,38.0,13.0,29.0,7.0,3.0,15.033296378372908,15.0,15.0,48.0,46.0,42.01190307520001,261.0019157017818,261.01724080987447,249.0180716333656,232.0538730553748
1915,36,1915,0,63.83333333333226,10.198039027185569,98.02040603874276,10.0,20.0,26.076809620810597,29.0,25.079872407968907,65.12296062065974,45.17742799230607,40.0,36.0,38.0,12.0,28.0,6.0,2.0,16.1245154965971,15.033296378372908,15.0,49.0,47.0,44.0,262.0019083899963,261.0019157017818,247.00809703327542,230.0195643852931
1916,36,1916,0,63.8666666666656,13.152946437965905,97.0051545022222,10.0,20.0,26.076809620810597,29.0,24.08318915758459,67.11929677819934,47.16990566028302,40.5,37.0,38.0,13.5,29.5,6.5,3.5,16.1245154965971,14.035668847618199,15.0,49.0,48.0,42.01190307520001,260.00192306981114,260.0076921939041,248.0080643850115,230.0195643852931
1917,36,1917,0,63.899999999998926,18.027756377319946,97.04638066409278,10.0,21.02379604162864,25.079872407968907,29.0,24.08318915758459,73.10950690573696,52.08646657242167,43.0,37.0,40.0,14.5,34.5,10.5,4.5,16.1245154965971,15.033296378372908,15.5,49.0,48.0,43.0,262.01717500957835,261.03064954139006,247.05060210410335,229.10696191953662
1918,36,1918,0,63.93333333333226,22.02271554554524,98.04590761474952,9.055385138137417,21.02379604162864,26.019223662515376,29.017236257093817,24.020824298928627,76.10519036176179,55.08175741568164,44.0,39.0,42.0,16.5,35.5,12.5,7.5,15.033296378372908,15.0,15.0,50.0,48.0,42.01190307520001,263.00760445279906,260.0480724789169,247.07286374670934,229.17678765529462
1919,36,1919,0,63.96666666666559,21.095023109728988,97.04638066409278,9.0,22.02271554554524,26.076809620810597,30.0,23.021728866442675,75.1065909225016,53.08483775994799,42.5,37.0,40.0,15.5,36.5,12.5,6.5,15.132745950421556,15.0,15.0,49.0,47.0,43.0,262.00763347658403,260.0173071162764,247.0323865407125,228.0350850198276
1920,36,1920,0,63.99999999999892,21.02379604162864,97.04638066409278,9.055385138137417,23.021728866442675,26.076809620810597,29.017236257093817,22.0,75.05997601918082,52.03844732503075,41.5,37.0,40.0,16.5,36.5,11.5,7.5,15.033296378372908,14.0,14.5,50.0,49.0,43.0,262.01717500957835,261.03064954139006,247.09917037497314,229.17678765529462
1921,36,1921,0,64.03333333333225,18.0,96.04686356149273,8.06225774829855,22.02271554554524,25.019992006393608,28.0178514522438,24.020824298928627,72.06247289678588,50.039984012787215,41.0,38.0,41.0,15.5,32.5,8.5,7.5,14.142135623730951,14.035668847618199,14.5,50.0,48.0,43.01162633521314,262.0019083899963,261.00766272276377,248.03225596683993,230.07824755939012
1922,36,1922,0,64.06666666666558,17.029386365926403,97.082439194738,9.0,21.02379604162864,26.076809620810597,29.017236257093817,23.021728866442675,70.06425622241343,49.040799340956916,40.5,35.0,39.0,14.0,33.0,9.0,5.0,15.132745950421556,14.035668847618199,14.5,50.0,47.0,43.01162633521314,262.0019083899963,261.00766272276377,248.0181444975347,231.03462943896528
1923,36,1923,0,64.09999999999891,18.027756377319946,97.12878049270464,8.0,20.024984394500787,25.079872407968907,28.0178514522438,23.0,69.02897942168927,49.01020301937138,40.0,35.0,40.0,14.5,31.5,8.5,6.5,15.132745950421556,15.033296378372908,15.5,50.0,47.0,42.01190307520001,263.0019011338131,261.00766272276377,248.0020161208372,231.00865784641059
1924,36,1924,0,64.13333333333225,16.0312195418814,96.13012014972206,8.0,22.0,25.079872407968907,28.071337695236398,23.0,69.00724599634447,47.01063709417264,39.0,35.0,40.0,14.5,31.5,7.5,6.5,14.142135623730951,14.035668847618199,14.5,49.0,47.0,42.0,261.0019157017818,260.00192306981114,248.0020161208372,231.00865784641059
1925,36,1925,0,64.16666666666558,10.04987562112089,95.08417323613851,10.0,21.02379604162864,24.08318915758459,27.018512172212592,25.0,66.03029607687671,45.0111097397076,40.0,37.0,41.0,14.0,27.0,4.0,4.0,15.132745950421556,14.035668847618199,14.5,48.0,46.0,44.01136216933077,260.00192306981114,260.0173071162764,249.0321264415497,232.0538730553748
1926,36,1926,0,64.19999999999891,2.23606797749979,93.08598175880189,12.0,21.0,22.02271554554524,26.076809620810597,29.017236257093817,64.03124237432849,43.04648650006177,42.0,36.0,40.0,9.0,26.0,2.0,2.0,15.132745950421556,14.0,14.5,48.0,47.0,44.01136216933077,259.0,260.0076921939041,248.0181444975347,230.0347799790284
1927,36,1927,0,64.23333333333224,1.4142135623730951,93.08598175880189,13.0,21.0,22.090722034374522,25.019992006393608,29.0,64.00781202322104,43.01162633521314,42.5,37.0,41.0,10.0,25.0,1.0,2.0,15.132745950421556,14.0,14.5,49.0,48.0,44.01136216933077,258.00193797721755,259.0019304947359,248.0080643850115,230.0195643852931
1928,36,1928,0,64.26666666666557,5.0990195135927845,94.08506789071261,13.0,23.0,25.019992006393608,27.073972741361768,27.0,68.00735254367721,45.0111097397076,42.5,38.0,42.0,13.0,28.0,2.0,1.0,16.1245154965971,15.033296378372908,15.0,48.0,47.0,43.01162633521314,259.0077218926108,259.01737393464555,247.05060210410335,229.10696191953662
1929,36,1929,0,64.2999999999989,14.035668847618199,92.0869154657707,10.0,22.02271554554524,25.019992006393608,27.073972741361768,24.0,70.02856560004639,48.010415536631214,41.0,39.0,43.0,17.0,29.0,4.0,8.0,16.1245154965971,15.0,15.5,49.0,48.0,43.01162633521314,260.00192306981114,259.0077218926108,246.01829200285087,228.0548179714693
1930,36,1930,0,64.33333333333223,15.033296378372908,91.08786966440702,11.0,23.021728866442675,25.079872407968907,28.0178514522438,21.02379604162864,70.06425622241343,47.042533945356304,39.5,39.0,43.0,20.0,29.0,3.0,9.0,16.1245154965971,16.0312195418814,16.5,50.0,49.0,41.048751503547585,261.0019157017818,261.00766272276377,248.0080643850115,229.0349318335524
1931,36,1931,0,64.36666666666557,16.0312195418814,91.08786966440702,10.0,23.021728866442675,25.079872407968907,28.0178514522438,21.02379604162864,70.06425622241343,47.042533945356304,39.0,39.0,43.0,20.0,29.0,3.0,10.0,15.132745950421556,15.033296378372908,15.0,49.0,48.0,42.01190307520001,261.0019157017818,260.0,248.0020161208372,228.00877176108818
1932,36,1932,0,64.3999999999989,13.038404810405298,91.08786966440702,11.0,24.020824298928627,26.019223662515376,29.068883707497267,22.02271554554524,70.06425622241343,46.04345773288535,39.5,40.0,44.0,20.0,28.0,1.0,10.0,16.1245154965971,15.033296378372908,15.5,49.0,48.0,40.049968789001575,261.0019157017818,260.00192306981114,248.0080643850115,228.01973598791838
1933,36,1933,0,64.43333333333223,14.035668847618199,92.0869154657707,11.0,23.021728866442675,25.079872407968907,27.018512172212592,21.02379604162864,69.06518659932803,46.04345773288535,39.0,38.0,42.0,19.0,29.0,3.0,8.0,16.0312195418814,15.033296378372908,15.5,49.0,48.0,40.049968789001575,262.0,260.00192306981114,246.0081299469593,228.0350850198276
1934,36,1934,0,64.46666666666556,13.038404810405298,92.0869154657707,11.0,24.020824298928627,25.079872407968907,28.0178514522438,21.02379604162864,69.06518659932803,45.044422518220834,38.5,38.0,42.0,19.0,29.0,3.0,8.0,16.1245154965971,15.033296378372908,15.5,50.0,48.0,42.04759208325728,262.0019083899963,259.0,246.00203251192866,228.0350850198276
1935,36,1935,0,64.49999999999889,43.01162633521314,102.12247548899312,10.04987562112089,23.021728866442675,31.016124838541646,35.014282800023196,22.02271554554524,98.08159868191383,75.05997601918082,53.5,46.0,51.0,26.5,49.5,23.5,16.5,14.142135623730951,14.0,14.0,52.0,45.0,43.04648650006177,270.1851217221259,268.1193763979023,253.12645061312736,236.10379073619296
1936,36,1936,0,64.53333333333222,43.04648650006177,102.12247548899312,10.0,23.021728866442675,31.016124838541646,35.014282800023196,23.08679276123039,99.12618221237011,76.10519036176179,54.5,47.0,52.0,26.5,49.5,23.5,16.5,14.142135623730951,13.0,13.5,52.0,45.0,43.104524124504614,270.1851217221259,268.1510768205118,254.12595302329905,236.13555429032706
1937,36,1937,0,64.56666666666555,40.049968789001575,104.12012293500234,11.0,23.021728866442675,31.064449134018133,35.014282800023196,22.090722034374522,96.13012014972206,73.10950690573696,53.0,45.0,50.0,25.5,48.5,22.5,14.5,13.152946437965905,14.0,14.5,50.0,44.0,44.10215414239989,269.2248131209306,267.22649569232465,253.16002844051033,236.17154782064668
1938,36,1938,0,64.59999999999889,29.017236257093817,105.07616285342742,11.045361017187261,24.020824298928627,30.01666203960727,34.0,22.02271554554524,86.09297300012354,62.07253821135398,47.5,41.0,45.0,21.0,43.0,16.0,10.0,13.152946437965905,13.038404810405298,13.5,51.0,46.0,44.10215414239989,269.1858094328154,267.15164233071823,255.12545933324648,238.1344158243407
1939,36,1939,0,64.63333333333222,29.068883707497267,104.0768946500615,11.045361017187261,24.020824298928627,31.064449134018133,35.0,22.02271554554524,86.14522621712709,62.12889826803627,47.5,42.0,46.0,22.0,42.0,15.0,11.0,14.142135623730951,13.038404810405298,13.5,51.0,45.0,45.09988913511872,268.1193763979023,267.15164233071823,254.09643838511394,237.10335299189677
1940,36,1940,0,64.66666666666555,29.068883707497267,104.04326023342406,11.045361017187261,23.0,30.01666203960727,34.0,21.095023109728988,84.1486779456457,61.204574992397426,46.5,43.0,46.0,23.5,39.5,14.5,12.5,14.035668847618199,14.035668847618199,14.0,50.0,45.0,44.04543109109048,270.1184925176357,267.09174453734056,254.03149411047443,237.05273674859777
1941,36,1941,0,64.69999999999888,29.017236257093817,103.07764064044152,11.045361017187261,24.020824298928627,30.066592756745816,34.0147027033899,22.090722034374522,86.14522621712709,62.12889826803627,47.5,44.0,48.0,24.0,40.0,14.0,13.0,13.038404810405298,14.035668847618199,13.5,50.0,46.0,43.01162633521314,269.1189328159578,268.04663773306316,255.00784301664135,239.0083680543424
1942,36,1942,0,64.73333333333221,25.079872407968907,103.12128781197411,11.0,22.0,30.01666203960727,32.0,21.095023109728988,79.1012010022604,57.14017850864661,44.5,41.0,46.0,22.5,35.5,10.5,11.5,14.0,14.0,14.5,50.0,46.0,45.0111097397076,269.09106265351886,268.06715576511795,255.00784301664135,238.00840321299583
1943,36,1943,0,64.76666666666554,13.152946437965905,102.07840124139877,12.0,23.0,29.017236257093817,33.015148038438355,22.20360331117452,70.178344238091,47.265209192385896,40.5,40.0,44.0,20.0,28.0,3.0,9.0,14.035668847618199,14.0,14.0,48.0,43.0,45.0111097397076,269.1189328159578,268.09140232390894,256.0488234692751,240.05207768315609
1944,36,1944,0,64.79999999999887,11.045361017187261,103.07764064044152,12.041594578792296,22.0,29.017236257093817,32.01562118716424,22.02271554554524,67.06713054842886,45.09988913511872,39.5,38.0,42.0,18.0,27.0,3.0,6.0,14.035668847618199,14.035668847618199,14.0,48.0,44.0,44.01136216933077,269.1189328159578,268.09140232390894,256.0488234692751,241.05186163977245
1945,36,1945,0,64.8333333333322,11.180339887498949,105.04284840006957,13.0,22.0,30.01666203960727,32.0,21.095023109728988,67.11929677819934,45.17742799230607,39.5,39.0,42.0,19.5,26.5,2.5,6.5,15.033296378372908,15.0,14.5,47.0,43.0,43.0,269.09106265351886,268.06715576511795,257.0175091311874,242.00826432169626
1946,36,1946,0,64.86666666666554,15.132745950421556,104.01922899156675,12.0,22.0,30.01666203960727,33.015148038438355,21.095023109728988,70.11419257183242,48.16637831516918,40.5,39.0,41.0,19.0,30.0,6.0,7.0,14.035668847618199,15.033296378372908,15.0,47.0,43.0,43.0,268.09140232390894,267.0468123756582,256.0175775215444,241.0186714758838
1947,36,1947,0,64.89999999999887,18.110770276274835,105.04284840006957,12.0,23.0,31.016124838541646,33.015148038438355,21.213203435596427,74.16872656315464,51.24451190127583,42.0,39.0,42.0,19.5,33.5,8.5,7.5,14.035668847618199,15.0,14.5,48.0,44.0,43.0,269.09106265351886,266.0676605677586,255.03137061938085,241.0186714758838
1948,36,1948,0,64.9333333333322,25.079872407968907,103.07764064044152,11.0,24.020824298928627,30.01666203960727,34.058772731852805,22.20360331117452,82.21921916437786,58.215118311311535,45.5,42.0,46.0,22.0,38.0,12.0,11.0,14.0,15.033296378372908,14.5,48.0,45.0,43.0,268.06715576511795,267.0468123756582,254.04920783186867,238.05251521460553
1949,36,1949,0,64.96666666666553,30.01666203960727,105.04284840006957,10.0,23.0,30.01666203960727,34.0147027033899,22.20360331117452,85.09406559801923,62.12889826803627,47.0,43.0,46.0,22.5,40.5,14.5,12.5,14.035668847618199,15.0,14.5,48.0,44.0,43.01162633521314,268.1193763979023,267.0674072214728,255.03137061938085,239.0334704596827
1950,36,1950,0,64.99999999999886,28.071337695236398,104.0768946500615,11.0,24.0,29.017236257093817,34.0147027033899,21.095023109728988,84.09518416651456,60.13318551349163,46.0,42.0,46.0,23.0,40.0,14.0,12.0,15.033296378372908,15.033296378372908,15.0,48.0,44.0,43.0,268.1510768205118,266.092089322475,254.04920783186867,238.03361107205006
1951,36,1951,0,65.0333333333322,29.068883707497267,104.04326023342406,10.0,24.0,30.01666203960727,33.015148038438355,21.213203435596427,84.1486779456457,60.207972893961475,45.5,42.0,45.0,22.5,40.5,14.5,12.5,14.0,15.0,15.0,47.0,44.0,43.01162633521314,268.1193763979023,266.092089322475,254.07085625864295,238.0756182392477
1952,36,1952,0,65.06666666666553,29.017236257093817,105.07616285342742,10.0,24.0,30.066592756745816,34.0147027033899,20.223748416156685,83.09632964216891,59.135437767890075,44.5,41.0,45.0,23.0,40.0,14.0,12.0,14.035668847618199,15.033296378372908,15.0,48.0,44.0,44.0,268.1193763979023,267.09174453734056,254.04920783186867,237.03375287076733
1953,36,1953,0,65.09999999999886,28.0178514522438,104.0768946500615,10.0,24.020824298928627,29.017236257093817,33.015148038438355,21.213203435596427,83.15046602394962,59.135437767890075,45.0,41.0,45.0,22.0,40.0,14.0,12.0,15.0,15.0,15.0,48.0,44.0,43.01162633521314,268.09140232390894,266.0676605677586,252.03174403237384,237.01898658124415
1954,36,1954,0,65.13333333333219,22.090722034374522,105.04284840006957,10.0,22.0,29.068883707497267,32.0624390837628,20.09975124224178,74.10802925459562,52.15361924162119,41.0,39.0,42.0,20.5,33.5,9.5,9.5,14.035668847618199,15.033296378372908,15.0,48.0,44.0,43.0,268.09140232390894,266.092089322475,253.07113624433742,237.10335299189677
1955,36,1955,0,65.16666666666552,14.035668847618199,102.07840124139877,11.045361017187261,22.0,28.0178514522438,32.01562118716424,21.095023109728988,68.11754546370561,46.17358552246078,39.0,38.0,42.0,19.0,28.0,3.0,8.0,13.038404810405298,15.0,14.5,48.0,44.0,42.0,267.09174453734056,266.0676605677586,254.04920783186867,237.05273674859777
1956,36,1956,0,65.19999999999885,13.038404810405298,103.04368005850722,11.045361017187261,23.0,28.071337695236398,31.016124838541646,21.095023109728988,68.11754546370561,45.17742799230607,38.5,39.0,42.0,19.5,27.5,2.5,8.5,14.035668847618199,15.033296378372908,15.5,47.0,43.0,42.01190307520001,267.1198233003309,264.09278672466615,251.03187048659777,236.03389587091087
1957,36,1957,0,65.23333333333218,20.09975124224178,101.07917688624102,11.0,21.0,29.068883707497267,32.0624390837628,21.095023109728988,73.10950690573696,52.15361924162119,42.0,40.0,44.0,21.0,31.0,7.0,10.0,14.035668847618199,14.0,14.0,48.0,44.0,42.0,267.09174453734056,266.0676605677586,252.04959829366916,236.07625886564705
1958,36,1958,0,65.26666666666551,33.13608305156178,102.07840124139877,10.0,23.0,29.068883707497267,33.015148038438355,20.223748416156685,86.20904824900923,63.28506932918696,46.5,43.0,47.0,25.0,41.0,16.0,14.0,14.035668847618199,15.033296378372908,15.0,49.0,45.0,43.0,269.0669061776271,267.0468123756582,253.0177859360879,236.01906702637396
1959,36,1959,0,65.29999999999885,36.013886210738214,102.07840124139877,10.0,23.0,29.068883707497267,32.01562118716424,20.223748416156685,89.08984229416954,66.12110101926616,48.0,44.0,48.0,26.0,43.0,18.0,15.0,14.035668847618199,15.033296378372908,15.0,49.0,45.0,43.01162633521314,268.1510768205118,268.09140232390894,254.07085625864295,235.07658326596462
1960,36,1960,0,65.33333333333218,29.017236257093817,103.07764064044152,10.0,25.019992006393608,27.018512172212592,31.016124838541646,23.08679276123039,87.09190547921202,62.07253821135398,47.5,44.0,48.0,23.0,41.0,14.0,13.0,15.132745950421556,15.0,15.0,48.0,43.0,44.01136216933077,268.09140232390894,266.092089322475,253.07113624433742,237.10335299189677
1961,36,1961,0,65.36666666666551,18.027756377319946,104.04326023342406,11.045361017187261,23.0,26.076809620810597,29.017236257093817,26.076809620810597,78.10249675906654,55.14526271584895,46.0,44.0,47.0,19.5,32.5,7.5,8.5,14.142135623730951,15.033296378372908,15.0,48.0,44.0,43.01162633521314,267.15164233071823,267.09174453734056,254.03149411047443,238.03361107205006
1962,36,1962,0,65.39999999999884,4.123105625617661,101.04454463255303,12.0,22.0,25.079872407968907,27.018512172212592,31.016124838541646,69.02897942168927,47.042533945356304,45.0,45.0,48.0,15.5,22.5,1.5,3.5,14.142135623730951,14.0,14.0,47.0,43.0,46.010868281309364,267.1198233003309,266.0676605677586,254.04920783186867,239.0334704596827
1963,36,1963,0,65.43333333333217,1.4142135623730951,102.04410811016969,15.0,21.0,25.019992006393608,27.018512172212592,29.017236257093817,66.03029607687671,45.044422518220834,44.5,44.0,47.0,16.5,20.5,2.5,2.5,15.132745950421556,14.0,14.5,47.0,43.0,44.01136216933077,267.1198233003309,265.06791582535976,253.04940229133123,238.01890681204299
1964,36,1964,0,65.4666666666655,1.4142135623730951,101.04454463255303,16.0312195418814,23.0,25.019992006393608,27.073972741361768,29.017236257093817,69.06518659932803,46.09772228646444,45.5,44.0,47.0,16.5,23.5,1.5,1.5,15.132745950421556,15.0,15.0,48.0,43.0,44.01136216933077,266.04698833100895,266.04698833100895,254.03149411047443,239.0188277102873
1965,36,1965,0,65.49999999999883,20.024984394500787,102.07840124139877,13.0,22.02271554554524,26.076809620810597,30.01666203960727,26.019223662515376,81.05553651663777,59.033888572581766,49.0,44.0,48.0,20.0,35.0,10.0,7.0,14.035668847618199,15.0,15.5,49.0,45.0,43.04648650006177,266.092089322475,267.09174453734056,256.0488234692751,239.0522955338434
1966,36,1966,0,65.53333333333217,27.018512172212592,105.04284840006957,12.0,23.021728866442675,30.066592756745816,33.015148038438355,25.019992006393608,87.05170877128145,64.03124237432849,50.5,45.0,48.0,21.5,40.5,15.5,9.5,13.152946437965905,14.0,14.5,49.0,44.0,43.04648650006177,268.09140232390894,267.0674072214728,255.03137061938085,238.01890681204299
1967,36,1967,0,65.5666666666655,29.017236257093817,105.04284840006957,11.0,23.021728866442675,30.01666203960727,33.015148038438355,24.08318915758459,87.09190547921202,64.07027391856539,49.5,44.0,47.0,21.5,41.5,16.5,10.5,14.142135623730951,14.0,14.5,49.0,44.0,43.01162633521314,268.09140232390894,267.0674072214728,255.04901489713697,237.03375287076733
1968,36,1968,0,65.59999999999883,31.016124838541646,105.01904589168576,11.045361017187261,24.0,30.01666203960727,34.0,23.021728866442675,89.05054744357274,65.06919393998976,49.5,43.0,45.0,21.0,45.0,19.0,10.0,14.035668847618199,13.038404810405298,13.5,49.0,45.0,43.04648650006177,269.09106265351886,266.092089322475,254.07085625864295,238.0756182392477
1969,36,1969,0,65.63333333333216,33.06055050963308,105.11898020814318,12.0,23.0,30.066592756745816,34.058772731852805,23.021728866442675,91.0494371207203,68.06614430096654,51.5,43.0,48.0,22.5,45.5,19.5,10.5,14.142135623730951,14.0,14.0,50.0,45.0,43.04648650006177,269.1189328159578,268.1193763979023,254.07085625864295,236.07625886564705
1970,36,1970,0,65.66666666666549,35.014282800023196,107.0420478129973,11.045361017187261,23.021728866442675,30.066592756745816,35.014282800023196,24.020824298928627,93.08598175880189,70.06425622241343,52.5,44.0,47.0,21.5,47.5,21.5,10.5,14.142135623730951,14.0,14.5,49.0,45.0,42.04759208325728,268.09140232390894,267.09174453734056,254.09643838511394,237.10335299189677
1971,36,1971,0,65.69999999999882,37.013511046643494,106.1178590059185,11.045361017187261,23.021728866442675,30.066592756745816,34.0147027033899,23.021728866442675,94.08506789071261,71.06335201775947,52.5,43.0,48.0,22.5,48.5,22.5,10.5,13.152946437965905,14.0,14.5,48.0,44.0,44.04543109109048,269.09106265351886,267.0674072214728,254.04920783186867,237.05273674859777
1972,36,1972,0,65.73333333333215,37.05401462729781,105.07616285342742,11.0,24.020824298928627,30.066592756745816,35.05709628591621,24.020824298928627,96.08329719571451,72.06247289678588,53.5,45.0,49.0,23.0,49.0,23.0,12.0,14.035668847618199,15.033296378372908,15.0,50.0,45.0,44.04543109109048,269.0669061776271,267.0674072214728,254.03149411047443,237.05273674859777
1973,36,1973,0,65.76666666666549,37.05401462729781,104.12012293500234,11.045361017187261,24.0,30.066592756745816,34.0147027033899,23.021728866442675,95.08417323613851,71.11258679024411,52.5,44.0,49.0,23.5,48.5,21.5,12.5,15.033296378372908,15.0,15.0,50.0,45.0,43.04648650006177,269.09106265351886,268.06715576511795,255.04901489713697,236.03389587091087
1974,36,1974,0,65.79999999999882,36.05551275463989,103.12128781197411,11.0,24.020824298928627,30.066592756745816,35.05709628591621,24.020824298928627,95.08417323613851,71.06335201775947,53.0,45.0,50.0,23.5,47.5,20.5,12.5,14.142135623730951,14.0,14.5,50.0,45.0,44.10215414239989,267.1198233003309,267.1198233003309,254.09643838511394,236.05296015936761
1975,36,1975,0,65.83333333333215,38.118237105091836,103.07764064044152,10.0,22.0,30.066592756745816,34.0147027033899,23.021728866442675,93.08598175880189,71.11258679024411,52.0,44.0,48.0,23.0,47.0,22.0,12.0,15.132745950421556,15.0,15.5,50.0,45.0,45.044422518220834,269.1189328159578,266.092089322475,253.07113624433742,236.07625886564705
1976,36,1976,0,65.86666666666548,36.013886210738214,102.07840124139877,10.0,24.020824298928627,29.068883707497267,34.0147027033899,23.08679276123039,93.08598175880189,69.06518659932803,51.0,45.0,49.0,24.0,46.0,20.0,13.0,15.132745950421556,15.0,15.0,51.0,46.0,44.04543109109048,268.1193763979023,267.09174453734056,253.07113624433742,236.07625886564705
1977,36,1977,0,65.89999999999881,34.058772731852805,101.07917688624102,11.0,24.0,29.068883707497267,34.0147027033899,23.08679276123039,92.0869154657707,68.11754546370561,51.0,45.0,49.0,24.0,45.0,18.0,13.0,14.035668847618199,15.0,15.0,49.0,44.0,44.10215414239989,269.0669061776271,268.04663773306316,254.01771591761076,236.01906702637396
1978,36,1978,0,65.93333333333214,33.015148038438355,101.04454463255303,11.045361017187261,23.021728866442675,29.017236257093817,33.015148038438355,23.021728866442675,90.08884503644167,67.06713054842886,50.5,44.0,47.0,22.5,44.5,18.5,11.5,15.132745950421556,15.0,15.5,50.0,46.0,45.044422518220834,267.1198233003309,266.0676605677586,253.04940229133123,237.05273674859777
1979,36,1979,0,65.96666666666547,25.019992006393608,101.04454463255303,12.041594578792296,23.021728866442675,27.073972741361768,31.0,25.019992006393608,85.09406559801923,62.07253821135398,49.5,43.0,46.0,19.5,40.5,15.5,7.5,15.132745950421556,15.0,15.5,50.0,45.0,42.04759208325728,267.09174453734056,266.092089322475,255.04901489713697,237.03375287076733
1980,36,1980,0,65.9999999999988,26.019223662515376,100.04498987955368,12.041594578792296,23.021728866442675,27.073972741361768,30.0,24.020824298928627,85.09406559801923,62.07253821135398,49.0,42.0,45.0,19.5,41.5,16.5,7.5,16.0312195418814,16.0,16.5,50.0,46.0,43.04648650006177,267.09174453734056,266.04698833100895,253.0177859360879,237.00210969525145
1981,36,1981,0,66.03333333333214,21.02379604162864,100.04498987955368,13.0,23.021728866442675,26.076809620810597,30.0,25.019992006393608,82.05485969764375,59.033888572581766,48.5,42.0,45.0,18.5,38.5,13.5,5.5,15.132745950421556,15.0,15.5,49.0,45.0,42.04759208325728,267.1198233003309,266.12027356065903,255.07057846799972,238.05251521460553
1982,36,1982,0,66.06666666666547,25.079872407968907,101.04454463255303,12.0,23.021728866442675,26.076809620810597,30.0,24.08318915758459,84.1486779456457,61.1310068623117,48.5,42.0,45.0,19.5,40.5,15.5,6.5,15.132745950421556,15.033296378372908,15.0,50.0,45.0,42.1070065428546,268.2256512714621,268.1510768205118,255.09606033806168,237.05273674859777
1983,36,1983,0,66.0999999999988,32.0624390837628,100.04498987955368,11.0,24.020824298928627,28.071337695236398,32.01562118716424,24.020824298928627,91.08786966440702,67.06713054842886,51.0,46.0,49.0,23.5,43.5,17.5,11.5,16.1245154965971,15.0,15.5,50.0,46.0,43.04648650006177,268.09140232390894,268.06715576511795,255.04901489713697,237.03375287076733
1984,36,1984,0,66.13333333333213,36.013886210738214,101.07917688624102,10.04987562112089,25.019992006393608,28.071337695236398,33.015148038438355,23.021728866442675,94.08506789071261,69.06518659932803,51.0,45.0,49.0,24.0,47.0,20.0,13.0,16.1245154965971,16.0312195418814,16.5,51.0,47.0,44.10215414239989,268.06715576511795,267.0468123756582,254.03149411047443,235.03404008781365
1985,36,1985,0,66.16666666666546,34.058772731852805,101.07917688624102,10.0,24.020824298928627,29.068883707497267,33.015148038438355,23.08679276123039,91.13725912051558,67.11929677819934,50.0,43.0,47.0,22.0,46.0,20.0,12.0,15.132745950421556,16.0,16.0,51.0,47.0,43.04648650006177,269.15051551130273,268.1193763979023,253.09681941897256,236.07625886564705
1986,36,1986,0,66.1999999999988,34.0147027033899,101.04454463255303,10.0,24.020824298928627,29.068883707497267,34.0,23.194827009486403,91.13725912051558,67.11929677819934,50.0,43.0,46.0,21.5,46.5,19.5,11.5,15.132745950421556,15.0,15.5,51.0,47.0,42.04759208325728,270.14995835646545,268.1193763979023,254.09643838511394,236.07625886564705
1987,36,1987,0,66.23333333333213,29.017236257093817,102.0196059588548,10.04987562112089,23.021728866442675,30.066592756745816,34.0,24.020824298928627,86.09297300012354,63.071388124885914,48.5,42.0,44.0,19.0,43.0,17.0,9.0,15.132745950421556,16.0,16.0,51.0,47.0,44.01136216933077,270.09072549793336,268.06715576511795,254.04920783186867,236.03389587091087
1988,36,1988,0,66.26666666666546,25.079872407968907,104.04326023342406,9.0,23.021728866442675,30.066592756745816,33.015148038438355,23.08679276123039,80.15609770940699,57.14017850864661,44.5,37.0,40.0,15.5,41.5,15.5,6.5,15.132745950421556,14.035668847618199,15.0,51.0,47.0,45.044422518220834,271.1180554666177,269.0669061776271,256.03124809288414,238.03361107205006
1989,36,1989,0,66.29999999999879,22.090722034374522,105.04284840006957,10.0,24.020824298928627,30.066592756745816,34.0147027033899,23.021728866442675,79.1012010022604,55.08175741568164,44.0,37.0,40.0,15.5,40.5,14.5,6.5,14.317821063276353,15.0,15.0,51.0,47.0,46.010868281309364,270.1184925176357,268.1193763979023,255.12545933324648,237.10335299189677
1990,36,1990,0,66.33333333333212,20.024984394500787,104.04326023342406,9.055385138137417,23.021728866442675,30.066592756745816,34.0147027033899,24.08318915758459,76.16429609731846,53.150729063673246,43.0,37.0,40.0,14.5,37.5,12.5,5.5,15.132745950421556,15.0,15.0,52.0,48.0,44.04543109109048,271.0664125265246,268.09140232390894,255.04901489713697,239.0522955338434
1991,36,1991,0,66.36666666666545,17.029386365926403,106.04244433244644,10.0,23.021728866442675,30.01666203960727,34.0147027033899,23.021728866442675,73.06161783043132,50.039984012787215,41.5,34.0,37.0,12.5,37.5,12.5,3.5,14.142135623730951,14.0,14.5,52.0,48.0,45.0111097397076,270.06665843824555,268.06715576511795,254.03149411047443,238.03361107205006
1992,36,1992,0,66.39999999999878,19.1049731745428,106.07544484940895,9.0,22.0,30.066592756745816,32.01562118716424,23.08679276123039,73.10950690573696,51.15662224971465,41.5,33.0,37.0,12.0,38.0,13.0,3.0,15.033296378372908,15.033296378372908,15.0,51.0,47.0,44.04543109109048,270.09072549793336,268.06715576511795,255.04901489713697,239.0334704596827
1993,36,1993,0,66.43333333333211,18.110770276274835,104.04326023342406,9.0,22.0,27.073972741361768,31.0,24.186773244895647,73.17103251970687,51.24451190127583,42.0,35.0,38.0,12.5,36.5,12.5,4.5,16.1245154965971,16.0,16.0,51.0,47.0,44.04543109109048,270.06665843824555,269.04646438858845,256.0175775215444,238.00840321299583
1994,36,1994,0,66.46666666666545,10.04987562112089,100.07996802557443,11.0,22.02271554554524,26.076809620810597,29.017236257093817,27.073972741361768,70.11419257183242,48.093658625644196,43.0,38.0,42.0,13.0,30.0,6.0,2.0,15.297058540778355,15.033296378372908,15.0,50.0,46.0,45.044422518220834,270.06665843824555,268.06715576511795,255.04901489713697,238.05251521460553
1995,36,1995,0,66.49999999999878,1.4142135623730951,99.04544411531506,13.038404810405298,21.0,25.079872407968907,28.0178514522438,30.01666203960727,65.06919393998976,44.10215414239989,43.5,38.0,41.0,9.5,25.5,2.5,2.5,15.132745950421556,15.0,15.5,51.0,47.0,45.0111097397076,268.09140232390894,267.09174453734056,253.07113624433742,238.05251521460553
1996,36,1996,0,66.53333333333211,1.0,100.04498987955368,13.038404810405298,22.02271554554524,25.079872407968907,28.0178514522438,30.01666203960727,65.12296062065974,43.104524124504614,43.0,39.0,42.0,10.5,24.5,0.5,1.5,15.132745950421556,15.0,15.0,50.0,46.0,45.0,268.06715576511795,266.0676605677586,254.04920783186867,237.05273674859777
1997,36,1997,0,66.56666666666544,4.47213595499958,99.08077512817509,13.0,21.0,27.073972741361768,29.017236257093817,28.0178514522438,66.06814663663572,45.09988913511872,43.0,39.0,43.0,13.0,25.0,1.0,1.0,16.1245154965971,15.033296378372908,15.5,50.0,46.0,44.01136216933077,269.0669061776271,267.0468123756582,255.03137061938085,238.03361107205006
1998,36,1998,0,66.59999999999877,14.142135623730951,102.07840124139877,11.0,22.02271554554524,27.073972741361768,31.016124838541646,25.019992006393608,72.11102550927978,50.08991914547278,43.0,39.0,43.0,16.0,31.0,6.0,5.0,16.1245154965971,15.033296378372908,15.0,51.0,47.0,43.01162633521314,269.0669061776271,267.0468123756582,254.04920783186867,237.05273674859777
1999,36,1999,0,66.6333333333321,16.0312195418814,102.07840124139877,11.0,23.021728866442675,28.0178514522438,31.016124838541646,23.08679276123039,73.10950690573696,50.08991914547278,42.0,36.0,40.0,15.0,35.0,10.0,5.0,15.132745950421556,15.0,15.5,51.0,47.0,43.01162633521314,269.09106265351886,267.0468123756582,255.03137061938085,238.01890681204299
2000,36,2000,0,66.66666666666544,16.0312195418814,101.1236866416568,11.0,22.02271554554524,29.017236257093817,31.0,23.08679276123039,72.11102550927978,50.08991914547278,42.0,35.0,40.0,14.5,34.5,10.5,4.5,15.297058540778355,15.033296378372908,15.0,51.0,46.0,43.01162633521314,269.1189328159578,268.09140232390894,254.07085625864295,239.07530194480566
2001,36,2001,0,66.69999999999877,17.029386365926403,101.07917688624102,10.0,21.02379604162864,29.017236257093817,32.0,24.08318915758459,72.11102550927978,51.088159097779204,42.5,36.0,40.0,14.0,34.0,10.0,5.0,15.297058540778355,15.033296378372908,15.5,51.0,46.0,43.04648650006177,269.09106265351886,267.09174453734056,255.09606033806168,238.0756182392477
2002,36,2002,0,66.7333333333321,18.110770276274835,101.04454463255303,10.0,23.0,29.068883707497267,32.0,22.090722034374522,73.10950690573696,50.15974481593781,41.0,36.0,39.0,15.5,35.5,10.5,5.5,15.132745950421556,15.033296378372908,15.5,51.0,47.0,44.01136216933077,269.09106265351886,268.06715576511795,255.03137061938085,239.0334704596827
2003,36,2003,0,66.76666666666543,18.110770276274835,102.07840124139877,10.0,24.020824298928627,29.068883707497267,32.01562118716424,23.021728866442675,75.1065909225016,51.088159097779204,42.0,36.0,40.0,15.0,37.0,11.0,5.0,14.142135623730951,15.0,15.5,51.0,47.0,43.01162633521314,270.1184925176357,268.1193763979023,255.07057846799972,238.0756182392477
2004,36,2004,0,66.79999999999876,21.02379604162864,101.04454463255303,10.04987562112089,24.020824298928627,29.017236257093817,32.0,22.02271554554524,77.10382610480494,53.08483775994799,42.5,38.0,41.0,17.5,37.5,11.5,7.5,15.132745950421556,15.0,15.0,50.0,47.0,42.01190307520001,269.1858094328154,268.1510768205118,255.12545933324648,238.10291892372928
2005,36,2005,0,66.83333333333209,19.1049731745428,103.07764064044152,11.0,24.020824298928627,30.01666203960727,33.0,22.20360331117452,76.23647421018367,52.23983154643591,42.5,37.0,41.0,17.0,37.0,11.0,7.0,15.132745950421556,16.0312195418814,16.0,50.0,46.0,43.0,270.1184925176357,268.06715576511795,255.03137061938085,240.03333101883996
2006,36,2006,0,66.86666666666542,16.1245154965971,103.07764064044152,11.0,22.02271554554524,30.01666203960727,33.0,23.194827009486403,72.24956747275377,50.24937810560445,42.0,36.0,40.0,15.0,34.0,10.0,5.0,14.035668847618199,14.035668847618199,14.0,49.0,46.0,42.0,271.0664125265246,268.09140232390894,255.03137061938085,240.05207768315609
2007,36,2007,0,66.89999999999876,16.1245154965971,104.0768946500615,10.0,22.02271554554524,30.01666203960727,33.0,24.08318915758459,72.17340230306452,50.15974481593781,42.0,36.0,40.0,14.0,34.0,10.0,5.0,15.132745950421556,15.033296378372908,15.0,49.0,46.0,43.0,272.06616842231597,269.04646438858845,256.0175775215444,241.0186714758838
2008,36,2008,0,66.93333333333209,17.029386365926403,106.04244433244644,9.055385138137417,22.02271554554524,30.0,34.0,23.08679276123039,71.17583859709698,49.16299421312742,40.5,34.0,37.0,12.5,35.5,11.5,4.5,9.0,9.0,9.0,49.0,46.0,44.0,271.0461215365385,269.02973813316623,256.00781238079435,241.0082986123092
2009,36,2009,0,66.96666666666542,15.132745950421556,107.01868995647442,10.0,21.0,31.0,34.0,23.194827009486403,69.18092222571191,48.25971404805462,40.5,35.0,37.0,13.0,33.0,10.0,4.0,6.0,6.082762530298219,6.5,50.0,48.0,42.0,269.0669061776271,266.04698833100895,255.00784301664135,242.00206610688264
2010,36,2010,0,66.99999999999875,15.033296378372908,106.00471687618433,10.04987562112089,21.02379604162864,30.01666203960727,33.0,24.08318915758459,70.178344238091,49.16299421312742,41.5,36.0,37.0,12.5,33.5,10.5,3.5,6.0,6.082762530298219,6.0,50.0,48.0,42.0,270.0296280040396,268.01679051880313,257.0,243.0
2011,36,2011,0,67.03333333333208,24.08318915758459,104.01922899156675,10.0,24.0,31.0,34.0147027033899,23.345235059857504,81.2219182240853,57.3149195236284,45.0,39.0,41.0,17.0,41.0,15.0,8.0,7.0,8.0,8.0,47.0,47.0,43.01162633521314,269.0074348414928,267.00187265260894,255.0,239.0
2012,36,2012,0,67.06666666666541,25.079872407968907,105.01904589168576,9.055385138137417,23.0,31.016124838541646,34.0,23.08679276123039,80.15609770940699,57.21887800367987,44.5,39.0,41.0,17.0,40.0,15.0,8.0,7.0,8.0,8.0,49.0,48.0,43.0,271.0018450121696,267.00187265260894,254.00787389370433,239.00209204105306
2013,36,2013,0,67.09999999999874,18.110770276274835,104.0,10.0,22.0,27.018512172212592,30.01666203960727,27.0,77.02596964660685,55.036351623268054,46.0,43.0,43.0,16.0,34.0,10.0,7.0,11.0,11.0,11.0,48.0,48.0,48.010415536631214,270.0166661522951,268.01679051880313,254.03149411047443,239.0334704596827
2014,36,2014,0,67.13333333333208,3.1622776601683795,104.0,13.0,20.0,26.0,29.017236257093817,31.0,67.00746227100382,47.01063709417264,45.5,41.0,41.0,10.0,26.0,5.0,2.0,11.045361017187261,11.045361017187261,11.0,46.0,47.0,45.0111097397076,266.03007348794233,267.02996086581743,255.03137061938085,240.01874926763534
2015,36,2015,0,67.1666666666654,1.4142135623730951,102.0,14.0,19.0,26.0,27.018512172212592,30.0,64.00781202322104,45.0111097397076,44.5,40.0,40.0,10.0,24.0,2.0,2.0,15.0,15.033296378372908,14.5,47.0,48.0,43.04648650006177,265.0075470623431,265.03018695990085,254.04920783186867,238.03361107205006
2016,36,2016,0,67.19999999999874,1.4142135623730951,101.00495037373169,13.0,18.027756377319946,25.0,27.0,31.016124838541646,63.071388124885914,45.044422518220834,44.5,40.0,41.0,9.5,22.5,1.5,1.5,14.0,15.033296378372908,14.5,47.0,48.0,45.0111097397076,267.00187265260894,266.00751869073173,254.01771591761076,238.00840321299583
2017,36,2017,0,67.23333333333207,2.23606797749979,101.00495037373169,14.0,21.0,25.0,28.0,29.017236257093817,65.06919393998976,44.10215414239989,43.5,40.0,41.0,11.5,24.5,1.5,0.5,15.0,15.132745950421556,15.0,47.0,49.0,44.10215414239989,266.04698833100895,265.06791582535976,253.09681941897256,238.0756182392477
2018,36,2018,0,67.2666666666654,15.132745950421556,103.0,9.0,21.0,27.018512172212592,30.0,26.019223662515376,71.06335201775947,50.08991914547278,42.5,41.0,41.0,15.0,30.0,8.0,6.0,15.0,15.132745950421556,14.5,47.0,47.0,43.04648650006177,268.00746258266764,267.02996086581743,255.04901489713697,238.05251521460553
2019,36,2019,0,67.29999999999873,17.11724276862369,102.00490184299969,9.055385138137417,22.0,25.019992006393608,29.0,25.019992006393608,73.10950690573696,51.15662224971465,42.5,42.0,43.0,17.5,30.5,7.5,8.5,15.033296378372908,15.033296378372908,15.5,47.0,49.0,44.01136216933077,267.01685340067957,265.03018695990085,253.07113624433742,237.0759372015642
2020,36,2020,0,67.33333333333206,18.110770276274835,102.00490184299969,9.0,23.0,26.076809620810597,29.0,24.020824298928627,74.06078584514209,51.088159097779204,42.0,42.0,43.0,18.5,31.5,7.5,9.5,15.033296378372908,16.0312195418814,15.5,48.0,49.0,44.01136216933077,269.0074348414928,267.02996086581743,253.09681941897256,236.07625886564705
2021,36,2021,0,67.3666666666654,19.1049731745428,102.0,10.0,23.0,26.019223662515376,29.0,23.021728866442675,75.05997601918082,52.08646657242167,42.5,42.0,42.0,19.0,33.0,9.0,10.0,15.033296378372908,15.033296378372908,15.0,48.0,49.0,43.04648650006177,269.0074348414928,267.02996086581743,254.07085625864295,238.10291892372928
2022,36,2022,0,67.39999999999873,22.20360331117452,100.0199980003999,9.0,23.0,27.073972741361768,30.01666203960727,22.090722034374522,76.16429609731846,53.23532661682466,42.0,41.0,43.0,20.0,34.0,9.0,11.0,16.0312195418814,16.1245154965971,16.0,48.0,48.0,43.01162633521314,267.0074905316328,265.01698058803703,251.04979585731593,235.05318547086316
2023,36,2023,0,67.43333333333206,23.194827009486403,98.02040603874276,8.0,24.0,28.071337695236398,31.016124838541646,23.194827009486403,78.23042886243178,54.3323108288245,42.5,43.0,45.0,21.0,34.0,8.0,12.0,16.0312195418814,16.0312195418814,16.0,48.0,49.0,45.0111097397076,269.0167281044062,266.04698833100895,251.07170290576354,234.07691043757393
2024,36,2024,0,67.46666666666539,25.079872407968907,95.02105029939419,9.0,24.020824298928627,26.076809620810597,30.01666203960727,22.090722034374522,80.05623023850174,56.142675390472796,43.5,44.0,46.0,23.0,35.0,9.0,13.0,15.033296378372908,16.1245154965971,16.0,46.0,47.0,44.01136216933077,268.0,266.0018796926067,251.00796800101784,234.00854685246006
2025,36,2025,0,67.49999999999872,24.08318915758459,94.02127418834527,8.0,24.0,26.076809620810597,29.017236257093817,23.194827009486403,79.1580697086532,55.226805085936306,43.0,44.0,46.0,22.0,34.0,8.0,13.0,17.029386365926403,17.11724276862369,16.5,47.0,49.0,44.01136216933077,268.00186566514793,266.00751869073173,252.00793638296395,235.01914815605983
2026,36,2026,0,67.53333333333205,18.027756377319946,86.00581375697809,12.0,25.0,24.020824298928627,27.0,22.090722034374522,77.05841939723393,52.08646657242167,43.0,44.0,45.0,22.5,32.5,5.5,10.5,16.0312195418814,16.1245154965971,15.5,49.0,49.0,43.0,267.0074905316328,267.01685340067957,252.01785651020842,235.01914815605983
2027,36,2027,0,67.56666666666538,12.041594578792296,85.0,14.0,26.0,23.0,26.0,24.020824298928627,76.02631123499285,50.039984012787215,44.0,45.0,45.0,21.0,31.0,3.0,8.0,17.11724276862369,16.0312195418814,16.0,47.0,48.0,43.04648650006177,267.0074905316328,267.01685340067957,253.03161857759991,237.03375287076733
2028,36,2028,0,67.59999999999872,8.06225774829855,83.0,16.0,28.0178514522438,22.0,25.0,25.019992006393608,77.00649323271382,49.040799340956916,45.0,46.0,46.0,21.0,31.0,1.0,6.0,17.029386365926403,16.0312195418814,16.0,47.0,48.0,45.0111097397076,267.00187265260894,267.0074905316328,254.0019684963091,237.0
2029,36,2029,0,67.63333333333205,8.06225774829855,82.0,15.0,26.019223662515376,21.02379604162864,24.0,26.019223662515376,75.0066663703967,49.040799340956916,45.0,46.0,46.0,20.0,29.0,1.0,7.0,17.029386365926403,17.11724276862369,16.5,47.0,48.0,44.01136216933077,267.0074905316328,267.01685340067957,254.01771591761076,237.00843866833097
2030,36,2030,0,67.66666666666538,8.06225774829855,82.00609733428362,15.0,26.019223662515376,21.0,24.0,27.018512172212592,76.00657866263946,50.039984012787215,46.0,46.0,47.0,19.5,29.5,1.5,5.5,17.029386365926403,17.029386365926403,17.0,47.0,48.0,44.04543109109048,267.0074905316328,267.01685340067957,254.04920783186867,236.03389587091087
2031,36,2031,0,67.69999999999871,6.082762530298219,82.00609733428362,15.0,27.018512172212592,21.0,24.0,27.018512172212592,75.0066663703967,48.041648597857254,45.0,45.0,46.0,18.5,29.5,0.5,5.5,16.0312195418814,16.0312195418814,16.0,48.0,48.0,44.01136216933077,267.01685340067957,266.01691675530714,253.03161857759991,236.01906702637396
2032,36,2032,0,67.73333333333204,7.0710678118654755,83.02409288875127,14.0,26.0,21.0,24.0,28.0,75.0066663703967,49.01020301937138,45.5,44.0,46.0,17.0,30.0,2.0,4.0,17.029386365926403,16.1245154965971,16.0,47.0,47.0,44.01136216933077,267.0074905316328,266.01691675530714,253.03161857759991,236.01906702637396
2033,36,2033,0,67.76666666666537,6.082762530298219,87.0,14.0,26.0,21.0,24.0,28.0178514522438,74.02702209328699,48.041648597857254,45.0,44.0,44.0,16.0,30.0,2.0,3.0,16.0312195418814,16.1245154965971,16.0,47.0,47.0,44.01136216933077,267.0,267.00187265260894,254.00787389370433,237.00210969525145
2034,36,2034,0,67.7999999999987,5.0990195135927845,90.0222194794152,15.0,26.0,22.0,25.0,26.019223662515376,72.02777242147643,46.04345773288535,43.5,42.0,44.0,17.0,29.0,1.0,3.0,16.1245154965971,16.0312195418814,16.5,47.0,48.0,44.01136216933077,267.00187265260894,267.0074905316328,255.01764644824092,238.00840321299583
2035,36,2035,0,67.83333333333204,8.06225774829855,97.0051545022222,14.0,25.0,25.0,27.0,25.179356624028344,72.11102550927978,47.16990566028302,43.0,42.0,43.0,17.5,29.5,2.5,4.5,16.0312195418814,16.0312195418814,16.0,48.0,47.0,45.0111097397076,268.0,267.00187265260894,255.01764644824092,239.0083680543424
2036,36,2036,0,67.86666666666537,9.219544457292887,99.02019995940222,13.0,24.0,25.019992006393608,28.0,24.08318915758459,70.11419257183242,46.17358552246078,41.5,40.0,42.0,17.0,29.0,4.0,5.0,16.1245154965971,17.11724276862369,16.5,48.0,48.0,43.01162633521314,269.0018587296378,268.00186566514793,256.0019531175495,240.00208332429116
2037,36,2037,0,67.8999999999987,13.152946437965905,100.04498987955368,11.045361017187261,22.0,27.018512172212592,30.0,24.020824298928627,70.11419257183242,48.16637831516918,41.5,39.0,42.0,16.5,29.5,5.5,6.5,16.0312195418814,16.1245154965971,16.0,47.0,46.0,43.0,267.0074905316328,268.00746258266764,254.0019684963091,240.0
2038,36,2038,0,67.93333333333203,14.142135623730951,102.04410811016969,11.045361017187261,22.0,27.018512172212592,30.0,24.08318915758459,71.17583859709698,49.25444142409901,42.0,40.0,43.0,17.5,29.5,5.5,6.5,16.0312195418814,16.0312195418814,16.0,48.0,46.0,44.0,269.0018587296378,267.0,254.00787389370433,239.00209204105306
2039,36,2039,0,67.96666666666536,15.132745950421556,100.0199980003999,12.041594578792296,23.0,27.0,30.0,22.02271554554524,72.11102550927978,49.16299421312742,41.5,40.0,42.0,19.0,31.0,6.0,8.0,16.0312195418814,15.033296378372908,15.5,47.0,47.0,42.01190307520001,270.0018518455012,269.0,256.00781238079435,239.0083680543424
2040,36,2040,0,67.99999999999869,15.132745950421556,100.0199980003999,11.0,23.0,28.0178514522438,31.0,23.08679276123039,72.11102550927978,49.16299421312742,41.5,40.0,42.0,18.0,31.0,6.0,7.0,16.0312195418814,16.0312195418814,15.5,48.0,47.0,42.0,269.0,268.00186566514793,256.0019531175495,239.0
2041,36,2041,0,68.03333333333202,17.11724276862369,100.00499987500625,11.0,23.0,28.0178514522438,31.0,23.08679276123039,74.10802925459562,51.15662224971465,42.5,42.0,43.0,19.5,31.5,7.5,8.5,17.029386365926403,16.0312195418814,16.0,47.0,46.0,44.01136216933077,267.00187265260894,266.0,254.0019684963091,239.0
2042,36,2042,0,68.06666666666536,20.09975124224178,99.00505037623081,11.0,23.0,29.017236257093817,32.0,23.08679276123039,77.10382610480494,54.147945482723536,44.0,43.0,44.0,20.5,33.5,8.5,9.5,16.0312195418814,15.033296378372908,15.0,47.0,46.0,42.0,268.01679051880313,268.00746258266764,255.0,239.00209204105306
2043,36,2043,0,68.09999999999869,22.090722034374522,101.01980003939822,11.0,23.0,27.018512172212592,31.0,23.194827009486403,79.1580697086532,56.22277118748239,45.0,43.0,45.0,21.0,35.0,10.0,10.0,15.033296378372908,16.0312195418814,16.0,47.0,45.0,42.0,268.00746258266764,266.0018796926067,254.00787389370433,238.0021008310641
2044,36,2044,0,68.13333333333202,24.08318915758459,100.0199980003999,12.0,24.0,27.018512172212592,31.0,23.194827009486403,83.15046602394962,59.21148537234985,47.0,46.0,48.0,24.0,36.0,11.0,12.0,16.0312195418814,15.033296378372908,15.5,47.0,45.0,44.0,268.04663773306316,266.01691675530714,254.0019684963091,238.0021008310641
2045,36,2045,0,68.16666666666535,26.076809620810597,99.02019995940222,11.0,25.0,28.0178514522438,31.0,23.08679276123039,85.09406559801923,60.13318551349163,47.0,46.0,48.0,24.0,38.0,12.0,13.0,15.033296378372908,16.0312195418814,15.5,48.0,46.0,43.01162633521314,269.0167281044062,267.0074905316328,253.00197627686626,237.0
2046,36,2046,0,68.19999999999868,30.066592756745816,100.00499987500625,11.0,23.0,28.0178514522438,32.0,23.08679276123039,87.09190547921202,64.1248781675256,49.0,48.0,49.0,25.5,38.5,13.5,14.5,15.0,16.0,15.5,48.0,46.0,42.01190307520001,267.0468123756582,265.01698058803703,252.0,235.00212764994276
2047,36,2047,0,68.23333333333201,32.0624390837628,99.00505037623081,11.0,23.0,28.0,32.0,24.186773244895647,90.13878188659973,67.1863081289633,51.0,51.0,50.0,26.5,39.5,15.5,15.5,10.0,11.045361017187261,11.0,47.0,44.0,42.0,268.04663773306316,266.01691675530714,253.00197627686626,236.00211863455803
2048,36,2048,0,68.26666666666534,33.06055050963308,101.0,12.0,23.0,28.0178514522438,32.0,23.194827009486403,91.13725912051558,68.18357573492314,51.5,50.0,50.0,27.0,41.0,17.0,15.0,8.0,8.06225774829855,8.0,48.0,46.0,42.0,266.03007348794233,264.0075756488817,250.00199999200007,235.00851048419503
2049,36,2049,0,68.29999999999868,33.06055050963308,99.0,11.045361017187261,22.0,29.017236257093817,33.0,24.186773244895647,90.19977827023745,68.26419266350405,51.5,50.0,50.0,26.0,40.0,16.0,15.0,8.0,8.06225774829855,7.5,49.0,47.0,42.0,266.04698833100895,263.0304164920856,249.0,235.00212764994276
2050,36,2050,0,68.333333333332,33.06055050963308,101.0,11.045361017187261,22.0,28.0178514522438,32.0,24.08318915758459,90.13878188659973,68.18357573492314,51.5,49.0,49.0,25.0,41.0,17.0,14.0,8.0,8.0,8.0,48.0,45.0,43.0,268.06715576511795,265.03018695990085,252.0,235.00212764994276
2051,36,2051,0,68.36666666666534,30.14962686336267,101.01980003939822,12.0,24.0,28.0178514522438,33.015148038438355,24.08318915758459,90.13878188659973,66.18912297349165,51.0,49.0,51.0,26.0,40.0,15.0,14.0,11.045361017187261,11.0,10.5,49.0,46.0,43.01162633521314,269.02973813316623,268.00746258266764,253.00790501484337,237.00843866833097
2052,36,2052,0,68.39999999999867,29.068883707497267,102.0196059588548,11.0,22.0,27.018512172212592,32.01562118716424,23.194827009486403,85.14693182963201,63.198101237299845,48.5,46.0,48.0,24.0,38.0,14.0,13.0,12.0,12.0,12.0,49.0,46.0,45.0,268.04663773306316,267.02996086581743,253.00790501484337,236.00847442411893
2053,36,2053,0,68.433333333332,23.08679276123039,103.01941564578979,12.0,23.0,27.0,32.0,24.186773244895647,82.15229759416349,59.21148537234985,47.5,44.0,46.0,21.0,37.0,12.0,10.0,12.041594578792296,13.038404810405298,12.5,49.0,45.0,43.0,267.09174453734056,266.04698833100895,253.0,237.0
2054,36,2054,0,68.46666666666533,20.09975124224178,104.01922899156675,12.0,23.0,29.017236257093817,32.0,24.186773244895647,79.1580697086532,56.22277118748239,46.0,43.0,45.0,20.0,35.0,10.0,8.0,13.038404810405298,13.0,13.0,49.0,46.0,43.01162633521314,268.06715576511795,267.02996086581743,255.0019607767752,239.0083680543424
2055,36,2055,0,68.49999999999866,23.08679276123039,104.04326023342406,12.041594578792296,23.0,28.0178514522438,31.0,24.08318915758459,82.15229759416349,59.21148537234985,47.5,44.0,47.0,21.5,36.5,11.5,10.5,14.035668847618199,14.0,14.0,49.0,45.0,42.0,267.09174453734056,265.04716561397146,252.00793638296395,236.00847442411893
2056,36,2056,0,68.533333333332,22.090722034374522,104.01922899156675,12.0,24.020824298928627,29.017236257093817,32.0,24.08318915758459,82.15229759416349,58.137767414994535,47.0,44.0,46.0,21.0,37.0,12.0,10.0,14.035668847618199,14.035668847618199,14.0,49.0,45.0,43.01162633521314,269.0669061776271,267.02996086581743,253.00197627686626,236.0
2057,36,2057,0,68.56666666666533,39.05124837953327,102.04410811016969,12.0,24.020824298928627,29.017236257093817,34.0147027033899,24.186773244895647,99.18165152889924,75.16648189186454,55.5,54.0,57.0,31.5,43.5,17.5,19.5,13.038404810405298,14.0,14.0,50.0,45.0,42.0,269.15051551130273,266.12027356065903,252.07141845120006,235.10423220350586
2058,36,2058,0,68.59999999999866,35.05709628591621,102.04410811016969,13.0,24.020824298928627,29.068883707497267,34.0,23.194827009486403,95.1892851112981,71.17583859709698,53.5,50.0,53.0,28.5,43.5,17.5,15.5,13.038404810405298,14.0,14.0,51.0,47.0,43.0,267.1872002922296,266.1879035568671,253.09681941897256,237.0759372015642
2059,36,2059,0,68.63333333333199,30.066592756745816,104.0768946500615,12.0,25.019992006393608,30.066592756745816,34.0147027033899,24.08318915758459,91.13725912051558,66.12110101926616,51.0,48.0,52.0,26.0,41.0,14.0,14.0,13.038404810405298,14.0,14.0,52.0,47.0,46.0,270.14995835646545,268.1510768205118,254.09643838511394,238.10291892372928
2060,36,2060,0,68.66666666666532,29.068883707497267,105.07616285342742,12.041594578792296,24.020824298928627,29.017236257093817,33.015148038438355,23.08679276123039,88.20430828479978,64.19501538281614,49.5,47.0,51.0,26.0,39.0,13.0,14.0,14.035668847618199,15.0,14.5,55.0,49.0,46.010868281309364,270.22398117117586,268.1865022703417,255.09606033806168,238.1344158243407
2061,36,2061,0,68.69999999999865,30.066592756745816,104.12012293500234,12.0,24.020824298928627,30.066592756745816,33.015148038438355,22.20360331117452,88.20430828479978,64.19501538281614,49.0,46.0,51.0,26.5,39.5,13.5,13.5,14.035668847618199,14.0,14.0,56.0,51.0,46.0,268.31511325305553,267.31629205867716,254.23807739990482,237.30360300678117
2062,36,2062,0,68.73333333333198,29.068883707497267,105.11898020814318,12.041594578792296,24.020824298928627,29.068883707497267,34.0147027033899,24.186773244895647,89.27485648266257,65.27633568147036,50.5,47.0,52.0,25.5,39.5,13.5,13.5,14.142135623730951,14.0,14.0,55.0,50.0,47.0,267.2695268825086,266.2273464541162,253.23901753086943,237.25513693068902
2063,36,2063,0,68.76666666666532,35.05709628591621,104.17293314484334,11.045361017187261,23.08679276123039,29.017236257093817,33.015148038438355,23.08679276123039,92.26592003551474,69.18092222571191,51.5,48.0,54.0,28.0,41.0,16.0,17.0,14.035668847618199,14.035668847618199,14.0,57.0,51.0,46.0,268.47718711279737,266.42259663924904,252.28555249954366,235.35929979501554
2064,36,2064,0,68.79999999999865,31.064449134018133,103.23759005323593,10.04987562112089,24.020824298928627,29.068883707497267,33.015148038438355,22.20360331117452,87.28115489611719,63.28506932918696,47.5,44.0,51.0,25.5,39.5,13.5,14.5,14.035668847618199,15.0,14.5,56.0,51.0,48.0,266.42259663924904,265.42418879973997,253.4442739538615,236.47621444872632
2065,36,2065,0,68.83333333333198,21.213203435596427,103.23759005323593,11.0,25.0,28.160255680657446,32.0624390837628,21.213203435596427,78.23042886243178,53.33854141237835,42.5,41.0,48.0,23.5,33.5,6.5,11.5,15.132745950421556,15.0,15.0,57.0,51.0,47.0,266.36816626616627,265.3695536417092,253.28442510347926,238.30232898568156
2066,36,2066,0,68.86666666666531,19.235384061671343,103.31021246711285,12.041594578792296,24.020824298928627,29.154759474226502,31.144823004794873,20.223748416156685,75.4254598925323,51.478150704935004,41.5,39.0,47.0,23.0,32.0,5.0,11.0,15.132745950421556,15.033296378372908,15.0,58.0,52.0,48.010415536631214,267.2695268825086,265.31867631209076,255.28219679405768,238.3547775900454
2067,36,2067,0,68.89999999999864,22.090722034374522,102.39628899525607,11.045361017187261,24.020824298928627,28.160255680657446,32.14031735997639,20.223748416156685,77.31752712031083,53.33854141237835,42.0,39.0,48.0,23.5,33.5,6.5,11.5,14.142135623730951,15.0,15.0,56.0,51.0,48.0,266.36816626616627,266.36816626616627,254.3855341799136,238.47222060441337
2068,36,2068,0,68.93333333333197,23.08679276123039,102.3132444994293,12.041594578792296,24.020824298928627,30.14962686336267,32.0624390837628,19.235384061671343,78.31347265956222,54.3323108288245,42.5,40.0,48.0,25.0,34.0,7.0,12.0,14.035668847618199,16.0312195418814,15.5,56.0,50.0,48.0,268.26852219371546,268.36542251191753,254.33245958783948,238.3547775900454
2069,36,2069,0,68.9666666666653,22.20360331117452,103.39245620450265,12.041594578792296,26.019223662515376,30.14962686336267,32.0624390837628,19.1049731745428,79.30952023559341,53.33854141237835,42.0,39.0,48.0,24.5,35.5,7.5,11.5,15.132745950421556,15.0,15.0,55.0,49.0,48.0,266.3174797117155,266.36816626616627,254.33245958783948,238.47222060441337
2070,36,2070,0,68.99999999999864,22.20360331117452,103.4842983258813,11.045361017187261,25.019992006393608,28.160255680657446,32.2490309931942,20.09975124224178,78.31347265956222,53.33854141237835,42.0,39.0,49.0,24.0,34.0,6.0,12.0,15.132745950421556,15.0,15.0,56.0,51.0,49.0,266.36816626616627,266.36816626616627,255.38402455909414,238.47222060441337
2071,36,2071,0,69.03333333333197,19.1049731745428,102.39628899525607,12.041594578792296,25.079872407968907,28.160255680657446,31.144823004794873,19.1049731745428,75.32595834106593,50.24937810560445,40.5,39.0,48.0,24.5,31.5,3.5,11.5,15.132745950421556,15.0,15.5,56.0,51.0,48.0,266.27053911388697,266.3174797117155,254.33245958783948,237.41314201197878
2072,36,2072,0,69.0666666666653,11.180339887498949,103.39245620450265,13.038404810405298,24.020824298928627,28.071337695236398,31.144823004794873,21.213203435596427,69.35416353759881,45.39823785126467,39.5,38.0,47.0,21.5,26.5,0.5,8.5,16.1245154965971,16.0,15.5,56.0,51.0,46.0,266.27053911388697,266.2273464541162,254.23807739990482,237.30360300678117
2073,36,2073,0,69.09999999999863,10.198039027185569,102.23991392797629,12.0,22.02271554554524,28.071337695236398,31.064449134018133,22.20360331117452,66.27216610312357,44.28317965096906,39.0,39.0,46.0,20.5,23.5,1.5,7.5,15.132745950421556,16.0,16.0,57.0,51.0,45.0,267.36678926149375,268.36542251191753,256.28109567426156,239.35329536064467
2074,36,2074,0,69.13333333333196,12.165525060596439,103.31021246711285,13.0,23.08679276123039,28.160255680657446,31.064449134018133,21.213203435596427,69.35416353759881,46.2709412050371,40.0,38.0,46.0,21.0,27.0,1.0,7.0,16.1245154965971,16.0,16.0,58.0,51.0,45.0,267.31629205867716,267.31629205867716,256.28109567426156,239.35329536064467
2075,36,2075,0,69.1666666666653,18.110770276274835,101.17806086301516,12.041594578792296,24.020824298928627,29.068883707497267,32.0624390837628,21.095023109728988,75.23961722390672,51.24451190127583,42.0,39.0,45.0,21.0,33.0,6.0,9.0,16.0312195418814,16.0,16.5,56.0,50.0,45.0,267.2695268825086,267.22649569232465,255.1960031034969,238.20999139414786
2076,36,2076,0,69.19999999999862,21.095023109728988,102.17631819555841,12.041594578792296,24.020824298928627,29.068883707497267,33.06055050963308,21.095023109728988,78.23042886243178,54.230987451824994,43.5,40.0,46.0,22.0,35.0,8.0,10.0,15.033296378372908,16.0,16.0,57.0,51.0,46.0,267.22649569232465,266.2273464541162,254.19677417308034,239.2091135387613
2077,36,2077,0,69.23333333333196,18.110770276274835,102.17631819555841,12.041594578792296,23.08679276123039,29.068883707497267,33.06055050963308,21.095023109728988,74.33034373659252,51.24451190127583,42.0,39.0,45.0,21.0,32.0,6.0,9.0,15.132745950421556,16.0,16.0,55.0,50.0,46.010868281309364,267.22649569232465,266.1879035568671,254.159398803192,239.2091135387613
2078,36,2078,0,69.26666666666529,17.11724276862369,104.12012293500234,11.045361017187261,22.02271554554524,29.017236257093817,32.01562118716424,22.090722034374522,72.24956747275377,50.24937810560445,41.5,38.0,43.0,18.5,31.5,7.5,7.5,16.1245154965971,16.0,16.0,55.0,49.0,45.0111097397076,267.2695268825086,267.22649569232465,255.23714463220279,240.29981273400944
2079,36,2079,0,69.29999999999862,16.1245154965971,105.17128885774862,12.041594578792296,22.02271554554524,29.068883707497267,32.01562118716424,21.095023109728988,71.25307010929424,49.25444142409901,41.0,36.0,42.0,18.0,32.0,8.0,6.0,16.1245154965971,16.0,16.0,56.0,50.0,46.0,267.31629205867716,267.2695268825086,256.236219141635,240.25195108468944
2080,36,2080,0,69.33333333333195,17.11724276862369,103.12128781197411,11.045361017187261,24.0,29.068883707497267,32.01562118716424,22.090722034374522,74.16872656315464,50.24937810560445,41.5,38.0,43.0,18.5,33.5,7.5,7.5,15.132745950421556,16.0,16.0,54.0,48.0,44.01136216933077,266.2273464541162,266.27053911388697,253.1975513309716,238.20999139414786
2081,36,2081,0,69.36666666666528,20.09975124224178,101.24228365658294,11.045361017187261,23.021728866442675,28.071337695236398,32.0624390837628,22.20360331117452,76.32168761236873,53.33854141237835,43.0,38.0,45.0,19.5,34.5,8.5,8.5,16.1245154965971,16.0,15.5,55.0,50.0,44.01136216933077,268.36542251191753,266.3174797117155,253.28442510347926,237.25513693068902
2082,36,2082,0,69.39999999999861,20.09975124224178,102.17631819555841,10.04987562112089,23.021728866442675,29.154759474226502,32.0624390837628,22.090722034374522,75.23961722390672,52.23983154643591,42.0,38.0,44.0,19.0,34.0,8.0,8.0,15.033296378372908,15.033296378372908,15.5,53.0,49.0,44.0,267.1872002922296,266.1879035568671,253.16002844051033,238.1344158243407
2083,36,2083,0,69.43333333333194,21.095023109728988,103.1746092796091,10.04987562112089,24.0,28.071337695236398,32.0624390837628,21.213203435596427,76.23647421018367,52.3450093132096,41.5,38.0,44.0,20.0,35.0,9.0,10.0,16.0312195418814,16.0,16.0,53.0,49.0,43.0,268.1193763979023,266.12027356065903,254.12595302329905,238.1344158243407
2084,36,2084,0,69.46666666666528,22.090722034374522,102.23991392797629,9.055385138137417,24.020824298928627,27.16615541441225,31.064449134018133,22.090722034374522,77.23341245859851,53.23532661682466,42.0,38.0,45.0,19.5,35.5,9.5,9.5,15.033296378372908,15.0,15.0,53.0,48.0,44.0,267.15164233071823,266.1879035568671,253.16002844051033,237.21087664776252
2085,36,2085,0,69.49999999999861,19.1049731745428,102.17631819555841,10.04987562112089,22.0,27.16615541441225,31.064449134018133,21.213203435596427,72.24956747275377,50.35871324805669,40.5,38.0,44.0,20.0,31.0,6.0,9.0,15.132745950421556,16.0,16.0,53.0,48.0,43.01162633521314,268.1865022703417,266.1522120892479,254.159398803192,236.21176939348302
2086,36,2086,0,69.53333333333194,13.152946437965905,102.3132444994293,11.0,21.02379604162864,27.073972741361768,30.14962686336267,21.213203435596427,66.27216610312357,45.27692569068709,38.5,35.0,43.0,18.0,27.0,3.0,7.0,16.0312195418814,15.033296378372908,15.5,53.0,48.0,43.0,266.1522120892479,265.1886121235224,253.23901753086943,236.25621684941964
2087,36,2087,0,69.56666666666527,13.152946437965905,102.23991392797629,10.0,21.02379604162864,28.160255680657446,30.14962686336267,22.20360331117452,66.27216610312357,45.27692569068709,38.5,37.0,44.0,18.5,25.5,1.5,7.5,15.132745950421556,14.0,14.5,53.0,48.0,45.0111097397076,267.15164233071823,266.1879035568671,252.1606630701942,236.21176939348302
2088,36,2088,0,69.5999999999986,14.142135623730951,101.24228365658294,11.045361017187261,22.0,27.073972741361768,30.066592756745816,20.09975124224178,67.1863081289633,45.27692569068709,38.0,36.0,43.0,19.5,27.5,3.5,8.5,16.0312195418814,15.033296378372908,15.5,53.0,48.0,44.01136216933077,267.1198233003309,266.12027356065903,253.12645061312736,236.13555429032706
2089,36,2089,0,69.63333333333193,20.024984394500787,100.17983829094555,11.045361017187261,21.02379604162864,27.073972741361768,30.01666203960727,22.090722034374522,74.16872656315464,53.150729063673246,43.0,39.0,45.0,20.0,32.0,8.0,9.0,16.1245154965971,16.0312195418814,16.0,54.0,49.0,43.01162633521314,266.1879035568671,265.1527861441399,253.12645061312736,236.17154782064668
2090,36,2090,0,69.66666666666526,22.090722034374522,101.1236866416568,11.0,23.021728866442675,29.017236257093817,32.0624390837628,21.095023109728988,77.1621668954417,54.147945482723536,43.0,40.0,45.0,21.5,34.5,8.5,10.5,16.1245154965971,16.0312195418814,16.0,53.0,48.0,45.0111097397076,266.1522120892479,266.1522120892479,253.12645061312736,236.17154782064668
2091,36,2091,0,69.6999999999986,24.020824298928627,101.1236866416568,10.0,24.020824298928627,29.017236257093817,33.015148038438355,20.09975124224178,78.10249675906654,54.08326913195984,42.0,38.0,43.0,20.5,37.5,11.5,10.5,15.132745950421556,15.0,15.5,53.0,48.0,43.01162633521314,267.1198233003309,266.12027356065903,252.0972034751675,235.10423220350586
2092,36,2092,0,69.73333333333193,25.079872407968907,100.17983829094555,10.0,23.0,29.068883707497267,32.0624390837628,21.095023109728988,79.1012010022604,56.142675390472796,43.5,39.0,45.0,21.0,37.0,12.0,11.0,15.033296378372908,15.0,15.5,52.0,47.0,44.01136216933077,268.1193763979023,266.12027356065903,252.0972034751675,235.1361307838504
2093,36,2093,0,69.76666666666526,26.076809620810597,101.1236866416568,10.0,24.020824298928627,28.071337695236398,33.015148038438355,21.095023109728988,81.15417426109393,57.14017850864661,44.0,40.0,45.0,21.5,38.5,11.5,10.5,15.132745950421556,16.0,16.0,52.0,47.0,45.044422518220834,266.1879035568671,265.1886121235224,253.12645061312736,235.17227727774377
2094,36,2094,0,69.79999999999859,27.073972741361768,101.17806086301516,10.0,23.021728866442675,28.160255680657446,32.0624390837628,21.213203435596427,81.2219182240853,58.215118311311535,44.5,40.0,46.0,22.0,38.0,13.0,11.0,15.033296378372908,15.0,15.5,52.0,47.0,43.04648650006177,267.15164233071823,265.1527861441399,252.1606630701942,235.2126697267815
2095,36,2095,0,69.83333333333192,24.08318915758459,101.17806086301516,9.0,25.019992006393608,28.071337695236398,32.01562118716424,23.194827009486403,81.2219182240853,56.22277118748239,44.0,40.0,46.0,20.0,38.0,11.0,11.0,15.132745950421556,15.0,15.0,52.0,47.0,42.01190307520001,268.1193763979023,266.12027356065903,253.09681941897256,236.07625886564705
2096,36,2096,0,69.86666666666525,21.02379604162864,99.18165152889924,10.04987562112089,22.02271554554524,26.1725046566048,30.14962686336267,22.20360331117452,75.23961722390672,53.23532661682466,42.5,39.0,45.0,20.0,33.0,8.0,9.0,16.1245154965971,16.0312195418814,16.5,53.0,48.0,44.01136216933077,267.15164233071823,266.1879035568671,253.16002844051033,235.17227727774377
2097,36,2097,0,69.89999999999858,18.027756377319946,95.25754563287887,11.045361017187261,23.021728866442675,24.186773244895647,27.16615541441225,23.08679276123039,75.16648189186454,52.15361924162119,43.0,40.0,47.0,20.5,31.5,5.5,8.5,16.1245154965971,16.0312195418814,16.0,52.0,47.0,44.01136216933077,266.12027356065903,265.1527861441399,253.12645061312736,236.13555429032706
2098,36,2098,0,69.93333333333192,14.035668847618199,89.08984229416954,14.0,25.0,23.08679276123039,26.076809620810597,24.08318915758459,77.05841939723393,52.08646657242167,45.0,44.0,48.0,22.0,31.0,3.0,8.0,16.1245154965971,16.0312195418814,16.0,52.0,47.0,44.0,267.1198233003309,266.092089322475,254.09643838511394,236.10379073619296
2099,36,2099,0,69.96666666666525,16.0312195418814,83.15046602394962,15.033296378372908,26.0,21.02379604162864,25.019992006393608,25.079872407968907,82.09750300709517,56.142675390472796,48.0,47.0,52.0,24.5,32.5,4.5,10.5,15.132745950421556,16.0,15.5,53.0,47.0,43.01162633521314,266.1522120892479,265.09243670840556,253.07113624433742,235.07658326596462
2100,36,2100,0,69.99999999999858,16.0312195418814,83.15046602394962,15.033296378372908,26.0,21.02379604162864,25.019992006393608,25.079872407968907,82.09750300709517,56.142675390472796,48.0,47.0,52.0,24.5,32.5,4.5,10.5,15.132745950421556,16.0,15.5,53.0,47.0,43.01162633521314,266.1522120892479,265.09243670840556,253.07113624433742,235.07658326596462
2101,36,2101,0,70.03333333333191,17.029386365926403,84.09518416651456,15.0,26.019223662515376,22.02271554554524,25.079872407968907,24.08318915758459,82.09750300709517,56.08029957123981,47.5,48.0,52.0,26.0,32.0,4.0,11.0,17.11724276862369,16.0312195418814,16.0,52.0,47.0,45.0,266.12027356065903,265.09243670840556,253.03161857759991,234.01922997907673
2102,36,2102,0,70.06666666666524,21.02379604162864,89.1403387922662,13.0,25.019992006393608,24.08318915758459,28.0178514522438,23.194827009486403,82.15229759416349,57.14017850864661,46.5,49.0,54.0,28.5,30.5,3.5,14.5,16.1245154965971,16.0312195418814,15.5,52.0,48.0,45.0,268.1510768205118,266.0676605677586,253.03161857759991,234.01922997907673
2103,36,2103,0,70.09999999999857,17.11724276862369,95.08417323613851,12.0,23.0,26.076809620810597,28.0178514522438,25.179356624028344,77.1621668954417,54.230987451824994,45.5,48.0,52.0,25.0,27.0,2.0,12.0,16.0312195418814,17.0,16.5,51.0,46.0,42.01190307520001,268.1193763979023,266.092089322475,254.04920783186867,236.05296015936761
2104,36,2104,0,70.1333333333319,6.082762530298219,97.04638066409278,15.0,24.020824298928627,24.020824298928627,26.019223662515376,27.073972741361768,72.11102550927978,48.093658625644196,45.0,45.0,48.0,19.5,25.5,0.5,4.5,15.033296378372908,15.0,15.0,50.0,45.0,45.0111097397076,267.0468123756582,267.02996086581743,255.01764644824092,239.0083680543424
2105,36,2105,0,70.16666666666524,2.0,97.04638066409278,15.033296378372908,22.02271554554524,24.020824298928627,26.0,29.068883707497267,68.11754546370561,46.09772228646444,45.0,44.0,47.0,16.5,22.5,1.5,2.5,16.0312195418814,15.033296378372908,15.0,49.0,45.0,44.01136216933077,266.0676605677586,265.03018695990085,252.01785651020842,237.01898658124415
2106,36,2106,0,70.19999999999857,9.219544457292887,99.00505037623081,13.0,22.0,25.019992006393608,27.0,28.0178514522438,72.06247289678588,50.08991914547278,45.5,46.0,47.0,18.5,25.5,2.5,5.5,15.033296378372908,15.033296378372908,15.0,49.0,47.0,45.0111097397076,265.0018867857359,264.0018939326004,252.01785651020842,237.01898658124415
2107,36,2107,0,70.2333333333319,20.024984394500787,99.00505037623081,10.0,23.0,26.0,30.0,24.0,77.00649323271382,54.00925846556311,44.0,44.0,45.0,20.5,32.5,8.5,10.5,15.132745950421556,15.0,15.5,49.0,48.0,44.0,266.0018796926067,265.0075470623431,253.00790501484337,237.01898658124415
2108,36,2108,0,70.26666666666523,19.026297590440446,100.00499987500625,11.0,23.0,26.0,30.01666203960727,23.0,76.00657866263946,53.009433122794285,43.5,43.0,44.0,20.5,32.5,8.5,10.5,14.142135623730951,15.0,15.5,48.0,47.0,44.0,265.0,265.0075470623431,255.01764644824092,238.01890681204299
2109,36,2109,0,70.29999999999856,21.02379604162864,96.0,11.0,22.0,28.0178514522438,30.01666203960727,21.02379604162864,75.02666192761077,53.03772242470448,42.5,44.0,44.0,23.0,31.0,7.0,12.0,14.035668847618199,14.0,14.5,49.0,49.0,43.0,267.0,265.0018867857359,253.00790501484337,236.00847442411893
2110,36,2110,0,70.3333333333319,19.1049731745428,94.00531899844816,11.0,23.0,28.0178514522438,32.01562118716424,19.235384061671343,72.17340230306452,49.25444142409901,39.5,41.0,42.0,22.5,30.5,5.5,11.5,15.033296378372908,15.033296378372908,15.0,49.0,47.0,43.01162633521314,265.0018867857359,264.0018939326004,252.03174403237384,235.05318547086316
2111,36,2111,0,70.36666666666522,19.1049731745428,94.02127418834527,11.0,23.0,29.0,32.0,19.235384061671343,72.17340230306452,49.25444142409901,39.5,40.0,42.0,22.0,31.0,5.0,12.0,15.033296378372908,15.033296378372908,15.0,48.0,47.0,43.01162633521314,266.0018796926067,264.0018939326004,252.03174403237384,235.03404008781365
2112,36,2112,0,70.39999999999856,20.09975124224178,97.04638066409278,10.0,24.0,29.017236257093817,31.0,20.223748416156685,74.16872656315464,50.24937810560445,40.0,40.0,43.0,21.5,32.5,6.5,11.5,15.033296378372908,15.033296378372908,15.0,48.0,47.0,44.0,266.0018796926067,264.0075756488817,251.03187048659777,235.03404008781365
2113,36,2113,0,70.43333333333189,21.095023109728988,100.0199980003999,10.0,24.0,29.017236257093817,33.0,20.223748416156685,75.16648189186454,51.24451190127583,40.5,39.0,41.0,20.0,35.0,10.0,11.0,15.033296378372908,15.033296378372908,15.5,48.0,47.0,41.0,266.01691675530714,264.0075756488817,252.00198411917316,236.0
2114,36,2114,0,70.46666666666522,21.02379604162864,104.01922899156675,10.0,24.0,30.01666203960727,34.0,20.09975124224178,75.05997601918082,51.088159097779204,40.5,37.0,39.0,18.0,37.0,11.0,9.0,14.035668847618199,14.035668847618199,14.5,49.0,47.0,42.0,266.0018796926067,265.0018867857359,252.00793638296395,236.00847442411893
2115,36,2115,0,70.49999999999855,21.095023109728988,104.04326023342406,10.0,24.020824298928627,30.01666203960727,33.0,20.09975124224178,75.05997601918082,51.15662224971465,40.5,36.0,39.0,17.5,37.5,11.5,8.5,14.035668847618199,14.035668847618199,14.0,49.0,47.0,43.0,266.0,266.0,253.00790501484337,238.00840321299583
2116,36,2116,0,70.53333333333188,23.08679276123039,106.00471687618433,9.0,24.0,30.01666203960727,33.015148038438355,21.02379604162864,77.05841939723393,53.08483775994799,41.5,37.0,38.0,16.5,39.5,14.5,7.5,15.033296378372908,14.035668847618199,14.0,48.0,47.0,43.0,266.00751869073173,265.0,252.00793638296395,237.00843866833097
2117,36,2117,0,70.56666666666521,26.019223662515376,104.00480758118829,8.0,24.0,30.01666203960727,33.0,22.090722034374522,80.05623023850174,56.08029957123981,43.0,38.0,39.0,16.5,41.5,15.5,8.5,15.033296378372908,15.033296378372908,15.5,48.0,47.0,45.0,267.02996086581743,265.0018867857359,253.00197627686626,236.0
2118,36,2118,0,70.59999999999854,26.019223662515376,105.00476179678711,9.0,24.0,30.01666203960727,33.015148038438355,21.095023109728988,80.05623023850174,56.08029957123981,43.0,38.0,39.0,17.5,41.5,16.5,8.5,15.033296378372908,15.033296378372908,15.5,48.0,47.0,44.01136216933077,267.0074905316328,265.0018867857359,253.00197627686626,237.0
2119,36,2119,0,70.63333333333188,25.019992006393608,105.0,9.0,23.0,29.0,33.015148038438355,22.090722034374522,79.05694150420949,56.08029957123981,43.5,39.0,39.0,17.0,40.0,15.0,9.0,14.035668847618199,15.033296378372908,15.0,48.0,47.0,42.01190307520001,268.00746258266764,265.0018867857359,252.00793638296395,237.00210969525145
2120,36,2120,0,70.66666666666521,24.020824298928627,105.0,9.0,22.0,30.0,34.0147027033899,22.090722034374522,77.05841939723393,55.08175741568164,43.0,38.0,38.0,16.0,39.0,16.0,8.0,15.033296378372908,15.033296378372908,15.0,48.0,47.0,43.0,268.01679051880313,265.0075470623431,252.00198411917316,237.0
2121,36,2121,0,70.69999999999854,23.021728866442675,105.0,9.0,23.0,30.0,33.015148038438355,21.095023109728988,76.05918747922567,53.08483775994799,41.5,36.0,36.0,15.0,40.0,15.0,7.0,14.035668847618199,15.033296378372908,15.0,48.0,47.0,42.0,267.00187265260894,265.0,252.00793638296395,237.00843866833097
2122,36,2122,0,70.73333333333187,23.021728866442675,105.0,10.0,22.0,29.017236257093817,33.06055050963308,21.095023109728988,76.05918747922567,54.08326913195984,42.5,37.0,37.0,16.0,39.0,15.0,7.0,15.033296378372908,16.0312195418814,15.5,49.0,48.0,42.0,267.01685340067957,265.0018867857359,253.00790501484337,238.00840321299583
2123,36,2123,0,70.7666666666652,22.02271554554524,104.00480758118829,9.0,23.0,30.0,33.015148038438355,22.090722034374522,76.05918747922567,53.08483775994799,42.0,37.0,38.0,15.5,38.5,14.5,7.5,15.033296378372908,15.033296378372908,15.0,48.0,47.0,42.0,268.0,266.0018796926067,254.00787389370433,238.0021008310641
2124,36,2124,0,70.79999999999853,23.08679276123039,104.00480758118829,9.0,23.0,30.0,33.015148038438355,21.095023109728988,76.10519036176179,53.150729063673246,41.5,36.0,37.0,15.5,39.5,15.5,7.5,15.033296378372908,15.132745950421556,15.5,48.0,47.0,42.01190307520001,267.0,265.0075470623431,252.03174403237384,236.01906702637396
2125,36,2125,0,70.83333333333186,23.021728866442675,105.00476179678711,9.0,23.021728866442675,30.0,33.015148038438355,21.095023109728988,76.10519036176179,53.08483775994799,41.5,37.0,38.0,16.5,38.5,14.5,8.5,15.033296378372908,15.033296378372908,15.0,49.0,47.0,42.01190307520001,267.01685340067957,265.0075470623431,252.00198411917316,236.0
2126,36,2126,0,70.8666666666652,24.08318915758459,105.00476179678711,9.0,22.0,30.0,33.015148038438355,21.095023109728988,76.10519036176179,54.147945482723536,42.0,37.0,38.0,16.5,38.5,14.5,8.5,15.033296378372908,15.033296378372908,15.0,48.0,47.0,43.01162633521314,267.01685340067957,266.0018796926067,253.00790501484337,237.00843866833097
2127,36,2127,0,70.89999999999853,24.08318915758459,103.00485425454472,9.0,23.0,30.01666203960727,33.0,22.090722034374522,78.10249675906654,55.14526271584895,43.0,38.0,39.0,16.5,39.5,14.5,8.5,10.0,10.04987562112089,10.0,48.0,46.0,42.01190307520001,266.00751869073173,265.0,252.00793638296395,237.01898658124415
2128,36,2128,0,70.93333333333186,27.073972741361768,104.00480758118829,9.0,23.0,30.0,34.0147027033899,22.090722034374522,81.09870529176159,58.137767414994535,44.5,39.0,40.0,17.5,41.5,16.5,9.5,7.0,8.0,7.5,49.0,48.0,42.0,265.0075470623431,264.0170449043016,252.00198411917316,236.01906702637396
2129,36,2129,0,70.96666666666519,29.068883707497267,103.00485425454472,9.0,23.0,30.01666203960727,33.0,22.20360331117452,83.15046602394962,60.207972893961475,45.5,41.0,42.0,19.5,41.5,16.5,10.5,6.0,6.082762530298219,6.5,50.0,48.0,43.0,266.01691675530714,263.00760445279906,252.0,237.00210969525145
2130,36,2130,0,70.99999999999852,30.01666203960727,104.00480758118829,9.0,23.0,29.0,34.0147027033899,22.20360331117452,84.09518416651456,61.1310068623117,46.0,41.0,42.0,19.5,42.5,17.5,10.5,7.0,7.0710678118654755,6.5,50.0,48.0,43.0,267.0074905316328,264.0018939326004,252.00198411917316,237.0
2131,36,2131,0,71.03333333333185,31.016124838541646,104.0,9.055385138137417,23.021728866442675,30.01666203960727,34.0,21.02379604162864,84.09518416651456,61.07372593840988,45.5,41.0,41.0,20.0,43.0,18.0,11.0,7.0,8.06225774829855,7.5,49.0,48.0,43.01162633521314,268.00746258266764,265.0018867857359,252.00793638296395,236.00847442411893
2132,36,2132,0,71.06666666666518,25.019992006393608,103.04368005850722,8.0,24.020824298928627,28.0178514522438,31.016124838541646,24.08318915758459,81.09870529176159,57.07889277132134,44.5,40.0,43.0,17.5,39.5,14.5,9.5,6.0,7.0,7.0,49.0,48.0,45.0111097397076,267.0468123756582,265.03018695990085,252.00793638296395,237.00843866833097
2133,36,2133,0,71.09999999999852,16.0312195418814,99.02019995940222,11.0,24.0,25.0,29.0,24.08318915758459,75.05997601918082,51.088159097779204,43.0,41.0,43.0,18.0,33.0,8.0,8.0,8.0,9.0,9.0,48.0,47.0,45.0111097397076,266.03007348794233,266.01691675530714,255.00784301664135,238.00840321299583
2134,36,2134,0,71.13333333333185,11.045361017187261,97.0,13.0,24.0,23.0,27.0,25.179356624028344,73.10950690573696,49.16299421312742,43.5,43.0,43.0,18.0,30.0,5.0,6.0,11.0,11.0,10.5,48.0,47.0,45.0111097397076,265.03018695990085,266.00751869073173,255.0,239.0
2135,36,2135,0,71.16666666666518,8.06225774829855,95.0,14.035668847618199,26.0,24.0,27.0,26.1725046566048,74.06078584514209,48.093658625644196,44.0,44.0,44.0,18.0,30.0,3.0,5.0,11.0,11.045361017187261,11.0,48.0,46.0,45.044422518220834,264.06817301598466,265.03018695990085,255.0019607767752,239.00209204105306
2136,36,2136,0,71.19999999999851,7.0,92.0,15.0,27.0,23.0,26.0,26.1725046566048,75.05997601918082,48.093658625644196,44.5,44.0,44.0,18.0,31.0,3.0,4.0,13.038404810405298,13.038404810405298,13.0,49.0,47.0,43.01162633521314,265.06791582535976,266.03007348794233,254.01771591761076,239.0083680543424
2137,36,2137,0,71.23333333333184,6.082762530298219,91.00549433962765,15.0,26.0,22.0,26.0,28.071337695236398,75.05997601918082,49.09175083453431,46.0,45.0,46.0,17.5,29.5,1.5,3.5,12.041594578792296,13.038404810405298,13.0,49.0,47.0,44.0,264.15336454416024,265.1207272168662,255.07057846799972,238.0756182392477
2138,36,2138,0,71.26666666666517,5.0990195135927845,91.02197536858887,16.0,27.0,22.0,26.0,29.154759474226502,77.10382610480494,50.15974481593781,47.5,45.0,47.0,17.0,31.0,2.0,2.0,13.038404810405298,14.0,13.5,48.0,45.0,44.01136216933077,264.12118430750684,265.1207272168662,254.07085625864295,238.10291892372928
2139,36,2139,0,71.2999999999985,6.082762530298219,94.04786015641186,17.0,27.018512172212592,23.021728866442675,27.018512172212592,27.16615541441225,77.1621668954417,50.15974481593781,47.0,45.0,48.0,19.5,30.5,1.5,3.5,13.038404810405298,13.038404810405298,13.5,50.0,46.0,46.010868281309364,265.1207272168662,266.092089322475,255.04901489713697,239.07530194480566
2140,36,2140,0,71.33333333333184,15.033296378372908,96.13012014972206,14.0,24.020824298928627,25.019992006393608,29.017236257093817,24.331050121192877,77.23341245859851,53.23532661682466,45.5,43.0,48.0,21.5,31.5,5.5,7.5,14.035668847618199,14.0,14.5,50.0,45.0,43.0,266.1879035568671,266.12027356065903,255.07057846799972,239.10248848558643
2141,36,2141,0,71.36666666666517,20.09975124224178,101.17806086301516,13.0,25.019992006393608,27.073972741361768,32.01562118716424,22.20360331117452,80.22468448052632,55.226805085936306,45.0,42.0,48.0,23.0,35.0,8.0,10.0,13.152946437965905,15.033296378372908,14.5,50.0,45.0,44.0,266.1879035568671,265.1207272168662,253.07113624433742,238.0756182392477
2142,36,2142,0,71.3999999999985,23.08679276123039,101.17806086301516,11.0,25.0,29.017236257093817,32.01562118716424,22.20360331117452,81.15417426109393,56.22277118748239,44.5,42.0,48.0,23.0,36.0,10.0,12.0,14.035668847618199,15.033296378372908,14.5,50.0,45.0,43.01162633521314,265.228203628498,266.1879035568671,255.09606033806168,238.1344158243407
2143,36,2143,0,71.43333333333183,22.20360331117452,101.17806086301516,11.0,24.020824298928627,28.071337695236398,31.016124838541646,22.090722034374522,79.22752047110903,55.226805085936306,44.0,42.0,48.0,23.0,34.0,9.0,11.0,14.035668847618199,14.0,14.0,51.0,44.0,44.01136216933077,266.27053911388697,265.228203628498,253.16002844051033,237.21087664776252
2144,36,2144,0,71.46666666666516,21.095023109728988,102.07840124139877,12.041594578792296,23.021728866442675,29.017236257093817,32.0,22.090722034374522,78.23042886243178,55.226805085936306,44.5,42.0,46.0,22.0,34.0,9.0,10.0,14.035668847618199,15.033296378372908,14.5,51.0,44.0,43.04648650006177,265.3695536417092,265.27155897306443,254.159398803192,238.17010727629108
2145,36,2145,0,71.4999999999985,20.09975124224178,102.12247548899312,11.045361017187261,23.021728866442675,28.0178514522438,32.01562118716424,22.090722034374522,76.23647421018367,53.23532661682466,43.0,40.0,45.0,20.5,33.5,8.5,9.5,15.132745950421556,15.0,15.0,52.0,45.0,42.01190307520001,264.27258654654287,265.1886121235224,253.12645061312736,238.1344158243407
2146,36,2146,0,71.53333333333183,19.235384061671343,102.12247548899312,12.0,23.0,29.017236257093817,32.01562118716424,22.20360331117452,76.23647421018367,53.33854141237835,43.5,39.0,44.0,19.5,34.5,9.5,7.5,14.035668847618199,15.0,15.0,51.0,44.0,42.01190307520001,266.3174797117155,265.228203628498,253.12645061312736,238.1344158243407
2147,36,2147,0,71.56666666666516,23.08679276123039,101.17806086301516,12.041594578792296,23.021728866442675,29.068883707497267,32.0,22.090722034374522,80.22468448052632,57.21887800367987,45.5,40.0,46.0,21.0,37.0,12.0,9.0,14.142135623730951,14.0,14.0,51.0,45.0,42.01190307520001,267.31629205867716,265.27155897306443,253.1975513309716,237.21087664776252
2148,36,2148,0,71.59999999999849,31.144823004794873,101.1236866416568,11.0,22.0,30.01666203960727,34.0,22.20360331117452,86.20904824900923,64.28063471995279,48.5,43.0,48.0,23.5,40.5,15.5,12.5,14.035668847618199,14.0,14.0,51.0,45.0,44.04543109109048,266.27053911388697,265.228203628498,253.12645061312736,237.17082451262846
2149,36,2149,0,71.63333333333182,33.06055050963308,102.17631819555841,10.04987562112089,23.0,30.066592756745816,34.0147027033899,22.090722034374522,88.14193099768123,65.19202405202648,48.5,43.0,49.0,24.0,42.0,17.0,13.0,14.035668847618199,14.0,14.0,51.0,45.0,43.04648650006177,267.1872002922296,265.1527861441399,252.1269521491108,236.13555429032706
2150,36,2150,0,71.66666666666515,28.0178514522438,103.1746092796091,11.045361017187261,22.02271554554524,29.068883707497267,33.06055050963308,21.095023109728988,82.15229759416349,60.13318551349163,46.0,42.0,48.0,24.0,37.0,13.0,13.0,14.035668847618199,14.0,14.0,51.0,44.0,43.04648650006177,267.31629205867716,266.27053911388697,254.19677417308034,238.20999139414786
2151,36,2151,0,71.69999999999848,16.1245154965971,101.17806086301516,12.0,22.0,28.071337695236398,30.066592756745816,21.095023109728988,71.11258679024411,49.16299421312742,41.0,39.0,45.0,21.0,29.0,4.0,9.0,15.132745950421556,15.0,15.0,50.0,43.0,43.04648650006177,266.27053911388697,265.228203628498,254.159398803192,238.1344158243407
2152,36,2152,0,71.73333333333181,13.038404810405298,103.1746092796091,12.041594578792296,22.02271554554524,26.076809620810597,29.068883707497267,21.095023109728988,68.18357573492314,46.17358552246078,39.5,39.0,45.0,21.0,26.0,2.0,8.0,14.035668847618199,14.0,14.0,50.0,44.0,43.01162633521314,266.2273464541162,266.1879035568671,255.12545933324648,238.1344158243407
2153,36,2153,0,71.76666666666515,12.041594578792296,98.12746812182611,13.0,23.021728866442675,27.073972741361768,29.068883707497267,19.4164878389476,67.26812023536856,44.28317965096906,38.0,39.0,44.0,22.5,25.5,0.5,9.5,14.035668847618199,15.033296378372908,14.5,50.0,44.0,43.01162633521314,265.1886121235224,265.1207272168662,254.04920783186867,237.05273674859777
2154,36,2154,0,71.79999999999848,13.038404810405298,96.08329719571451,13.0,23.021728866442675,25.019992006393608,29.017236257093817,20.396078054371138,69.26037828369117,46.2709412050371,39.5,40.0,44.0,22.0,27.0,2.0,9.0,15.033296378372908,15.0,15.0,50.0,44.0,43.01162633521314,264.12118430750684,264.06817301598466,253.04940229133123,237.03375287076733
2155,36,2155,0,71.83333333333181,14.035668847618199,93.08598175880189,14.0,24.020824298928627,24.020824298928627,27.018512172212592,22.20360331117452,74.16872656315464,50.15974481593781,43.0,42.0,46.0,22.0,30.0,4.0,9.0,14.035668847618199,15.0,14.5,50.0,44.0,42.01190307520001,266.1879035568671,266.12027356065903,254.04920783186867,237.03375287076733
2156,36,2156,0,71.86666666666514,13.038404810405298,90.0499861188218,15.0,24.0,23.021728866442675,26.019223662515376,23.194827009486403,75.1065909225016,51.15662224971465,44.5,43.0,46.0,21.5,30.5,4.5,7.5,15.132745950421556,15.033296378372908,15.5,51.0,45.0,44.01136216933077,264.15336454416024,264.12118430750684,253.04940229133123,236.05296015936761
2157,36,2157,0,71.89999999999847,11.180339887498949,89.08984229416954,16.0,25.0,21.02379604162864,25.079872407968907,24.08318915758459,76.10519036176179,51.15662224971465,45.5,43.0,47.0,21.0,31.0,4.0,6.0,16.0312195418814,15.0,15.0,51.0,46.0,44.0,265.1207272168662,265.06791582535976,253.03161857759991,235.03404008781365
2158,36,2158,0,71.9333333333318,10.04987562112089,92.04890004774636,15.0,24.0,22.090722034374522,25.079872407968907,26.1725046566048,75.1065909225016,51.15662224971465,46.0,43.0,46.0,18.5,30.5,3.5,3.5,15.132745950421556,15.0,15.0,51.0,46.0,43.0,265.1527861441399,265.06791582535976,254.03149411047443,237.01898658124415
2159,36,2159,0,71.96666666666513,10.04987562112089,91.0494371207203,15.0,24.0,22.090722034374522,25.019992006393608,26.1725046566048,75.1065909225016,51.15662224971465,46.0,43.0,46.0,18.5,30.5,4.5,3.5,15.033296378372908,15.033296378372908,15.0,50.0,45.0,41.0,264.15336454416024,264.06817301598466,254.01771591761076,236.00847442411893
2160,36,2160,0,71.99999999999847,10.04987562112089,93.04837451562494,15.0,24.0,22.02271554554524,25.019992006393608,26.1725046566048,75.1065909225016,51.15662224971465,46.0,43.0,46.0,18.5,30.5,3.5,3.5,15.132745950421556,16.0312195418814,15.5,51.0,47.0,43.0,265.1207272168662,264.06817301598466,254.03149411047443,236.01906702637396
2161,36,2161,0,72.0333333333318,11.045361017187261,96.04686356149273,14.0,25.0,22.02271554554524,26.019223662515376,25.179356624028344,75.1065909225016,50.15974481593781,44.5,42.0,45.0,18.5,31.5,4.5,4.5,16.0312195418814,15.0,15.0,52.0,47.0,44.01136216933077,265.1207272168662,266.04698833100895,254.01771591761076,237.00843866833097
2162,36,2162,0,72.06666666666513,13.152946437965905,100.12492197250393,14.035668847618199,24.0,23.08679276123039,26.076809620810597,23.08679276123039,74.16872656315464,50.24937810560445,43.5,40.0,45.0,19.5,31.5,5.5,5.5,15.033296378372908,16.0,15.5,50.0,46.0,44.0,266.092089322475,266.04698833100895,254.00787389370433,238.01890681204299
2163,36,2163,0,72.09999999999846,13.152946437965905,101.07917688624102,13.0,23.0,24.08318915758459,26.019223662515376,24.186773244895647,73.17103251970687,50.24937810560445,43.5,41.0,45.0,19.0,30.0,5.0,6.0,15.132745950421556,16.0312195418814,15.5,50.0,46.0,43.01162633521314,265.1207272168662,265.09243670840556,254.04920783186867,237.0759372015642
2164,36,2164,0,72.13333333333179,8.06225774829855,98.08159868191383,15.0,24.0,21.02379604162864,25.019992006393608,26.30589287593181,73.17103251970687,49.25444142409901,45.0,41.0,45.0,17.0,30.0,4.0,2.0,15.132745950421556,15.033296378372908,15.0,52.0,47.0,44.01136216933077,265.1207272168662,266.0676605677586,256.0175775215444,240.01874926763534
2165,36,2165,0,72.16666666666512,6.082762530298219,99.08077512817509,15.0,24.0,22.090722034374522,25.019992006393608,26.30589287593181,71.17583859709698,47.265209192385896,44.0,40.0,44.0,16.0,29.0,3.0,1.0,15.033296378372908,15.033296378372908,15.0,51.0,46.0,43.0,265.1207272168662,265.09243670840556,255.04901489713697,240.05207768315609
2166,36,2166,0,72.19999999999845,5.0990195135927845,99.08077512817509,16.0,25.019992006393608,22.090722034374522,25.079872407968907,26.30589287593181,72.24956747275377,47.265209192385896,44.5,40.0,44.0,16.0,30.0,3.0,0.0,15.132745950421556,15.0,15.0,52.0,47.0,45.0111097397076,265.1207272168662,266.0676605677586,255.04901489713697,238.05251521460553
2167,36,2167,0,72.23333333333179,10.198039027185569,103.12128781197411,13.038404810405298,23.021728866442675,26.019223662515376,30.066592756745816,24.08318915758459,70.25667228100119,47.265209192385896,42.0,39.0,44.0,17.5,28.5,2.5,4.5,16.0312195418814,15.033296378372908,15.0,51.0,46.0,44.01136216933077,266.12027356065903,266.092089322475,254.03149411047443,239.0334704596827
2168,36,2168,0,72.26666666666512,12.165525060596439,104.12012293500234,13.0,23.021728866442675,28.0178514522438,31.064449134018133,23.345235059857504,71.34423592694787,48.373546489791295,42.0,39.0,44.0,18.5,29.5,4.5,6.5,15.132745950421556,15.0,15.0,51.0,46.0,43.01162633521314,266.12027356065903,265.09243670840556,254.03149411047443,239.0522955338434
2169,36,2169,0,72.29999999999845,14.142135623730951,103.12128781197411,11.045361017187261,23.021728866442675,28.0178514522438,31.016124838541646,23.194827009486403,71.34423592694787,48.373546489791295,41.0,38.0,43.0,17.5,30.5,5.5,6.5,16.1245154965971,16.0312195418814,15.5,51.0,46.0,41.012193308819754,267.1872002922296,265.1207272168662,254.04920783186867,239.07530194480566
2170,36,2170,0,72.33333333333178,16.1245154965971,102.07840124139877,11.0,23.021728866442675,28.071337695236398,31.016124838541646,23.194827009486403,73.24616030891995,50.24937810560445,42.0,39.0,43.0,18.0,32.0,7.0,7.0,15.132745950421556,15.0,15.0,52.0,46.0,43.01162633521314,267.15164233071823,266.1522120892479,254.07085625864295,240.0749882849107
2171,36,2171,0,72.36666666666511,17.11724276862369,104.12012293500234,12.0,24.020824298928627,29.068883707497267,32.0624390837628,22.360679774997898,75.32595834106593,51.35172830587107,42.5,39.0,44.0,19.5,33.5,7.5,7.5,16.1245154965971,15.0,15.0,51.0,46.0,43.01162633521314,266.1879035568671,264.15336454416024,253.07113624433742,239.07530194480566
2172,36,2172,0,72.39999999999844,19.1049731745428,104.0768946500615,11.0,23.021728866442675,29.017236257093817,32.01562118716424,22.360679774997898,75.32595834106593,52.3450093132096,42.5,40.0,44.0,20.0,33.0,7.0,9.0,16.1245154965971,16.0,15.5,51.0,46.0,43.01162633521314,265.1886121235224,264.15336454416024,252.07141845120006,238.0756182392477
2173,36,2173,0,72.43333333333177,18.24828759089466,103.12128781197411,12.0,25.0,30.066592756745816,32.01562118716424,22.20360331117452,77.23341245859851,52.3450093132096,43.0,40.0,45.0,20.5,34.5,7.5,8.5,15.132745950421556,16.0312195418814,15.5,50.0,44.0,42.01190307520001,266.2273464541162,264.18932605235966,253.09681941897256,238.10291892372928
2174,36,2174,0,72.4666666666651,19.1049731745428,104.12012293500234,12.041594578792296,24.020824298928627,29.068883707497267,32.0624390837628,22.090722034374522,77.23341245859851,53.23532661682466,43.5,40.0,45.0,20.5,34.5,8.5,8.5,15.033296378372908,16.0,15.5,50.0,45.0,42.01190307520001,267.1872002922296,266.1522120892479,254.07085625864295,239.07530194480566
2175,36,2175,0,72.49999999999844,22.090722034374522,103.12128781197411,12.0,24.020824298928627,28.0178514522438,31.016124838541646,22.20360331117452,80.22468448052632,56.22277118748239,45.0,42.0,47.0,22.5,35.5,9.5,10.5,15.033296378372908,15.0,15.0,50.0,45.0,42.0,266.1879035568671,265.1527861441399,253.07113624433742,239.0522955338434
2176,36,2176,0,72.53333333333177,23.08679276123039,104.0768946500615,12.0,24.020824298928627,29.068883707497267,32.01562118716424,23.194827009486403,82.21921916437786,58.215118311311535,46.5,45.0,49.0,24.0,35.0,9.0,12.0,15.033296378372908,16.0,16.0,50.0,45.0,41.012193308819754,267.1872002922296,266.1522120892479,254.07085625864295,239.07530194480566
2177,36,2177,0,72.5666666666651,25.079872407968907,102.04410811016969,13.0,24.020824298928627,29.017236257093817,33.015148038438355,22.20360331117452,84.2140130857092,60.207972893961475,47.5,47.0,50.0,26.5,35.5,10.5,13.5,16.0312195418814,16.0312195418814,16.0,50.0,45.0,40.01249804748511,266.12027356065903,264.06817301598466,253.03161857759991,238.01890681204299
2178,36,2178,0,72.59999999999843,27.073972741361768,103.04368005850722,12.0,24.020824298928627,29.017236257093817,33.0,23.08679276123039,86.14522621712709,62.12889826803627,48.5,47.0,50.0,25.5,37.5,11.5,13.5,14.035668847618199,15.0,15.0,49.0,44.0,42.01190307520001,267.1872002922296,265.1207272168662,253.07113624433742,238.05251521460553
2179,36,2179,0,72.63333333333176,28.071337695236398,102.0196059588548,12.041594578792296,24.0,29.017236257093817,32.0,23.08679276123039,87.14355971613737,63.198101237299845,49.0,49.0,51.0,27.0,37.0,11.0,15.0,15.132745950421556,16.0,15.5,49.0,45.0,40.0,267.09174453734056,266.04698833100895,253.00790501484337,238.0021008310641
2180,36,2180,0,72.6666666666651,29.068883707497267,101.01980003939822,13.0,24.020824298928627,28.071337695236398,33.0,22.20360331117452,88.20430828479978,64.19501538281614,49.5,49.0,51.0,28.0,38.0,12.0,15.0,16.0312195418814,16.0,16.0,49.0,45.0,42.0,267.15164233071823,265.09243670840556,253.03161857759991,237.03375287076733
2181,36,2181,0,72.69999999999843,30.066592756745816,100.0199980003999,12.0,24.0,29.017236257093817,32.01562118716424,23.194827009486403,89.1403387922662,65.19202405202648,50.0,50.0,52.0,28.0,38.0,12.0,16.0,16.1245154965971,17.0,16.5,49.0,45.0,42.0,267.1198233003309,265.06791582535976,251.01792764661252,235.00851048419503
2182,36,2182,0,72.73333333333176,31.064449134018133,101.00495037373169,13.0,24.0,28.0178514522438,32.0,22.20360331117452,90.13878188659973,66.18912297349165,50.5,50.0,51.0,28.5,39.5,13.5,15.5,15.033296378372908,15.0,15.0,50.0,45.0,41.012193308819754,266.1522120892479,266.0676605677586,253.0177859360879,237.00843866833097
2183,36,2183,0,72.76666666666509,31.064449134018133,101.01980003939822,13.038404810405298,23.0,28.0178514522438,33.0,22.090722034374522,89.1403387922662,66.18912297349165,50.5,50.0,52.0,29.0,38.0,13.0,16.0,15.033296378372908,16.0,16.0,50.0,46.0,41.0,266.092089322475,265.06791582535976,253.0177859360879,237.00843866833097
2184,36,2184,0,72.79999999999842,34.058772731852805,101.01980003939822,12.0,24.020824298928627,29.068883707497267,33.0,22.20360331117452,92.19544457292888,68.18357573492314,51.0,51.0,53.0,30.0,40.0,14.0,17.0,16.0312195418814,16.0,15.5,50.0,46.0,40.0,266.12027356065903,265.06791582535976,252.00793638296395,236.00211863455803
2185,36,2185,0,72.83333333333175,34.058772731852805,101.01980003939822,12.0,23.0,29.068883707497267,33.0,22.20360331117452,91.13725912051558,68.18357573492314,51.0,50.0,52.0,29.0,40.0,15.0,16.0,15.033296378372908,16.0,15.5,50.0,46.0,40.0,267.0674072214728,266.03007348794233,251.00796800101784,235.00212764994276
2186,36,2186,0,72.86666666666508,34.058772731852805,101.01980003939822,12.0,24.0,29.017236257093817,33.0,23.194827009486403,93.13431161500041,69.18092222571191,52.0,52.0,54.0,30.0,40.0,14.0,18.0,15.132745950421556,16.0312195418814,15.5,49.0,46.0,41.0,266.092089322475,265.06791582535976,251.00796800101784,235.00851048419503
2187,36,2187,0,72.89999999999841,34.058772731852805,100.00499987500625,12.0,24.0,28.0178514522438,32.0,22.20360331117452,92.13576938409967,68.18357573492314,51.0,51.0,52.0,29.5,40.5,14.5,17.5,15.033296378372908,16.0,16.0,50.0,46.0,41.0,266.092089322475,265.06791582535976,253.0177859360879,235.00851048419503
2188,36,2188,0,72.93333333333175,32.01562118716424,100.00499987500625,13.038404810405298,24.020824298928627,28.0178514522438,33.0,22.090722034374522,91.13725912051558,67.11929677819934,51.0,51.0,52.0,29.5,39.5,13.5,16.5,16.0312195418814,16.0312195418814,16.5,49.0,45.0,43.0,266.092089322475,265.04716561397146,251.0019920239678,235.00212764994276
2189,36,2189,0,72.96666666666508,28.0178514522438,100.0199980003999,13.0,24.020824298928627,28.0178514522438,31.0,24.186773244895647,89.1403387922662,65.12296062065974,51.0,50.0,52.0,27.0,38.0,12.0,15.0,15.132745950421556,16.0,16.0,50.0,46.0,42.0,266.0676605677586,265.03018695990085,251.00796800101784,236.00211863455803
2190,36,2190,0,72.99999999999841,29.017236257093817,100.00499987500625,12.0,24.020824298928627,27.018512172212592,31.0,25.179356624028344,90.13878188659973,66.12110101926616,51.5,51.0,52.0,26.5,38.5,12.5,14.5,16.0312195418814,16.0312195418814,15.5,50.0,47.0,40.0,267.0674072214728,267.01685340067957,253.0,236.0
2191,36,2191,0,73.03333333333174,15.033296378372908,99.00505037623081,15.0,23.0,24.0,27.018512172212592,28.071337695236398,81.05553651663777,58.077534382926416,50.5,49.0,50.0,21.5,31.5,7.5,7.5,15.033296378372908,16.0,16.0,50.0,46.0,41.0,264.09278672466615,265.04716561397146,253.0177859360879,237.00843866833097
2192,36,2192,0,73.06666666666507,2.23606797749979,99.02019995940222,16.0,22.0,22.02271554554524,25.0,32.0624390837628,72.06247289678588,50.08991914547278,49.0,46.0,48.0,15.0,25.0,1.0,0.0,16.0312195418814,15.0,15.0,48.0,44.0,41.012193308819754,264.09278672466615,265.04716561397146,253.0177859360879,237.00843866833097
2193,36,2193,0,73.0999999999984,1.4142135623730951,101.01980003939822,17.029386365926403,21.0,23.0,24.0,33.015148038438355,70.06425622241343,49.09175083453431,49.5,47.0,49.0,15.0,22.0,1.0,0.0,16.0312195418814,16.0,16.0,49.0,45.0,43.01162633521314,263.04752422328556,265.0075470623431,253.0177859360879,237.05273674859777
2194,36,2194,0,73.13333333333173,2.23606797749979,99.00505037623081,16.0,22.0,23.021728866442675,26.019223662515376,32.01562118716424,69.06518659932803,47.095647357266465,47.5,47.0,48.0,15.5,21.5,1.5,0.5,16.1245154965971,16.0312195418814,16.0,48.0,45.0,43.0,265.01698058803703,265.0,253.0177859360879,237.01898658124415
2195,36,2195,0,73.16666666666507,1.4142135623730951,98.00510190801293,16.0312195418814,22.0,23.021728866442675,25.019992006393608,31.016124838541646,70.06425622241343,48.093658625644196,47.5,47.0,48.0,16.5,22.5,1.5,0.5,16.0312195418814,15.033296378372908,15.0,48.0,45.0,43.0,263.04752422328556,265.01698058803703,253.00197627686626,237.00210969525145
2196,36,2196,0,73.1999999999984,2.23606797749979,99.02019995940222,16.0,21.0,24.020824298928627,25.019992006393608,31.016124838541646,69.06518659932803,48.093658625644196,47.5,47.0,49.0,17.0,21.0,2.0,2.0,14.142135623730951,14.035668847618199,14.5,49.0,46.0,44.0,264.030301291348,264.0075756488817,252.00198411917316,237.00843866833097
2197,36,2197,0,73.23333333333173,1.4142135623730951,99.02019995940222,16.0312195418814,23.0,23.0,25.0,30.01666203960727,70.06425622241343,47.095647357266465,46.5,45.0,47.0,16.0,24.0,1.0,1.0,16.0312195418814,16.0312195418814,16.0,50.0,46.0,45.0,264.09278672466615,265.04716561397146,253.00790501484337,237.01898658124415
2198,36,2198,0,73.26666666666506,1.0,99.02019995940222,16.0312195418814,22.02271554554524,23.021728866442675,25.019992006393608,30.01666203960727,68.11754546370561,46.09772228646444,46.0,44.0,46.0,15.0,23.0,1.0,0.0,16.0312195418814,15.033296378372908,15.5,49.0,46.0,45.0,264.030301291348,264.0170449043016,252.0,237.0
2199,36,2199,0,73.29999999999839,2.23606797749979,99.02019995940222,16.0,21.0,24.0,26.0,30.01666203960727,68.06614430096654,47.095647357266465,46.5,45.0,47.0,16.0,22.0,1.0,1.0,16.0312195418814,15.033296378372908,15.5,49.0,46.0,45.0,264.030301291348,265.01698058803703,253.00197627686626,236.00211863455803
2200,36,2200,0,73.33333333333172,1.4142135623730951,98.00510190801293,16.0312195418814,21.0,23.021728866442675,25.0,29.017236257093817,67.06713054842886,46.09772228646444,45.5,45.0,46.0,16.5,21.5,0.5,1.5,16.0312195418814,15.033296378372908,15.0,49.0,46.0,44.0,264.030301291348,264.0075756488817,252.0,235.00212764994276
2201,36,2201,0,73.36666666666505,2.8284271247461903,98.02040603874276,15.0,20.0,24.0,26.019223662515376,30.0,67.02984409947557,47.042533945356304,46.0,45.0,47.0,16.0,21.0,1.0,2.0,16.0312195418814,15.033296378372908,15.0,50.0,47.0,45.0,265.03018695990085,265.0075470623431,253.00197627686626,236.0
2202,36,2202,0,73.39999999999839,4.123105625617661,99.02019995940222,15.033296378372908,22.0,24.020824298928627,27.018512172212592,28.071337695236398,69.1158447825099,47.16990566028302,45.0,43.0,45.0,16.0,25.0,1.0,2.0,16.1245154965971,16.0312195418814,16.0,50.0,48.0,44.0,266.01691675530714,266.01691675530714,254.0,237.00210969525145
2203,36,2203,0,73.43333333333172,13.152946437965905,100.0199980003999,14.0,22.0,24.020824298928627,28.0178514522438,26.076809620810597,75.1065909225016,53.150729063673246,46.5,44.0,46.0,19.0,30.0,6.0,6.0,16.0312195418814,16.0312195418814,16.0,49.0,47.0,45.0111097397076,266.01691675530714,265.0075470623431,253.0,236.00211863455803
2204,36,2204,0,73.46666666666505,26.076809620810597,98.00510190801293,12.0,23.0,27.018512172212592,31.0,23.08679276123039,84.09518416651456,61.1310068623117,48.0,46.0,47.0,23.5,37.5,13.5,11.5,16.0312195418814,16.0312195418814,16.5,50.0,48.0,43.0,267.0074905316328,266.0018796926067,252.01785651020842,235.00851048419503
2205,36,2205,0,73.49999999999838,29.068883707497267,99.02019995940222,10.0,23.0,29.017236257093817,32.0,24.186773244895647,86.14522621712709,63.198101237299845,48.5,46.0,48.0,23.0,39.0,15.0,13.0,16.0312195418814,16.0312195418814,16.5,49.0,47.0,43.0,267.01685340067957,265.0075470623431,252.00198411917316,234.0
2206,36,2206,0,73.53333333333171,26.019223662515376,103.01941564578979,11.045361017187261,24.0,28.0178514522438,32.0,23.08679276123039,84.09518416651456,60.13318551349163,47.0,44.0,46.0,22.0,39.0,14.0,11.0,16.0312195418814,16.0312195418814,16.0,49.0,47.0,42.0,268.02984908401527,266.01691675530714,252.0,235.0
2207,36,2207,0,73.56666666666504,27.073972741361768,103.01941564578979,10.0,24.0,29.017236257093817,32.0,23.08679276123039,84.09518416651456,60.13318551349163,46.5,43.0,45.0,21.0,40.0,14.0,11.0,16.0312195418814,16.0312195418814,15.5,50.0,47.0,44.0,268.02984908401527,266.01691675530714,253.00197627686626,236.00211863455803
2208,36,2208,0,73.59999999999837,22.090722034374522,97.0051545022222,9.0,23.0,28.0178514522438,32.0,20.396078054371138,74.24284477308234,51.35172830587107,40.0,40.0,41.0,20.5,33.5,8.5,11.5,8.06225774829855,8.0,7.5,50.0,48.0,43.01162633521314,267.01685340067957,264.0170449043016,252.0,237.00210969525145
2209,36,2209,0,73.6333333333317,20.09975124224178,95.04735661763561,10.04987562112089,22.0,29.068883707497267,32.0,19.235384061671343,71.25307010929424,49.36598018878993,39.0,39.0,42.0,21.5,30.5,5.5,11.5,6.0,6.0,6.0,50.0,49.0,44.0,267.02996086581743,264.04734423962685,252.01785651020842,238.01890681204299
2210,36,2210,0,73.66666666666504,19.1049731745428,95.04735661763561,10.04987562112089,23.0,29.068883707497267,32.0,19.235384061671343,71.25307010929424,48.373546489791295,38.5,40.0,43.0,22.5,29.5,4.5,11.5,7.0710678118654755,7.0710678118654755,7.0,51.0,50.0,43.01162633521314,268.02984908401527,265.03018695990085,251.00796800101784,236.00847442411893
2211,36,2211,0,73.69999999999837,19.1049731745428,95.08417323613851,11.045361017187261,23.021728866442675,30.066592756745816,33.0,18.24828759089466,71.34423592694787,48.373546489791295,38.5,39.0,43.0,23.0,30.0,5.0,12.0,7.0,7.0710678118654755,7.0,50.0,49.0,44.0,268.04663773306316,264.04734423962685,251.03187048659777,236.03389587091087
2212,36,2212,0,73.7333333333317,21.095023109728988,98.04590761474952,10.0,25.019992006393608,30.01666203960727,33.0,19.235384061671343,75.23961722390672,50.24937810560445,39.5,38.0,41.0,20.5,35.5,8.5,10.5,8.0,9.0,9.0,48.0,46.0,43.01162633521314,267.0074905316328,266.00751869073173,252.0,236.00211863455803
2213,36,2213,0,73.76666666666503,24.08318915758459,100.04498987955368,10.04987562112089,26.0,30.01666203960727,33.0,19.235384061671343,79.22752047110903,53.33854141237835,41.0,39.0,42.0,21.5,38.5,10.5,11.5,11.0,11.0,11.0,50.0,48.0,44.0,269.0167281044062,266.00751869073173,253.0,237.0
2214,36,2214,0,73.79999999999836,22.090722034374522,101.04454463255303,11.0,25.0,30.066592756745816,33.0,19.4164878389476,77.23341245859851,52.3450093132096,41.0,39.0,42.0,21.5,36.5,9.5,10.5,11.0,11.0,11.0,49.0,47.0,45.0,266.04698833100895,265.01698058803703,253.00197627686626,236.00847442411893
2215,36,2215,0,73.8333333333317,27.073972741361768,100.0199980003999,10.0,26.0,28.0178514522438,32.0,20.223748416156685,83.15046602394962,57.21887800367987,43.5,42.0,44.0,23.0,40.0,12.0,13.0,12.0,13.0,13.0,49.0,47.0,44.0,267.01685340067957,266.0018796926067,251.00796800101784,234.01922997907673
2216,36,2216,0,73.86666666666503,24.020824298928627,97.02061636580135,10.0,26.0,25.019992006393608,30.0,23.194827009486403,83.09632964216891,57.14017850864661,45.0,44.0,46.0,22.0,38.0,10.0,12.0,13.038404810405298,13.0,12.5,49.0,47.0,45.0,266.03007348794233,265.0075470623431,252.00793638296395,235.00212764994276
2217,36,2217,0,73.89999999999836,11.045361017187261,95.00526301210897,13.0,23.021728866442675,22.02271554554524,25.019992006393608,29.017236257093817,76.05918747922567,53.03772242470448,47.5,45.0,46.0,16.5,30.5,5.5,3.5,14.035668847618199,14.0,14.0,49.0,47.0,45.0,266.01691675530714,265.0075470623431,251.0,235.00212764994276
2218,36,2218,0,73.93333333333169,1.4142135623730951,96.00520819205592,14.0,22.0,22.0,25.019992006393608,31.016124838541646,68.0294054067798,46.04345773288535,45.5,43.0,44.0,12.5,24.5,0.5,0.5,14.035668847618199,14.0,14.5,48.0,47.0,44.01136216933077,265.01698058803703,265.0075470623431,253.0,236.00211863455803
2219,36,2219,0,73.96666666666502,1.4142135623730951,98.02040603874276,14.0,23.021728866442675,24.0,27.018512172212592,31.0,69.02897942168927,46.010868281309364,45.5,44.0,46.0,14.0,24.0,1.0,1.0,15.033296378372908,15.0,15.0,48.0,46.0,45.0,266.04698833100895,266.03007348794233,253.00790501484337,237.01898658124415
2220,36,2220,0,73.99999999999835,2.23606797749979,98.02040603874276,15.0,22.0,24.0,26.019223662515376,30.01666203960727,69.02897942168927,47.042533945356304,46.0,43.0,45.0,14.0,25.0,1.0,0.0,15.033296378372908,14.0,14.5,48.0,47.0,45.0111097397076,266.04698833100895,266.03007348794233,253.00197627686626,238.00840321299583
2221,36,2221,0,74.03333333333168,5.0990195135927845,100.0199980003999,14.035668847618199,23.0,25.019992006393608,27.018512172212592,28.0,70.02856560004639,47.042533945356304,44.5,42.0,44.0,15.0,27.0,2.0,2.0,15.033296378372908,15.033296378372908,14.5,49.0,47.0,44.01136216933077,267.02996086581743,266.01691675530714,253.00197627686626,237.00843866833097
2222,36,2222,0,74.06666666666501,18.027756377319946,99.00505037623081,12.0,23.0,27.018512172212592,30.01666203960727,24.08318915758459,77.05841939723393,54.08326913195984,45.0,44.0,45.0,20.5,32.5,7.5,9.5,15.132745950421556,15.033296378372908,15.0,49.0,47.0,45.0,268.00746258266764,267.0,253.00790501484337,237.0
2223,36,2223,0,74.09999999999835,22.090722034374522,99.02019995940222,11.0,23.0,28.0178514522438,32.0,22.02271554554524,78.05767098754612,55.08175741568164,44.0,43.0,45.0,22.0,34.0,9.0,11.0,15.033296378372908,15.033296378372908,14.5,50.0,47.0,45.0,268.04663773306316,267.01685340067957,252.00198411917316,236.0
2224,36,2224,0,74.13333333333168,24.08318915758459,101.00495037373169,10.0,23.0,28.0178514522438,31.0,23.08679276123039,80.09993757800315,57.14017850864661,45.0,43.0,44.0,20.5,36.5,11.5,10.5,15.033296378372908,15.033296378372908,15.0,49.0,47.0,43.0,267.02996086581743,266.00751869073173,251.0,236.00211863455803
2225,36,2225,0,74.16666666666501,25.079872407968907,101.01980003939822,11.0,24.0,28.0,32.0,23.021728866442675,83.05419917138447,59.07622195096772,46.5,44.0,46.0,22.0,38.0,13.0,12.0,14.035668847618199,15.0,15.0,49.0,47.0,45.0,268.01679051880313,267.0074905316328,252.00198411917316,236.00211863455803
2226,36,2226,0,74.19999999999834,27.073972741361768,101.00495037373169,10.0,24.0,29.017236257093817,32.0,23.08679276123039,84.09518416651456,60.13318551349163,46.5,45.0,46.0,22.5,38.5,13.5,12.5,15.033296378372908,15.0,15.0,49.0,48.0,45.0,268.00746258266764,266.0,252.00793638296395,235.00851048419503
2227,36,2227,0,74.23333333333167,25.019992006393608,101.00495037373169,10.0,23.0,26.019223662515376,30.01666203960727,25.079872407968907,83.05419917138447,60.07495318350236,47.5,45.0,46.0,20.5,37.5,12.5,10.5,15.132745950421556,15.033296378372908,15.0,48.0,47.0,45.0111097397076,268.01679051880313,266.0018796926067,253.00197627686626,236.00211863455803
2228,36,2228,0,74.266666666665,13.038404810405298,99.00505037623081,12.0,23.0,23.08679276123039,26.019223662515376,28.071337695236398,76.05918747922567,53.08483775994799,46.5,43.0,44.0,15.5,32.5,7.5,3.5,15.033296378372908,15.033296378372908,15.0,50.0,48.0,44.0,267.01685340067957,266.00751869073173,253.0,238.0
2229,36,2229,0,74.29999999999833,1.4142135623730951,100.0,15.0,22.0,23.0,26.0,30.01666203960727,68.0,46.0,45.5,44.0,44.0,14.0,24.0,1.0,0.0,16.0312195418814,15.033296378372908,15.5,49.0,47.0,44.0,264.0,265.0018867857359,252.00793638296395,238.0021008310641
2230,36,2230,0,74.33333333333167,4.123105625617661,101.00495037373169,15.0,23.0,25.019992006393608,28.0,30.01666203960727,72.0,49.0,47.0,46.0,45.0,15.5,26.5,1.5,1.5,15.033296378372908,14.0,14.5,48.0,47.0,44.0,265.0018867857359,266.0018796926067,253.0177859360879,237.03375287076733
2231,36,2231,0,74.366666666665,18.027756377319946,103.00485425454472,12.0,22.0,27.018512172212592,30.0,24.020824298928627,76.02631123499285,54.037024344425184,45.0,44.0,45.0,20.5,31.5,7.5,8.5,14.142135623730951,14.035668847618199,14.5,49.0,48.0,46.0,265.0018867857359,266.0018796926067,254.00787389370433,237.00843866833097
2232,36,2232,0,74.39999999999833,20.024984394500787,103.0,11.0,22.0,29.017236257093817,32.01562118716424,23.021728866442675,76.02631123499285,54.037024344425184,44.0,44.0,44.0,21.0,32.0,8.0,10.0,16.0312195418814,15.033296378372908,15.5,48.0,47.0,45.0,266.0,266.01691675530714,254.07085625864295,237.0759372015642
2233,36,2233,0,74.43333333333166,19.1049731745428,102.00490184299969,11.0,23.0,28.0,31.016124838541646,23.021728866442675,76.05918747922567,53.08483775994799,43.5,44.0,43.0,20.5,32.5,8.5,10.5,15.0,15.033296378372908,15.0,48.0,48.0,44.01136216933077,266.0,265.01698058803703,253.07113624433742,236.07625886564705
2234,36,2234,0,74.46666666666499,20.024984394500787,102.00490184299969,11.0,23.0,29.017236257093817,32.01562118716424,23.08679276123039,77.05841939723393,54.08326913195984,44.0,43.0,42.0,19.5,34.5,10.5,8.5,15.0,15.033296378372908,15.0,47.0,48.0,44.01136216933077,265.01698058803703,265.04716561397146,252.1269521491108,236.10379073619296
2235,36,2235,0,74.49999999999832,20.09975124224178,104.00480758118829,11.0,23.0,29.017236257093817,33.015148038438355,21.095023109728988,75.1065909225016,52.15361924162119,42.0,41.0,40.0,19.5,34.5,10.5,8.5,15.0,15.033296378372908,15.0,47.0,48.0,42.01190307520001,266.00751869073173,265.04716561397146,251.127457678367,235.1361307838504
2236,36,2236,0,74.53333333333165,19.1049731745428,102.00490184299969,11.0,23.0,29.0,33.015148038438355,22.090722034374522,75.1065909225016,52.15361924162119,42.5,41.0,40.0,18.5,34.5,10.5,8.5,15.033296378372908,15.033296378372908,14.5,47.0,48.0,43.04648650006177,266.0,265.01698058803703,252.04959829366916,236.05296015936761
2237,36,2237,0,74.56666666666499,19.1049731745428,102.00490184299969,11.0,23.0,28.0178514522438,32.0,23.08679276123039,76.10519036176179,53.150729063673246,43.5,43.0,42.0,19.5,33.5,9.5,9.5,15.0,15.033296378372908,15.0,47.0,48.0,45.09988913511872,265.0018867857359,265.01698058803703,253.04940229133123,236.05296015936761
2238,36,2238,0,74.59999999999832,20.09975124224178,101.00495037373169,11.0,23.0,30.0,33.015148038438355,23.08679276123039,77.10382610480494,54.147945482723536,44.0,43.0,42.0,19.5,34.5,10.5,9.5,14.035668847618199,15.033296378372908,15.0,47.0,48.0,43.01162633521314,267.00187265260894,265.0075470623431,252.04959829366916,236.03389587091087
2239,36,2239,0,74.63333333333165,19.1049731745428,102.00490184299969,12.0,24.0,30.01666203960727,32.01562118716424,22.02271554554524,77.05841939723393,53.08483775994799,43.5,42.0,41.0,19.5,35.5,10.5,8.5,14.035668847618199,15.033296378372908,15.0,47.0,48.0,44.01136216933077,266.01691675530714,266.03007348794233,254.04920783186867,238.05251521460553
2240,36,2240,0,74.66666666666498,17.26267650163207,104.00480758118829,12.0,22.0,29.017236257093817,33.0,22.02271554554524,73.10950690573696,51.15662224971465,42.5,41.0,40.0,18.5,32.5,8.5,7.5,15.033296378372908,15.033296378372908,15.0,46.0,47.0,43.04648650006177,266.01691675530714,265.03018695990085,253.07113624433742,237.0759372015642
2241,36,2241,0,74.69999999999831,16.1245154965971,105.00476179678711,11.0,22.0,29.0,32.01562118716424,22.090722034374522,71.11258679024411,49.16299421312742,41.0,39.0,38.0,16.5,32.5,8.5,6.5,14.035668847618199,15.033296378372908,14.5,47.0,48.0,43.01162633521314,268.00746258266764,266.03007348794233,255.09606033806168,239.10248848558643
2242,36,2242,0,74.73333333333164,15.132745950421556,104.01922899156675,12.0,22.0,29.0,33.015148038438355,22.090722034374522,71.11258679024411,49.16299421312742,41.5,40.0,38.0,17.0,32.0,8.0,6.0,15.0,14.035668847618199,14.5,47.0,48.0,42.01190307520001,266.01691675530714,267.02996086581743,255.04901489713697,240.05207768315609
2243,36,2243,0,74.76666666666497,16.1245154965971,104.00480758118829,11.0,22.0,29.0,33.015148038438355,22.090722034374522,71.11258679024411,49.16299421312742,41.0,39.0,38.0,16.5,32.5,8.5,6.5,15.0,15.033296378372908,14.5,47.0,48.0,42.04759208325728,267.01685340067957,265.03018695990085,253.07113624433742,239.07530194480566
2244,36,2244,0,74.7999999999983,17.11724276862369,104.0,11.0,23.0,29.0,32.01562118716424,22.090722034374522,73.10950690573696,50.15974481593781,41.5,39.0,39.0,17.0,34.0,9.0,7.0,15.033296378372908,15.033296378372908,15.0,46.0,48.0,43.01162633521314,265.01698058803703,266.03007348794233,254.04920783186867,239.0522955338434
2245,36,2245,0,74.83333333333164,16.1245154965971,104.00480758118829,11.0,23.0,29.017236257093817,32.0,23.08679276123039,73.10950690573696,50.15974481593781,42.0,41.0,40.0,17.5,32.5,8.5,6.5,15.033296378372908,14.035668847618199,14.5,46.0,48.0,43.01162633521314,265.0075470623431,265.01698058803703,254.07085625864295,238.05251521460553
2246,36,2246,0,74.86666666666497,21.02379604162864,103.00485425454472,10.0,23.021728866442675,31.0,33.015148038438355,23.194827009486403,77.1621668954417,54.147945482723536,43.5,42.0,41.0,18.5,35.5,11.5,9.5,15.033296378372908,14.035668847618199,14.5,47.0,47.0,43.04648650006177,265.0018867857359,264.0018939326004,252.01785651020842,235.00851048419503
2247,36,2247,0,74.8999999999983,20.09975124224178,103.00485425454472,11.0,23.0,30.0,33.015148038438355,23.08679276123039,77.10382610480494,54.147945482723536,44.0,42.0,41.0,18.5,35.5,11.5,8.5,15.033296378372908,16.0312195418814,16.0,47.0,47.0,43.01162633521314,266.0018796926067,264.0018939326004,251.01792764661252,236.01906702637396
2248,36,2248,0,74.93333333333163,19.026297590440446,103.0,11.0,23.0,29.0,33.015148038438355,22.20360331117452,75.1065909225016,52.15361924162119,42.5,40.0,40.0,18.0,35.0,11.0,8.0,15.033296378372908,15.033296378372908,15.0,47.0,47.0,43.01162633521314,266.0018796926067,265.0018867857359,252.01785651020842,237.01898658124415
2249,36,2249,0,74.96666666666496,14.142135623730951,102.0,11.0,22.02271554554524,28.0,31.0,23.08679276123039,70.178344238091,48.16637831516918,41.0,38.0,38.0,15.0,32.0,9.0,5.0,15.033296378372908,15.033296378372908,15.0,48.0,47.0,43.01162633521314,266.0018796926067,264.0018939326004,253.00790501484337,237.00210969525145
2250,36,2250,0,74.9999999999983,15.132745950421556,104.0,11.0,22.0,30.01666203960727,33.0,22.090722034374522,70.11419257183242,48.16637831516918,40.5,37.0,37.0,15.0,33.0,9.0,5.0,15.033296378372908,15.033296378372908,15.0,46.0,46.0,42.01190307520001,266.0018796926067,266.00751869073173,253.03161857759991,238.01890681204299
2251,36,2251,0,75.03333333333163,14.142135623730951,104.0,11.0,23.0,30.01666203960727,33.015148038438355,23.08679276123039,71.11258679024411,48.16637831516918,41.0,38.0,38.0,15.0,33.0,9.0,5.0,15.0,15.132745950421556,15.0,47.0,48.0,43.04648650006177,266.0,265.0075470623431,253.03161857759991,239.0334704596827
2252,36,2252,0,75.06666666666496,13.341664064126334,105.0,11.0,22.0,30.01666203960727,32.0,23.08679276123039,69.18092222571191,47.265209192385896,40.5,38.0,38.0,15.0,31.0,8.0,5.0,14.035668847618199,15.033296378372908,15.0,48.0,47.0,43.01162633521314,267.0,266.0018796926067,254.03149411047443,238.01890681204299
2253,36,2253,0,75.09999999999829,15.132745950421556,103.00485425454472,11.0,21.0,29.0,32.01562118716424,22.090722034374522,69.1158447825099,48.16637831516918,40.5,38.0,37.0,15.5,31.5,8.5,5.5,16.0312195418814,15.033296378372908,15.0,49.0,48.0,42.01190307520001,265.0018867857359,266.0018796926067,253.03161857759991,239.0188277102873
2254,36,2254,0,75.13333333333162,16.1245154965971,103.00485425454472,11.0,22.0,29.017236257093817,32.01562118716424,22.090722034374522,71.11258679024411,49.16299421312742,41.0,38.0,39.0,16.5,32.5,9.5,6.5,15.0,16.0312195418814,16.0,47.0,47.0,42.01190307520001,266.0018796926067,265.0018867857359,252.01785651020842,237.01898658124415
2255,36,2255,0,75.16666666666495,16.1245154965971,102.00490184299969,11.0,22.0,29.017236257093817,32.0,22.20360331117452,71.17583859709698,49.25444142409901,41.0,38.0,39.0,16.5,32.5,8.5,6.5,16.0312195418814,16.0312195418814,15.5,48.0,48.0,41.012193308819754,267.0,265.0,252.00793638296395,237.00843866833097
2256,36,2256,0,75.19999999999828,15.132745950421556,102.00490184299969,11.045361017187261,22.0,29.017236257093817,31.016124838541646,22.090722034374522,70.178344238091,48.25971404805462,40.5,37.0,38.0,15.5,32.5,8.5,5.5,15.0,15.132745950421556,15.0,47.0,47.0,42.01190307520001,265.0075470623431,265.0018867857359,252.00793638296395,237.01898658124415
2257,36,2257,0,75.23333333333161,15.132745950421556,100.04498987955368,11.0,22.0,26.019223662515376,29.017236257093817,21.095023109728988,69.1158447825099,47.16990566028302,39.5,38.0,41.0,18.5,29.5,5.5,7.5,16.0312195418814,15.033296378372908,15.5,48.0,47.0,41.012193308819754,266.0,266.0018796926067,255.0019607767752,238.00840321299583
2258,36,2258,0,75.26666666666495,10.198039027185569,100.07996802557443,13.0,23.0,26.076809620810597,28.0,22.090722034374522,68.11754546370561,45.17742799230607,40.0,38.0,42.0,18.0,28.0,3.0,5.0,15.033296378372908,15.033296378372908,15.5,48.0,47.0,43.01162633521314,267.01685340067957,267.0074905316328,255.0019607767752,237.0
2259,36,2259,0,75.29999999999828,6.082762530298219,98.02040603874276,15.0,24.0,24.0,26.0,23.021728866442675,68.0294054067798,44.04543109109048,41.0,39.0,41.0,17.0,28.0,2.0,3.0,14.0,15.033296378372908,15.0,50.0,49.0,43.01162633521314,266.00751869073173,266.0018796926067,255.0,238.0021008310641
2260,36,2260,0,75.33333333333161,8.06225774829855,98.0,14.0,24.0,24.0,28.0178514522438,23.021728866442675,69.02897942168927,45.044422518220834,41.0,41.0,41.0,18.0,28.0,2.0,5.0,9.0,8.0,8.0,50.0,48.0,45.0111097397076,265.01698058803703,266.00751869073173,254.0,237.0
2261,36,2261,0,75.36666666666494,8.06225774829855,99.0,14.0,24.0,25.0,27.0,22.02271554554524,68.0294054067798,44.04543109109048,40.0,40.0,40.0,18.0,28.0,3.0,5.0,9.0,9.0,9.0,51.0,49.0,45.0111097397076,265.01698058803703,266.00751869073173,254.0,237.00210969525145
2262,36,2262,0,75.39999999999827,17.029386365926403,96.0,12.041594578792296,22.0,22.02271554554524,25.019992006393608,24.020824298928627,75.05997601918082,53.08483775994799,44.5,46.0,46.0,22.0,29.0,5.0,10.0,7.0,7.0,7.0,54.0,52.0,45.044422518220834,265.0075470623431,266.00751869073173,254.0019684963091,237.00210969525145
2263,36,2263,0,75.4333333333316,17.029386365926403,94.0,12.041594578792296,23.0,23.0,26.0,24.0,76.02631123499285,53.03772242470448,44.5,46.0,46.0,22.0,30.0,5.0,11.0,7.0,7.0710678118654755,7.0,53.0,52.0,46.04345773288535,265.0075470623431,266.0018796926067,253.00790501484337,237.00843866833097
2264,36,2264,0,75.46666666666493,11.045361017187261,94.0,15.0,23.0,21.0,25.0,28.071337695236398,77.05841939723393,54.08326913195984,48.5,47.0,47.0,19.0,30.0,5.0,5.0,9.0,9.0,8.5,54.0,51.0,44.01136216933077,265.01698058803703,267.02996086581743,255.00784301664135,237.01898658124415
2265,36,2265,0,75.49999999999827,4.123105625617661,95.02105029939419,14.0,23.021728866442675,22.02271554554524,24.0,33.015148038438355,74.06078584514209,51.03920062069938,49.0,46.0,48.0,14.0,27.0,2.0,1.0,12.041594578792296,12.041594578792296,12.0,53.0,50.0,48.0,266.092089322475,267.09174453734056,255.09606033806168,238.1344158243407
2266,36,2266,0,75.5333333333316,2.23606797749979,97.04638066409278,14.035668847618199,22.0,21.0,23.0,33.06055050963308,71.11258679024411,49.16299421312742,48.0,44.0,47.0,12.5,25.5,1.5,0.5,13.038404810405298,13.0,13.0,53.0,49.0,46.0,265.1207272168662,267.1198233003309,256.12496949731394,239.1693960355296
2267,36,2267,0,75.56666666666493,1.0,99.04544411531506,15.0,24.020824298928627,23.0,26.0,32.0624390837628,71.11258679024411,47.095647357266465,47.0,44.0,47.0,13.5,25.5,0.5,0.5,15.033296378372908,14.0,14.0,53.0,48.0,45.0,266.12027356065903,267.15164233071823,256.12496949731394,239.1693960355296
2268,36,2268,0,75.59999999999826,4.123105625617661,102.07840124139877,16.0312195418814,25.019992006393608,25.019992006393608,28.0178514522438,28.0178514522438,73.10950690573696,48.093658625644196,46.0,44.0,48.0,18.0,27.0,0.0,3.0,14.035668847618199,14.035668847618199,14.0,54.0,47.0,45.0111097397076,267.1198233003309,267.15164233071823,254.12595302329905,238.17010727629108
2269,36,2269,0,75.63333333333159,19.026297590440446,99.08077512817509,11.045361017187261,22.0,25.079872407968907,28.071337695236398,25.079872407968907,77.10382610480494,55.14526271584895,45.5,45.0,49.0,22.0,30.0,6.0,11.0,13.038404810405298,14.0,14.0,54.0,48.0,47.01063709417264,269.1189328159578,267.15164233071823,254.12595302329905,237.17082451262846
2270,36,2270,0,75.66666666666492,26.019223662515376,97.12878049270464,10.04987562112089,22.0,25.079872407968907,29.068883707497267,23.08679276123039,81.09870529176159,59.135437767890075,46.0,45.0,50.0,24.5,33.5,9.5,13.5,14.142135623730951,15.0,14.5,54.0,47.0,44.01136216933077,268.1510768205118,267.15164233071823,254.09643838511394,236.10379073619296
2271,36,2271,0,75.69999999999825,25.079872407968907,97.12878049270464,9.0,23.0,26.076809620810597,29.068883707497267,23.08679276123039,80.09993757800315,57.14017850864661,44.5,44.0,49.0,23.5,33.5,7.5,13.5,14.035668847618199,14.0,14.5,55.0,47.0,44.04543109109048,269.1858094328154,267.1872002922296,254.19677417308034,236.21176939348302
2272,36,2272,0,75.73333333333159,17.11724276862369,97.12878049270464,10.04987562112089,22.0,25.079872407968907,28.071337695236398,23.021728866442675,72.11102550927978,50.15974481593781,41.5,42.0,47.0,21.5,27.5,3.5,10.5,14.142135623730951,15.0,14.5,54.0,47.0,44.01136216933077,267.22649569232465,266.2273464541162,254.23807739990482,236.30488780387088
2273,36,2273,0,75.76666666666492,17.029386365926403,97.12878049270464,10.0,21.02379604162864,25.079872407968907,27.018512172212592,23.08679276123039,71.11258679024411,50.08991914547278,41.5,42.0,47.0,21.5,26.5,3.5,10.5,16.0312195418814,16.0,16.0,54.0,47.0,44.04543109109048,268.1510768205118,266.1879035568671,253.12645061312736,236.13555429032706
2274,36,2274,0,75.79999999999825,14.142135623730951,95.1892851112981,11.045361017187261,22.0,25.079872407968907,28.071337695236398,22.090722034374522,69.18092222571191,47.265209192385896,40.0,40.0,46.0,21.0,26.0,1.0,10.0,14.142135623730951,15.033296378372908,15.0,53.0,46.0,44.01136216933077,268.2256512714621,267.22649569232465,253.23901753086943,236.25621684941964
2275,36,2275,0,75.83333333333158,17.029386365926403,92.19544457292888,11.045361017187261,22.02271554554524,25.079872407968907,28.160255680657446,22.090722034374522,72.17340230306452,50.15974481593781,41.5,42.0,48.0,23.0,27.0,2.0,12.0,15.132745950421556,16.0312195418814,16.0,53.0,47.0,43.01162633521314,267.2695268825086,265.228203628498,251.19912420229494,234.17301296263838
2276,36,2276,0,75.86666666666491,19.1049731745428,93.13431161500041,10.04987562112089,23.0,25.179356624028344,28.071337695236398,23.08679276123039,75.16648189186454,52.23983154643591,42.5,44.0,49.0,23.5,28.5,3.5,12.5,16.1245154965971,17.0,16.5,52.0,45.0,43.01162633521314,267.1872002922296,266.1879035568671,252.1606630701942,233.173754955398
2277,36,2277,0,75.89999999999824,19.026297590440446,92.13576938409967,10.04987562112089,22.02271554554524,25.179356624028344,28.071337695236398,23.194827009486403,74.24284477308234,52.23983154643591,42.5,43.0,48.0,22.5,28.5,3.5,11.5,16.1245154965971,16.0,16.0,52.0,45.0,43.01162633521314,267.2695268825086,266.27053911388697,252.23996511258878,234.30749027719963
2278,36,2278,0,75.93333333333157,14.142135623730951,95.08417323613851,11.0,22.0,25.079872407968907,28.160255680657446,23.194827009486403,70.178344238091,48.25971404805462,41.0,42.0,46.0,21.0,26.0,2.0,10.0,16.1245154965971,16.0,16.0,52.0,45.0,42.01190307520001,266.27053911388697,265.228203628498,251.19912420229494,233.173754955398
2279,36,2279,0,75.9666666666649,8.246211251235321,99.12618221237011,13.038404810405298,21.0,25.179356624028344,28.071337695236398,24.08318915758459,66.18912297349165,45.27692569068709,41.0,38.0,43.0,16.5,25.5,1.5,2.5,15.132745950421556,15.0,15.5,51.0,45.0,42.04759208325728,267.22649569232465,266.2273464541162,253.1975513309716,237.25513693068902
2280,36,2280,0,75.99999999999824,7.280109889280518,99.08077512817509,13.038404810405298,22.0,25.179356624028344,28.071337695236398,25.079872407968907,67.1863081289633,45.27692569068709,41.5,39.0,43.0,16.0,26.0,2.0,2.0,15.132745950421556,16.0,15.5,50.0,44.0,41.012193308819754,267.2695268825086,265.228203628498,253.1975513309716,237.21087664776252
2281,36,2281,0,76.03333333333157,3.1622776601683795,101.07917688624102,15.033296378372908,22.02271554554524,25.019992006393608,28.071337695236398,25.079872407968907,65.19202405202648,43.18564576337837,41.5,38.0,42.0,15.0,25.0,1.0,1.0,15.132745950421556,15.033296378372908,15.0,51.0,45.0,42.04759208325728,267.2695268825086,266.2273464541162,254.19677417308034,238.17010727629108
2282,36,2282,0,76.0666666666649,3.605551275463989,102.07840124139877,14.035668847618199,22.0,26.019223662515376,28.0178514522438,27.073972741361768,66.18912297349165,44.28317965096906,42.5,39.0,43.0,14.0,25.0,1.0,1.0,15.033296378372908,15.0,15.0,51.0,45.0,42.01190307520001,265.27155897306443,265.27155897306443,253.16002844051033,237.25513693068902
2283,36,2283,0,76.09999999999823,1.0,99.08077512817509,15.033296378372908,20.024984394500787,24.08318915758459,26.019223662515376,29.068883707497267,65.12296062065974,45.09988913511872,44.5,39.0,43.0,12.0,24.0,1.0,2.0,17.11724276862369,17.0,17.0,52.0,45.0,41.012193308819754,265.3695536417092,265.31867631209076,253.1975513309716,237.21087664776252
2284,36,2284,0,76.13333333333156,1.4142135623730951,100.04498987955368,15.033296378372908,20.024984394500787,23.021728866442675,26.019223662515376,29.017236257093817,63.12685640834652,43.104524124504614,43.5,40.0,43.0,12.5,21.5,0.5,0.5,19.1049731745428,18.027756377319946,17.5,51.0,45.0,43.04648650006177,264.2290672882149,264.18932605235966,252.0972034751675,236.10379073619296
2285,36,2285,0,76.1666666666649,2.23606797749979,101.04454463255303,15.033296378372908,22.02271554554524,23.08679276123039,27.018512172212592,29.068883707497267,64.19501538281614,42.190046219457976,43.0,40.0,43.0,12.5,22.5,1.5,1.5,18.027756377319946,18.110770276274835,17.5,52.0,45.0,42.04759208325728,264.2290672882149,265.1886121235224,253.07113624433742,237.0759372015642
2286,36,2286,0,76.19999999999823,2.23606797749979,101.07917688624102,16.0312195418814,22.02271554554524,23.021728866442675,25.019992006393608,28.071337695236398,64.19501538281614,42.190046219457976,43.0,40.0,44.0,14.0,22.0,2.0,0.0,18.110770276274835,17.029386365926403,17.0,52.0,45.0,43.04648650006177,265.228203628498,265.1886121235224,253.09681941897256,237.10335299189677
2287,36,2287,0,76.23333333333156,2.23606797749979,101.07917688624102,15.0,22.0,23.021728866442675,26.019223662515376,27.073972741361768,63.12685640834652,41.19465984809196,41.5,40.0,44.0,15.0,21.0,3.0,1.0,19.1049731745428,18.027756377319946,18.0,51.0,46.0,44.01136216933077,265.1207272168662,265.09243670840556,253.03161857759991,238.05251521460553
2288,36,2288,0,76.26666666666489,2.23606797749979,103.07764064044152,16.0,23.0,23.021728866442675,26.019223662515376,24.186773244895647,65.12296062065974,42.190046219457976,41.0,39.0,43.0,17.0,24.0,1.0,2.0,18.110770276274835,18.027756377319946,18.0,50.0,45.0,42.01190307520001,266.1879035568671,265.1207272168662,254.07085625864295,238.05251521460553
2289,36,2289,0,76.29999999999822,1.4142135623730951,100.07996802557443,16.0,25.0,27.018512172212592,30.01666203960727,23.194827009486403,65.12296062065974,40.19950248448356,39.5,40.0,44.0,19.0,23.0,4.0,4.0,17.11724276862369,16.0312195418814,16.0,49.0,45.0,41.012193308819754,267.1872002922296,266.1522120892479,254.09643838511394,238.10291892372928
2290,36,2290,0,76.33333333333155,4.123105625617661,99.08077512817509,15.033296378372908,25.019992006393608,27.018512172212592,30.01666203960727,24.186773244895647,68.26419266350405,43.289721643826724,41.0,42.0,46.0,20.0,24.0,3.0,6.0,18.110770276274835,18.027756377319946,18.0,48.0,44.0,42.01190307520001,267.1198233003309,266.12027356065903,253.07113624433742,238.10291892372928
2291,36,2291,0,76.36666666666488,14.035668847618199,99.04544411531506,13.038404810405298,22.0,27.073972741361768,30.01666203960727,23.08679276123039,72.11102550927978,50.15974481593781,43.0,44.0,47.0,22.5,26.5,2.5,9.5,17.029386365926403,17.029386365926403,17.0,47.0,43.0,43.01162633521314,266.1879035568671,265.1527861441399,253.09681941897256,237.10335299189677
2292,36,2292,0,76.39999999999822,25.079872407968907,98.08159868191383,12.0,24.0,27.018512172212592,31.016124838541646,22.20360331117452,83.15046602394962,59.21148537234985,46.5,46.0,50.0,26.0,35.0,9.0,14.0,17.11724276862369,18.027756377319946,17.5,48.0,45.0,41.012193308819754,268.1865022703417,266.12027356065903,253.07113624433742,235.05318547086316
2293,36,2293,0,76.43333333333155,26.076809620810597,98.04590761474952,11.0,23.0,27.073972741361768,30.01666203960727,22.20360331117452,82.15229759416349,59.21148537234985,46.0,46.0,49.0,25.5,34.5,9.5,13.5,17.029386365926403,17.029386365926403,16.5,47.0,44.0,41.0,266.1879035568671,266.12027356065903,254.04920783186867,236.05296015936761
2294,36,2294,0,76.46666666666488,41.048751503547585,98.18350166906862,11.045361017187261,25.019992006393608,28.071337695236398,33.015148038438355,23.08679276123039,100.17983829094555,75.16648189186454,54.5,52.0,58.0,32.0,45.0,19.0,20.0,16.0312195418814,16.0312195418814,16.0,48.0,45.0,40.01249804748511,267.15164233071823,265.1207272168662,251.04979585731593,232.1055794245369
2295,36,2295,0,76.49999999999821,43.04648650006177,98.12746812182611,11.0,23.021728866442675,29.017236257093817,33.015148038438355,23.194827009486403,100.17983829094555,77.1621668954417,55.5,52.0,57.0,31.5,45.5,20.5,20.5,17.029386365926403,17.029386365926403,16.5,48.0,44.0,42.01190307520001,269.1189328159578,266.0676605677586,251.04979585731593,233.05364189387817
2296,36,2296,0,76.53333333333154,44.04543109109048,99.12618221237011,10.04987562112089,24.020824298928627,29.068883707497267,34.0147027033899,23.08679276123039,101.17806086301516,77.1621668954417,55.0,52.0,57.0,31.5,46.5,21.5,20.5,16.0312195418814,17.029386365926403,16.5,48.0,44.0,41.012193308819754,268.09140232390894,267.0674072214728,252.03174403237384,233.0772404161333
2297,36,2297,0,76.56666666666487,35.05709628591621,102.12247548899312,10.0,24.020824298928627,27.073972741361768,31.064449134018133,24.186773244895647,93.1933474020544,69.18092222571191,51.5,48.0,53.0,26.5,42.5,16.5,15.5,16.0312195418814,17.0,16.5,49.0,45.0,40.01249804748511,268.06715576511795,267.0468123756582,253.03161857759991,237.05273674859777
2298,36,2298,0,76.5999999999982,25.019992006393608,102.04410811016969,10.0,24.020824298928627,25.019992006393608,29.017236257093817,24.186773244895647,83.05419917138447,59.135437767890075,46.5,45.0,48.0,22.5,36.5,11.5,12.5,16.0312195418814,16.0312195418814,15.5,48.0,44.0,40.0,268.06715576511795,267.0674072214728,255.04901489713697,237.0759372015642
2299,36,2299,0,76.63333333333154,21.02379604162864,102.07840124139877,11.0,24.0,24.08318915758459,27.073972741361768,24.186773244895647,80.09993757800315,56.142675390472796,45.5,44.0,48.0,22.0,34.0,8.0,10.0,16.0312195418814,16.0312195418814,16.0,49.0,44.0,41.012193308819754,266.12027356065903,266.12027356065903,254.04920783186867,237.05273674859777
2300,36,2300,0,76.66666666666487,17.029386365926403,97.082439194738,13.0,25.0,24.020824298928627,27.073972741361768,24.186773244895647,79.1012010022604,54.147945482723536,45.5,45.0,49.0,23.0,32.0,6.0,10.0,15.033296378372908,16.0312195418814,16.0,49.0,45.0,43.0,266.12027356065903,266.0676605677586,255.03137061938085,238.03361107205006
2301,36,2301,0,76.6999999999982,15.033296378372908,96.04686356149273,13.0,24.0,23.021728866442675,25.019992006393608,25.179356624028344,77.10382610480494,53.150729063673246,45.5,45.0,48.0,21.5,30.5,5.5,8.5,15.033296378372908,15.033296378372908,15.5,49.0,45.0,45.044422518220834,267.1872002922296,266.092089322475,254.04920783186867,237.03375287076733
2302,36,2302,0,76.73333333333153,13.038404810405298,95.02105029939419,13.0,24.0,23.021728866442675,26.019223662515376,27.16615541441225,77.10382610480494,53.150729063673246,46.5,46.0,48.0,20.0,30.0,4.0,8.0,13.152946437965905,14.035668847618199,13.5,50.0,45.0,43.01162633521314,265.1207272168662,265.04716561397146,253.0177859360879,236.00211863455803
2303,36,2303,0,76.76666666666486,11.0,93.00537618869137,13.0,24.020824298928627,22.0,25.0,28.160255680657446,76.10519036176179,52.08646657242167,46.5,46.0,47.0,18.5,29.5,3.5,6.5,6.0,6.082762530298219,6.0,49.0,44.0,42.01190307520001,264.04734423962685,264.0075756488817,253.0,238.0021008310641
2304,36,2304,0,76.79999999999819,3.0,95.0,14.035668847618199,24.0,23.021728866442675,24.0,30.066592756745816,71.06335201775947,47.095647357266465,45.5,45.0,45.0,15.0,26.0,0.0,2.0,6.0,6.324555320336759,6.0,49.0,44.0,41.0,262.0477055804916,263.00760445279906,252.00793638296395,237.03375287076733
2305,36,2305,0,76.83333333333152,1.0,98.0,15.0,23.021728866442675,22.02271554554524,23.0,31.064449134018133,70.06425622241343,47.042533945356304,46.5,46.0,46.0,15.0,24.0,0.0,1.0,7.0710678118654755,7.0710678118654755,7.0,49.0,45.0,42.01190307520001,264.12118430750684,265.03018695990085,252.0,237.00843866833097
2306,36,2306,0,76.86666666666486,1.4142135623730951,98.00510190801293,15.0,23.021728866442675,22.0,24.020824298928627,31.064449134018133,70.11419257183242,47.095647357266465,46.5,46.0,47.0,15.5,23.5,0.5,1.5,8.06225774829855,9.055385138137417,9.0,50.0,45.0,44.01136216933077,262.0477055804916,263.00760445279906,252.00793638296395,236.05296015936761
2307,36,2307,0,76.89999999999819,3.1622776601683795,98.04590761474952,15.0,22.0,22.02271554554524,25.019992006393608,31.25699921617557,71.17583859709698,49.25444142409901,47.5,46.0,49.0,16.5,23.5,0.5,1.5,12.041594578792296,11.0,11.5,50.0,46.0,44.01136216933077,263.04752422328556,264.0075756488817,253.00197627686626,237.00843866833097
2308,36,2308,0,76.93333333333152,22.090722034374522,101.07917688624102,14.0,22.0,26.019223662515376,29.017236257093817,26.1725046566048,84.1486779456457,62.20128616033595,51.0,46.0,50.0,22.0,36.0,13.0,8.0,12.041594578792296,12.0,12.0,51.0,48.0,43.01162633521314,265.04716561397146,266.01691675530714,254.0,237.01898658124415
2309,36,2309,0,76.96666666666485,26.019223662515376,104.12012293500234,12.0,22.02271554554524,28.0178514522438,31.016124838541646,25.179356624028344,85.14693182963201,63.12685640834652,50.0,44.0,49.0,21.5,38.5,14.5,9.5,11.045361017187261,13.0,12.5,50.0,48.0,44.0,266.03007348794233,265.0075470623431,253.0,237.0
2310,36,2310,0,76.99999999999818,26.019223662515376,105.11898020814318,12.0,22.02271554554524,28.0178514522438,31.0,25.179356624028344,85.14693182963201,63.12685640834652,50.0,44.0,49.0,21.5,38.5,14.5,9.5,12.041594578792296,14.0,13.5,50.0,48.0,42.0,266.04698833100895,266.00751869073173,252.0,236.0
2311,36,2311,0,77.03333333333151,25.079872407968907,104.12012293500234,12.0,23.0,28.0178514522438,32.01562118716424,25.179356624028344,85.14693182963201,62.20128616033595,49.5,44.0,49.0,21.5,38.5,13.5,9.5,12.0,13.0,13.0,50.0,48.0,42.0,265.03018695990085,266.00751869073173,254.0019684963091,236.0
2312,36,2312,0,77.06666666666484,19.1049731745428,108.07404868885037,12.0,22.0,29.017236257093817,32.0,24.08318915758459,77.10382610480494,55.14526271584895,45.5,40.0,44.0,18.0,35.0,11.0,7.0,11.045361017187261,12.0,12.5,51.0,48.0,43.0,266.0018796926067,266.0018796926067,255.0019607767752,240.00208332429116
2313,36,2313,0,77.09999999999818,16.0312195418814,109.01834707974616,12.0,23.021728866442675,29.017236257093817,32.0,24.08318915758459,75.1065909225016,52.08646657242167,44.0,40.0,42.0,17.0,34.0,9.0,6.0,12.041594578792296,13.0,13.5,51.0,49.0,43.01162633521314,267.0074905316328,267.0,256.0175775215444,242.03305559365234
2314,36,2314,0,77.1333333333315,15.033296378372908,108.01851693112621,12.0,22.02271554554524,30.01666203960727,32.0,25.079872407968907,74.10802925459562,52.08646657242167,44.5,40.0,42.0,16.0,33.0,9.0,5.0,13.038404810405298,13.038404810405298,13.0,49.0,47.0,45.0,268.00186566514793,268.00746258266764,256.03124809288414,241.0186714758838
2315,36,2315,0,77.16666666666484,16.0312195418814,108.01851693112621,11.0,23.021728866442675,29.017236257093817,32.0,24.08318915758459,74.10802925459562,51.088159097779204,43.0,39.0,41.0,16.0,34.0,9.0,5.0,13.038404810405298,13.038404810405298,13.0,49.0,47.0,46.0,268.00746258266764,267.00187265260894,257.00778198334774,242.00206610688264
2316,36,2316,0,77.19999999999817,15.132745950421556,108.01851693112621,11.0,24.0,30.0,33.015148038438355,24.08318915758459,74.10802925459562,50.15974481593781,42.5,39.0,41.0,16.0,34.0,8.0,6.0,13.0,14.0,14.0,50.0,48.0,46.010868281309364,269.0167281044062,269.0074348414928,257.00194551792794,242.0
2317,36,2317,0,77.2333333333315,16.1245154965971,105.0,10.0,25.0,28.0,31.016124838541646,25.079872407968907,76.10519036176179,51.15662224971465,43.0,41.0,41.0,16.0,35.0,9.0,7.0,13.038404810405298,14.035668847618199,14.0,51.0,50.0,44.01136216933077,268.0,267.0074905316328,255.01764644824092,240.00833318866242
2318,36,2318,0,77.26666666666483,6.082762530298219,102.00490184299969,13.0,22.02271554554524,25.0,28.0,29.017236257093817,70.00714249274856,48.041648597857254,45.0,43.0,42.0,13.5,27.5,3.5,2.5,13.038404810405298,13.038404810405298,13.0,50.0,48.0,45.044422518220834,265.0,266.0,255.01764644824092,238.01890681204299
2319,36,2319,0,77.29999999999816,1.4142135623730951,102.00490184299969,14.0,22.0,25.019992006393608,28.0178514522438,32.01562118716424,69.02897942168927,47.042533945356304,46.5,44.0,43.0,11.5,25.5,1.5,0.5,14.035668847618199,13.038404810405298,13.0,50.0,48.0,44.04543109109048,265.0075470623431,267.01685340067957,255.04901489713697,239.0522955338434
2320,36,2320,0,77.3333333333315,1.0,102.0,15.0,21.02379604162864,24.0,27.018512172212592,32.01562118716424,68.06614430096654,47.042533945356304,47.0,44.0,44.0,12.0,24.0,1.0,1.0,14.0,14.035668847618199,14.0,49.0,48.0,45.0111097397076,265.0018867857359,267.00187265260894,255.00784301664135,238.00840321299583
2321,36,2321,0,77.36666666666483,4.123105625617661,103.0,15.0,22.0,26.0,28.0178514522438,30.01666203960727,71.02816342831905,49.040799340956916,47.0,44.0,44.0,14.0,27.0,3.0,1.0,14.035668847618199,15.033296378372908,15.0,49.0,48.0,45.0111097397076,266.0018796926067,267.0074905316328,254.03149411047443,236.03389587091087
2322,36,2322,0,77.39999999999816,16.0312195418814,103.0,11.0,23.0,27.018512172212592,31.0,26.019223662515376,76.02631123499285,53.03772242470448,45.0,43.0,43.0,17.0,33.0,9.0,6.0,14.035668847618199,14.035668847618199,14.0,49.0,48.0,44.0,267.00187265260894,266.03007348794233,255.07057846799972,237.0759372015642
2323,36,2323,0,77.43333333333149,18.027756377319946,105.0,12.0,23.0,29.017236257093817,32.0,23.08679276123039,76.05918747922567,53.08483775994799,44.0,43.0,43.0,20.0,33.0,8.0,9.0,14.035668847618199,14.035668847618199,14.0,49.0,49.0,44.01136216933077,268.00746258266764,268.01679051880313,255.07057846799972,238.05251521460553
2324,36,2324,0,77.46666666666482,19.1049731745428,105.00476179678711,11.0,23.0,28.0,31.016124838541646,23.021728866442675,76.05918747922567,53.08483775994799,43.5,42.0,41.0,18.5,34.5,9.5,8.5,14.035668847618199,15.033296378372908,15.0,48.0,48.0,43.0,267.0074905316328,266.04698833100895,254.09643838511394,237.1349826575573
2325,36,2325,0,77.49999999999815,19.026297590440446,105.0,11.0,23.0,29.0,33.0,23.08679276123039,76.05918747922567,53.08483775994799,43.5,41.0,41.0,18.0,35.0,10.0,8.0,14.0,15.033296378372908,15.0,48.0,49.0,44.0,267.0074905316328,267.01685340067957,255.07057846799972,237.10335299189677
2326,36,2326,0,77.53333333333148,20.024984394500787,106.00471687618433,11.0,24.0,29.0,32.01562118716424,23.08679276123039,78.05767098754612,54.08326913195984,44.0,42.0,41.0,18.5,36.5,10.5,8.5,14.0,15.033296378372908,14.5,47.0,48.0,45.0,268.00746258266764,267.01685340067957,254.07085625864295,236.10379073619296
2327,36,2327,0,77.56666666666482,20.09975124224178,105.0,11.0,24.0,28.0178514522438,32.01562118716424,22.0,77.02596964660685,53.03772242470448,43.0,39.0,39.0,17.0,38.0,12.0,6.0,15.033296378372908,15.033296378372908,14.5,48.0,48.0,44.0,269.0018587296378,267.01685340067957,254.07085625864295,238.0756182392477
2328,36,2328,0,77.59999999999815,19.026297590440446,104.00480758118829,11.0,23.0,29.0,32.0,23.021728866442675,76.02631123499285,53.03772242470448,43.5,40.0,39.0,16.5,36.5,11.5,6.5,14.035668847618199,15.033296378372908,15.0,48.0,48.0,43.01162633521314,268.00746258266764,267.02996086581743,255.07057846799972,238.10291892372928
2329,36,2329,0,77.63333333333148,21.02379604162864,106.0,11.0,23.0,29.0,32.0,23.021728866442675,78.02563681252464,55.036351623268054,44.5,40.0,40.0,17.0,38.0,13.0,7.0,15.033296378372908,15.033296378372908,14.5,48.0,48.0,43.04648650006177,270.0166661522951,267.0468123756582,254.07085625864295,238.0756182392477
2330,36,2330,0,77.66666666666481,21.095023109728988,105.00476179678711,11.045361017187261,23.021728866442675,28.0,32.01562118716424,24.08318915758459,79.02531240052139,56.08029957123981,45.5,42.0,41.0,17.5,37.5,12.5,7.5,14.0,15.033296378372908,15.0,48.0,48.0,43.01162633521314,267.01685340067957,266.03007348794233,252.0972034751675,237.1349826575573
2331,36,2331,0,77.69999999999814,25.079872407968907,107.0,10.0,24.020824298928627,28.0178514522438,32.01562118716424,22.090722034374522,81.05553651663777,57.14017850864661,44.5,41.0,41.0,19.0,40.0,15.0,9.0,14.0,15.132745950421556,15.0,47.0,49.0,44.01136216933077,267.0074905316328,268.02984908401527,254.07085625864295,238.0756182392477
2332,36,2332,0,77.73333333333147,25.019992006393608,106.0,10.04987562112089,24.0,28.0,32.01562118716424,24.08318915758459,83.02409288875127,59.033888572581766,46.5,44.0,44.0,20.0,39.0,14.0,11.0,14.035668847618199,15.0,15.0,47.0,48.0,44.01136216933077,267.0074905316328,266.01691675530714,253.07113624433742,237.05273674859777
2333,36,2333,0,77.7666666666648,19.026297590440446,102.0,11.045361017187261,25.0,26.0,29.0,26.076809620810597,81.02468759581859,56.0357029044876,46.5,46.0,46.0,20.0,35.0,9.0,9.0,13.038404810405298,14.035668847618199,14.0,47.0,48.0,45.0111097397076,267.0074905316328,267.01685340067957,255.04901489713697,239.0334704596827
2334,36,2334,0,77.79999999999814,5.0,103.0,14.0,23.0,25.0,28.0,30.01666203960727,72.00694410957877,49.01020301937138,46.5,46.0,46.0,16.0,26.0,2.0,3.0,14.035668847618199,14.035668847618199,14.0,47.0,47.0,44.01136216933077,266.0,267.01685340067957,255.03137061938085,240.01874926763534
2335,36,2335,0,77.83333333333147,4.123105625617661,103.00485425454472,16.0,23.021728866442675,25.0,28.0,29.0,72.0,49.01020301937138,47.0,46.0,45.0,16.5,26.5,2.5,2.5,14.0,15.033296378372908,14.5,47.0,47.0,44.01136216933077,265.0,266.01691675530714,255.03137061938085,240.01874926763534
2336,36,2336,0,77.8666666666648,1.4142135623730951,102.0196059588548,16.0,21.0,24.0,27.0,30.01666203960727,68.0294054067798,47.042533945356304,46.5,47.0,45.0,16.0,22.0,1.0,2.0,14.0,15.033296378372908,15.0,47.0,47.0,44.0,265.0,266.0018796926067,255.01764644824092,239.0083680543424
2337,36,2337,0,77.89999999999813,2.23606797749979,101.0,15.0,21.0,26.019223662515376,28.0178514522438,30.01666203960727,68.0294054067798,47.042533945356304,46.0,46.0,46.0,16.0,22.0,1.0,2.0,14.035668847618199,14.035668847618199,14.0,46.0,46.0,44.01136216933077,265.0018867857359,266.01691675530714,254.04920783186867,238.05251521460553
2338,36,2338,0,77.93333333333146,23.021728866442675,103.0,12.0,24.020824298928627,29.0,32.01562118716424,24.08318915758459,83.02409288875127,59.07622195096772,47.5,46.0,46.0,22.0,37.0,12.0,11.0,14.0,15.033296378372908,15.0,47.0,47.0,43.01162633521314,267.01685340067957,266.04698833100895,253.12645061312736,236.13555429032706
2339,36,2339,0,77.96666666666479,23.08679276123039,104.0,11.045361017187261,24.020824298928627,29.0,33.0,23.194827009486403,81.05553651663777,57.14017850864661,45.5,45.0,45.0,22.0,36.0,11.0,12.0,14.0,15.033296378372908,15.0,47.0,48.0,44.01136216933077,266.01691675530714,266.03007348794233,253.07113624433742,236.10379073619296
2340,36,2340,0,77.99999999999812,23.021728866442675,103.00485425454472,11.0,24.0,28.0,32.0,23.08679276123039,81.05553651663777,57.07889277132134,45.5,45.0,44.0,21.5,36.5,11.5,11.5,15.0,15.033296378372908,15.0,48.0,48.0,44.04543109109048,266.01691675530714,267.02996086581743,253.07113624433742,236.10379073619296
2341,36,2341,0,78.03333333333146,22.090722034374522,104.0,11.045361017187261,24.020824298928627,30.01666203960727,34.0147027033899,22.20360331117452,79.05694150420949,55.14526271584895,44.0,44.0,44.0,22.0,35.0,10.0,11.0,14.0,15.033296378372908,14.5,48.0,49.0,43.04648650006177,266.00751869073173,267.02996086581743,253.07113624433742,236.07625886564705
2342,36,2342,0,78.06666666666479,21.02379604162864,103.00485425454472,11.0,24.020824298928627,29.0,33.0,23.08679276123039,79.02531240052139,55.08175741568164,44.5,45.0,44.0,21.5,34.5,8.5,10.5,14.0,16.0312195418814,15.5,48.0,49.0,45.044422518220834,267.0074905316328,267.02996086581743,253.07113624433742,237.0759372015642
2343,36,2343,0,78.09999999999812,21.02379604162864,104.00480758118829,11.0,24.0,31.016124838541646,35.0,22.090722034374522,78.05767098754612,54.08326913195984,43.5,43.0,42.0,20.5,35.5,9.5,10.5,14.0,15.033296378372908,15.0,47.0,48.0,43.01162633521314,268.02984908401527,267.0674072214728,253.12645061312736,236.10379073619296
2344,36,2344,0,78.13333333333145,24.020824298928627,103.0,11.0,25.0,30.0,34.0,22.090722034374522,82.05485969764375,57.07889277132134,45.0,43.0,43.0,21.0,39.0,12.0,11.0,15.033296378372908,16.0312195418814,15.5,48.0,48.0,43.0,268.00746258266764,266.00751869073173,253.03161857759991,236.03389587091087
2345,36,2345,0,78.16666666666478,24.020824298928627,103.0,11.0,25.0,30.0,34.0,22.090722034374522,82.05485969764375,57.07889277132134,45.0,44.0,44.0,22.0,38.0,12.0,12.0,15.033296378372908,16.0312195418814,15.5,48.0,48.0,43.0,267.00187265260894,266.03007348794233,252.0972034751675,235.10423220350586
2346,36,2346,0,78.19999999999811,23.021728866442675,104.0,11.0,25.0,31.016124838541646,35.0,23.08679276123039,82.05485969764375,57.07889277132134,45.5,45.0,45.0,22.0,37.0,10.0,11.0,14.035668847618199,15.033296378372908,15.0,47.0,47.0,44.0,268.01679051880313,266.04698833100895,253.07113624433742,236.10379073619296
2347,36,2347,0,78.23333333333144,25.019992006393608,102.0,11.0,24.0,30.0,34.0147027033899,22.02271554554524,82.02438661763951,58.034472514187634,45.5,44.0,44.0,22.0,38.0,12.0,12.0,15.0,15.033296378372908,15.5,48.0,49.0,44.0,266.01691675530714,265.04716561397146,252.1269521491108,235.1361307838504
2348,36,2348,0,78.26666666666478,25.019992006393608,102.0,10.0,24.0,30.01666203960727,34.0,22.02271554554524,81.02468759581859,57.0350769263968,44.5,44.0,44.0,22.0,37.0,12.0,12.0,15.0,16.0312195418814,16.0,46.0,47.0,42.01190307520001,267.0074905316328,266.04698833100895,253.09681941897256,236.10379073619296
2349,36,2349,0,78.29999999999811,8.06225774829855,99.00505037623081,13.038404810405298,22.0,28.0178514522438,30.0,22.02271554554524,65.06919393998976,43.104524124504614,39.0,40.0,41.0,18.5,24.5,0.5,5.5,14.0,15.033296378372908,15.0,47.0,47.0,44.01136216933077,265.0018867857359,265.0075470623431,253.03161857759991,236.03389587091087
2350,36,2350,0,78.33333333333144,9.219544457292887,101.0,13.0,21.0,28.0178514522438,31.016124838541646,22.02271554554524,65.06919393998976,44.10215414239989,39.5,41.0,41.0,19.0,24.0,1.0,6.0,15.0,16.0312195418814,16.0,47.0,46.0,43.01162633521314,266.0018796926067,266.00751869073173,254.03149411047443,236.01906702637396
2351,36,2351,0,78.36666666666477,9.219544457292887,100.0,12.0,20.0,28.0178514522438,30.0,23.021728866442675,64.07027391856539,44.10215414239989,39.5,40.0,40.0,17.0,24.0,2.0,6.0,15.033296378372908,15.033296378372908,15.0,47.0,46.0,44.01136216933077,266.00751869073173,266.00751869073173,254.04920783186867,237.01898658124415
2352,36,2352,0,78.3999999999981,20.09975124224178,102.0,11.0,22.02271554554524,28.0,31.0,23.08679276123039,76.05918747922567,54.147945482723536,44.0,42.0,42.0,19.0,34.0,10.0,9.0,15.0,15.033296378372908,15.0,48.0,48.0,44.01136216933077,267.0,267.0074905316328,254.03149411047443,236.03389587091087
2353,36,2353,0,78.43333333333143,19.1049731745428,101.0,11.0,23.0,29.0,31.0,22.090722034374522,75.1065909225016,52.15361924162119,42.5,41.0,41.0,19.0,34.0,9.0,9.0,15.033296378372908,15.033296378372908,15.0,47.0,47.0,44.0,267.0,266.0018796926067,253.04940229133123,236.05296015936761
2354,36,2354,0,78.46666666666476,23.021728866442675,102.0,11.0,24.0,28.0,32.0,22.090722034374522,80.05623023850174,56.08029957123981,44.5,42.0,42.0,20.0,38.0,13.0,10.0,15.033296378372908,16.0312195418814,16.0,48.0,47.0,42.01190307520001,267.0074905316328,266.0,254.01771591761076,237.00843866833097
2355,36,2355,0,78.4999999999981,21.095023109728988,101.00495037373169,11.0,23.0,29.017236257093817,33.015148038438355,22.02271554554524,77.05841939723393,54.08326913195984,43.5,41.0,42.0,19.5,35.5,10.5,9.5,15.033296378372908,15.033296378372908,15.0,48.0,48.0,43.01162633521314,267.0074905316328,266.0,254.01771591761076,238.03361107205006
2356,36,2356,0,78.53333333333143,18.110770276274835,104.00480758118829,10.0,22.0,30.01666203960727,33.0,23.08679276123039,73.10950690573696,51.15662224971465,42.0,39.0,40.0,16.5,33.5,9.5,7.5,14.0,14.035668847618199,14.5,48.0,47.0,43.0,267.00187265260894,266.0018796926067,254.01771591761076,239.0083680543424
2357,36,2357,0,78.56666666666476,15.132745950421556,105.00476179678711,10.0,22.0,31.016124838541646,34.0,23.08679276123039,70.11419257183242,48.16637831516918,40.5,37.0,38.0,14.5,32.5,8.5,5.5,9.055385138137417,9.0,9.0,47.0,47.0,44.0,267.01685340067957,265.0075470623431,252.00793638296395,239.0083680543424
2358,36,2358,0,78.59999999999809,20.09975124224178,106.00471687618433,10.0,22.02271554554524,30.01666203960727,33.0,22.20360331117452,74.24284477308234,52.23983154643591,42.0,38.0,39.0,16.5,35.5,11.5,6.5,6.0,6.082762530298219,6.0,50.0,49.0,43.0,266.0018796926067,266.0018796926067,255.0019607767752,241.0020746798666
2359,36,2359,0,78.63333333333142,19.1049731745428,106.01886624558857,11.0,22.02271554554524,30.0,33.015148038438355,22.090722034374522,74.16872656315464,52.15361924162119,42.5,38.0,40.0,17.0,35.0,12.0,7.0,6.0,7.0710678118654755,6.5,50.0,49.0,43.0,268.01679051880313,266.01691675530714,255.0,241.0
2360,36,2360,0,78.66666666666475,27.018512172212592,103.01941564578979,10.04987562112089,23.021728866442675,29.017236257093817,33.0,21.095023109728988,81.15417426109393,58.137767414994535,44.5,40.0,42.0,20.0,40.0,15.0,10.0,7.0,7.0,7.5,51.0,49.0,45.0,267.02996086581743,266.01691675530714,254.0,240.0
2361,36,2361,0,78.69999999999808,30.01666203960727,105.07616285342742,9.0,24.0,29.017236257093817,32.01562118716424,25.179356624028344,88.09086218218096,64.1248781675256,49.0,43.0,47.0,20.0,43.0,17.0,12.0,11.045361017187261,12.0,12.0,53.0,49.0,48.010415536631214,268.1510768205118,266.1522120892479,254.09643838511394,238.1344158243407
2362,36,2362,0,78.73333333333142,20.0,102.07840124139877,11.045361017187261,24.0,24.020824298928627,28.0178514522438,27.16615541441225,82.09750300709517,58.137767414994535,48.0,44.0,48.0,19.0,36.0,10.0,8.0,12.041594578792296,13.0,13.0,55.0,50.0,50.00999900019995,265.228203628498,266.27053911388697,255.1960031034969,239.30106560565082
2363,36,2363,0,78.76666666666475,7.0,101.07917688624102,14.035668847618199,22.02271554554524,23.021728866442675,26.019223662515376,29.068883707497267,72.11102550927978,50.08991914547278,46.5,43.0,47.0,16.0,27.0,3.0,3.0,14.142135623730951,15.0,14.5,55.0,50.0,50.00999900019995,266.27053911388697,267.2695268825086,256.236219141635,240.29981273400944
2364,36,2364,0,78.79999999999808,6.082762530298219,102.04410811016969,14.0,22.0,22.02271554554524,26.019223662515376,30.14962686336267,72.11102550927978,50.15974481593781,47.0,43.0,46.0,14.5,27.5,3.5,1.5,14.035668847618199,14.0,14.0,55.0,51.0,50.0,264.2290672882149,265.228203628498,256.28109567426156,240.29981273400944
2365,36,2365,0,78.83333333333141,1.0,98.08159868191383,14.0,23.021728866442675,23.021728866442675,26.019223662515376,31.144823004794873,69.1158447825099,46.09772228646444,45.5,43.0,47.0,14.0,24.0,1.0,1.0,14.142135623730951,14.035668847618199,14.0,55.0,51.0,51.0098029794274,265.31867631209076,266.3174797117155,254.2833065696606,238.3547775900454
2366,36,2366,0,78.86666666666474,2.0,94.13288479590966,13.0,23.021728866442675,21.02379604162864,24.020824298928627,31.064449134018133,69.06518659932803,46.04345773288535,45.0,42.0,47.0,13.5,24.5,0.5,1.5,14.142135623730951,14.0,14.0,57.0,51.0,52.009614495783374,264.27258654654287,267.2695268825086,256.28109567426156,238.30232898568156
2367,36,2367,0,78.89999999999807,1.4142135623730951,94.08506789071261,14.0,23.0,24.020824298928627,26.076809620810597,31.064449134018133,69.06518659932803,46.09772228646444,45.5,43.0,47.0,14.0,24.0,2.0,1.0,14.142135623730951,14.035668847618199,14.0,55.0,51.0,50.00999900019995,264.2290672882149,267.2695268825086,255.23714463220279,239.25300416086733
2368,36,2368,0,78.9333333333314,5.0990195135927845,92.13576938409967,14.0,24.0,21.02379604162864,24.020824298928627,31.144823004794873,74.10802925459562,50.15974481593781,47.5,43.0,48.0,14.5,28.5,2.5,1.5,14.035668847618199,14.035668847618199,14.0,57.0,52.0,51.0,265.27155897306443,266.3174797117155,255.28219679405768,237.35627229968034
2369,36,2369,0,78.96666666666474,6.0,94.13288479590966,14.0,23.021728866442675,22.02271554554524,24.08318915758459,31.144823004794873,74.10802925459562,51.088159097779204,48.0,43.0,48.0,14.5,28.5,2.5,1.5,14.142135623730951,14.035668847618199,14.0,57.0,51.0,51.0098029794274,264.3709515056448,266.36816626616627,254.4425278918601,236.4148895480147
2370,36,2370,0,78.99999999999807,7.0,94.13288479590966,13.0,23.021728866442675,21.02379604162864,25.079872407968907,31.144823004794873,74.10802925459562,51.088159097779204,47.5,43.0,48.0,14.5,28.5,2.5,2.5,14.142135623730951,14.035668847618199,14.5,58.0,52.0,51.0098029794274,264.31988196123274,266.3174797117155,253.28442510347926,236.35777964771967
2371,36,2371,0,79.0333333333314,8.0,94.19129471453293,13.0,24.020824298928627,21.02379604162864,25.079872407968907,29.154759474226502,74.10802925459562,50.08991914547278,46.0,39.0,45.0,13.0,32.0,6.0,1.0,15.033296378372908,15.0,14.5,57.0,51.0,50.039984012787215,266.27053911388697,267.2695268825086,256.28109567426156,238.2540660723338
2372,36,2372,0,79.06666666666473,13.152946437965905,99.24716620639605,12.041594578792296,23.021728866442675,23.08679276123039,26.076809620810597,25.079872407968907,73.24616030891995,50.24937810560445,43.5,38.0,45.0,16.5,31.5,5.5,4.5,15.132745950421556,16.0,16.0,56.0,51.0,52.009614495783374,266.2273464541162,267.2695268825086,256.3298656028985,240.40798655618744
2373,36,2373,0,79.09999999999806,17.029386365926403,98.32598842625484,11.045361017187261,24.020824298928627,24.186773244895647,28.160255680657446,21.37755832643195,73.33484846919642,49.36598018878993,40.5,35.0,43.0,18.0,34.0,8.0,6.0,16.0312195418814,15.033296378372908,15.0,57.0,50.0,52.03844732503075,268.31511325305553,267.36678926149375,256.3298656028985,239.40969069776602
2374,36,2374,0,79.1333333333314,13.152946437965905,97.32933781753577,11.0,24.020824298928627,24.08318915758459,28.071337695236398,26.1725046566048,74.24284477308234,50.24937810560445,43.5,38.0,46.0,16.0,32.0,6.0,5.0,15.132745950421556,14.035668847618199,14.5,56.0,50.0,50.00999900019995,269.2248131209306,269.2675249635574,256.28109567426156,239.35329536064467
2375,36,2375,0,79.16666666666472,2.23606797749979,99.24716620639605,14.035668847618199,24.020824298928627,25.079872407968907,28.160255680657446,29.154759474226502,69.26037828369117,45.27692569068709,44.0,38.0,45.0,12.5,27.5,0.5,0.5,15.033296378372908,15.0,14.5,57.0,50.0,50.039984012787215,268.1510768205118,269.1858094328154,257.1575392633862,240.20824298928628
2376,36,2376,0,79.19999999999806,1.4142135623730951,98.2496819333274,15.033296378372908,22.02271554554524,24.08318915758459,27.073972741361768,28.160255680657446,66.27216610312357,44.28317965096906,43.5,38.0,45.0,13.5,24.5,0.5,0.5,15.132745950421556,15.0,15.0,56.0,49.0,48.010415536631214,266.2273464541162,267.22649569232465,256.236219141635,239.35329536064467
2377,36,2377,0,79.23333333333139,3.1622776601683795,99.40824915468535,15.033296378372908,23.021728866442675,26.076809620810597,28.160255680657446,26.1725046566048,67.26812023536856,44.28317965096906,42.5,36.0,45.0,14.5,26.5,0.5,0.5,15.033296378372908,15.0,14.5,56.0,48.0,46.010868281309364,266.1879035568671,267.1872002922296,255.1960031034969,238.30232898568156
2378,36,2378,0,79.26666666666472,16.1245154965971,100.17983829094555,11.0,22.02271554554524,27.073972741361768,30.01666203960727,24.08318915758459,73.17103251970687,51.15662224971465,43.0,38.0,44.0,17.0,32.0,7.0,6.0,15.132745950421556,15.0,15.0,56.0,47.0,47.042533945356304,268.1865022703417,267.1872002922296,255.12545933324648,238.20999139414786
2379,36,2379,0,79.29999999999805,21.095023109728988,101.24228365658294,10.0,22.02271554554524,29.068883707497267,32.0624390837628,22.090722034374522,75.16648189186454,53.150729063673246,42.5,37.0,44.0,18.5,34.5,9.5,8.5,14.035668847618199,15.0,15.0,55.0,47.0,46.04345773288535,267.2695268825086,265.27155897306443,253.23901753086943,236.30488780387088
2380,36,2380,0,79.33333333333138,20.09975124224178,102.17631819555841,10.04987562112089,23.021728866442675,29.068883707497267,33.06055050963308,23.021728866442675,76.16429609731846,53.150729063673246,43.0,37.0,43.0,17.0,36.0,10.0,7.0,15.132745950421556,15.0,15.5,56.0,47.0,44.04543109109048,269.2675249635574,266.27053911388697,252.23996511258878,235.35929979501554
2381,36,2381,0,79.36666666666471,21.095023109728988,104.17293314484334,10.0,23.021728866442675,30.066592756745816,33.06055050963308,22.090722034374522,76.16429609731846,53.150729063673246,42.5,36.0,42.0,17.0,37.0,11.0,7.0,16.0312195418814,15.0,15.0,56.0,47.0,44.04543109109048,269.2248131209306,267.2695268825086,253.1975513309716,237.30360300678117
2382,36,2382,0,79.39999999999804,22.090722034374522,103.1746092796091,10.0,24.020824298928627,30.066592756745816,34.0147027033899,21.213203435596427,77.23341245859851,53.23532661682466,42.0,35.0,41.0,17.0,39.0,12.0,7.0,15.033296378372908,15.033296378372908,15.0,56.0,48.0,44.10215414239989,268.2256512714621,267.22649569232465,253.23901753086943,237.30360300678117
2383,36,2383,0,79.43333333333138,22.090722034374522,103.1746092796091,10.04987562112089,23.0,31.064449134018133,34.058772731852805,21.095023109728988,76.16429609731846,53.23532661682466,42.0,35.0,41.0,17.0,38.0,12.0,7.0,14.142135623730951,15.033296378372908,15.0,55.0,47.0,45.09988913511872,270.266535109325,267.31629205867716,253.23901753086943,236.30488780387088
2384,36,2384,0,79.46666666666471,21.095023109728988,104.12012293500234,11.0,23.021728866442675,30.01666203960727,33.015148038438355,22.20360331117452,77.23341245859851,54.230987451824994,43.5,37.0,42.0,17.5,37.5,11.5,7.5,16.1245154965971,16.0312195418814,16.0,56.0,48.0,45.09988913511872,269.2248131209306,267.22649569232465,253.1975513309716,236.30488780387088
2385,36,2385,0,79.49999999999804,21.095023109728988,103.1746092796091,11.045361017187261,24.0,29.017236257093817,32.01562118716424,21.095023109728988,77.1621668954417,53.23532661682466,42.5,35.0,41.0,17.0,39.0,12.0,6.0,15.132745950421556,15.033296378372908,15.0,55.0,47.0,44.10215414239989,269.1858094328154,267.1872002922296,253.12645061312736,237.17082451262846
2386,36,2386,0,79.53333333333137,20.09975124224178,104.12012293500234,11.0,24.0,29.017236257093817,33.015148038438355,22.090722034374522,77.10382610480494,53.150729063673246,43.0,36.0,41.0,16.5,38.5,12.5,6.5,14.035668847618199,14.0,14.5,54.0,46.0,45.044422518220834,270.266535109325,267.1872002922296,254.12595302329905,238.1344158243407
2387,36,2387,0,79.5666666666647,27.073972741361768,103.07764064044152,10.0,23.0,29.017236257093817,33.015148038438355,22.090722034374522,82.09750300709517,59.135437767890075,45.5,40.0,44.0,20.0,40.0,14.0,10.0,15.132745950421556,15.0,15.0,54.0,47.0,46.04345773288535,269.2248131209306,267.1872002922296,254.09643838511394,236.13555429032706
2388,36,2388,0,79.59999999999803,26.076809620810597,103.07764064044152,11.0,23.0,30.01666203960727,34.0147027033899,22.20360331117452,82.15229759416349,59.21148537234985,46.0,40.0,44.0,20.0,40.0,14.0,10.0,15.132745950421556,15.033296378372908,14.5,54.0,47.0,45.044422518220834,268.26852219371546,267.1872002922296,254.12595302329905,237.1349826575573
2389,36,2389,0,79.63333333333136,29.068883707497267,102.07840124139877,11.0,23.0,30.066592756745816,33.015148038438355,23.08679276123039,86.09297300012354,63.12685640834652,48.5,42.0,46.0,21.0,42.0,17.0,10.0,15.033296378372908,15.0,15.0,53.0,47.0,45.044422518220834,270.1184925176357,266.092089322475,252.04959829366916,235.05318547086316
2390,36,2390,0,79.6666666666647,29.017236257093817,101.04454463255303,11.045361017187261,24.0,29.017236257093817,33.015148038438355,22.090722034374522,86.09297300012354,62.12889826803627,47.5,42.0,45.0,21.5,42.5,16.5,11.5,14.035668847618199,15.033296378372908,14.5,53.0,48.0,43.01162633521314,269.15051551130273,267.1198233003309,253.04940229133123,234.07691043757393
2391,36,2391,0,79.69999999999803,30.066592756745816,102.0196059588548,11.0,23.021728866442675,29.017236257093817,33.015148038438355,23.08679276123039,87.14355971613737,64.1248781675256,49.0,44.0,46.0,22.0,42.0,17.0,12.0,14.035668847618199,14.035668847618199,14.0,52.0,47.0,44.01136216933077,269.1189328159578,266.092089322475,252.03174403237384,235.03404008781365
2392,36,2392,0,79.73333333333136,30.066592756745816,103.01941564578979,10.0,23.0,28.0178514522438,33.0,23.194827009486403,86.14522621712709,63.198101237299845,48.0,42.0,44.0,20.0,43.0,18.0,10.0,13.038404810405298,13.038404810405298,13.0,52.0,47.0,43.01162633521314,269.09106265351886,266.0676605677586,253.03161857759991,236.05296015936761
2393,36,2393,0,79.76666666666469,28.0178514522438,102.0196059588548,11.045361017187261,22.02271554554524,29.017236257093817,33.0,22.090722034374522,83.15046602394962,61.1310068623117,47.0,41.0,43.0,20.0,41.0,17.0,10.0,8.0,8.06225774829855,8.0,53.0,49.0,44.01136216933077,268.04663773306316,264.04734423962685,252.01785651020842,237.03375287076733
2394,36,2394,0,79.79999999999802,27.073972741361768,104.01922899156675,10.0,21.0,30.01666203960727,33.0,23.194827009486403,81.15417426109393,60.207972893961475,46.5,41.0,43.0,19.0,39.0,16.0,9.0,7.0,7.0710678118654755,7.0,52.0,49.0,44.04543109109048,266.0676605677586,264.06817301598466,251.00796800101784,235.00851048419503
2395,36,2395,0,79.83333333333135,23.021728866442675,102.04410811016969,11.045361017187261,22.02271554554524,29.017236257093817,33.0,23.08679276123039,79.1580697086532,57.14017850864661,45.5,40.0,43.0,18.5,37.5,13.5,8.5,6.0,7.0710678118654755,6.5,52.0,49.0,42.01190307520001,266.04698833100895,265.03018695990085,253.00790501484337,238.00840321299583
2396,36,2396,0,79.86666666666468,19.1049731745428,102.0196059588548,11.0,23.0,29.068883707497267,32.01562118716424,22.20360331117452,75.16648189186454,52.23983154643591,42.5,38.0,40.0,17.0,36.0,11.0,6.0,8.0,8.0,8.0,51.0,48.0,45.0,268.02984908401527,266.01691675530714,253.0,237.00210969525145
2397,36,2397,0,79.89999999999802,15.132745950421556,102.00490184299969,11.045361017187261,23.0,30.01666203960727,33.015148038438355,23.08679276123039,72.17340230306452,49.25444142409901,41.5,39.0,40.0,16.5,32.5,7.5,6.5,10.0,11.0,11.0,50.0,47.0,46.0,266.0676605677586,265.04716561397146,253.00790501484337,237.00843866833097
2398,36,2398,0,79.93333333333135,12.165525060596439,103.01941564578979,11.0,23.0,30.01666203960727,32.01562118716424,22.20360331117452,68.18357573492314,45.27692569068709,39.0,38.0,40.0,17.0,29.0,4.0,7.0,11.0,12.0,11.5,49.0,46.0,44.0,267.01685340067957,266.00751869073173,254.0019684963091,239.0
2399,36,2399,0,79.96666666666468,13.152946437965905,101.04454463255303,11.0,23.021728866442675,28.071337695236398,31.016124838541646,21.095023109728988,68.18357573492314,45.17742799230607,38.5,37.0,40.0,17.5,29.5,4.5,6.5,13.0,14.0,13.5,49.0,46.0,43.0,267.0074905316328,266.00751869073173,254.0019684963091,237.0
2400,36,2400,0,79.99999999999801,12.041594578792296,101.01980003939822,11.045361017187261,23.021728866442675,28.0178514522438,31.016124838541646,23.08679276123039,69.18092222571191,46.17358552246078,40.0,38.0,40.0,16.0,30.0,5.0,6.0,13.038404810405298,14.0,13.5,49.0,46.0,44.0,266.03007348794233,266.00751869073173,255.0,239.0
2401,36,2401,0,80.03333333333134,14.142135623730951,101.01980003939822,11.045361017187261,24.0,27.073972741361768,30.0,22.02271554554524,71.11258679024411,47.16990566028302,40.0,39.0,41.0,18.0,31.0,5.0,7.0,14.0,14.0,14.0,48.0,46.0,43.0,266.03007348794233,265.01698058803703,253.0,237.0
2402,36,2402,0,80.06666666666467,16.1245154965971,101.00495037373169,11.0,23.0,28.0178514522438,31.016124838541646,22.090722034374522,72.11102550927978,49.16299421312742,41.0,40.0,41.0,18.5,31.5,6.5,7.5,14.0,14.035668847618199,14.0,47.0,46.0,43.0,266.01691675530714,265.0018867857359,253.00197627686626,237.00210969525145
2403,36,2403,0,80.099999999998,17.029386365926403,100.0199980003999,11.0,23.021728866442675,27.018512172212592,31.0,22.20360331117452,73.17103251970687,50.15974481593781,41.5,40.0,42.0,19.0,32.0,7.0,8.0,14.035668847618199,14.0,14.0,48.0,46.0,44.01136216933077,267.0074905316328,265.0,252.01785651020842,237.01898658124415
2404,36,2404,0,80.13333333333134,17.26267650163207,100.00499987500625,12.0,24.0,28.0178514522438,31.016124838541646,21.095023109728988,74.16872656315464,50.24937810560445,41.5,41.0,42.0,20.5,32.5,6.5,8.5,13.0,15.033296378372908,15.0,48.0,47.0,43.0,266.0,265.0018867857359,254.01771591761076,237.01898658124415
2405,36,2405,0,80.16666666666467,18.027756377319946,99.00505037623081,12.0,24.0,27.018512172212592,31.0,21.213203435596427,75.1065909225016,51.15662224971465,42.0,42.0,43.0,21.5,32.5,7.5,9.5,14.035668847618199,14.035668847618199,14.0,48.0,46.0,43.01162633521314,265.0018867857359,264.0018939326004,253.03161857759991,237.03375287076733
2406,36,2406,0,80.199999999998,20.024984394500787,99.00505037623081,12.0,24.0,29.017236257093817,32.01562118716424,21.095023109728988,77.05841939723393,53.08483775994799,43.0,43.0,44.0,22.5,33.5,7.5,10.5,14.035668847618199,15.0,15.0,48.0,47.0,43.0,265.0,265.0075470623431,253.04940229133123,238.0756182392477
2407,36,2407,0,80.23333333333133,20.024984394500787,99.00505037623081,11.045361017187261,25.019992006393608,29.017236257093817,32.01562118716424,22.02271554554524,78.10249675906654,53.08483775994799,43.0,43.0,44.0,21.5,34.5,8.5,10.5,13.0,15.033296378372908,14.5,48.0,46.0,44.0,266.0,266.00751869073173,254.04920783186867,238.05251521460553
2408,36,2408,0,80.26666666666466,20.09975124224178,101.0,12.0,24.0,28.0178514522438,32.0,22.090722034374522,78.10249675906654,54.147945482723536,44.0,45.0,45.0,23.0,33.0,7.0,11.0,15.033296378372908,16.0,15.5,47.0,46.0,42.0,267.0074905316328,265.0018867857359,253.03161857759991,236.07625886564705
2409,36,2409,0,80.299999999998,20.024984394500787,101.0,12.0,25.0,29.017236257093817,32.01562118716424,22.090722034374522,79.05694150420949,54.08326913195984,44.0,45.0,45.0,23.0,34.0,8.0,11.0,15.033296378372908,16.0,15.5,48.0,47.0,42.01190307520001,266.0018796926067,266.01691675530714,254.07085625864295,236.10379073619296
2410,36,2410,0,80.33333333333132,20.024984394500787,101.0,12.0,24.0,29.017236257093817,32.0,21.095023109728988,77.05841939723393,53.08483775994799,43.0,44.0,44.0,23.0,33.0,8.0,12.0,15.033296378372908,16.0,15.5,48.0,48.0,40.0,267.0,266.01691675530714,254.07085625864295,237.10335299189677
2411,36,2411,0,80.36666666666466,20.024984394500787,99.0,12.0,24.0,26.019223662515376,30.0,22.02271554554524,78.02563681252464,54.037024344425184,44.0,46.0,46.0,24.0,32.0,7.0,12.0,14.035668847618199,15.033296378372908,14.5,47.0,47.0,44.0,263.0,265.0075470623431,253.03161857759991,236.05296015936761
2412,36,2412,0,80.39999999999799,19.026297590440446,99.0,11.0,24.0,27.018512172212592,29.0,24.08318915758459,78.05767098754612,54.08326913195984,44.5,46.0,46.0,22.0,32.0,7.0,11.0,13.0,15.0,15.0,47.0,47.0,43.01162633521314,265.0075470623431,265.01698058803703,253.04940229133123,236.05296015936761
2413,36,2413,0,80.43333333333132,14.142135623730951,99.0,13.038404810405298,25.019992006393608,26.019223662515376,28.0178514522438,24.020824298928627,76.00657866263946,51.03920062069938,44.0,45.0,45.0,21.0,31.0,5.0,8.0,15.033296378372908,14.035668847618199,14.0,47.0,48.0,45.0111097397076,264.0075756488817,264.04734423962685,252.1269521491108,236.13555429032706
2414,36,2414,0,80.46666666666465,10.04987562112089,99.00505037623081,15.0,24.0,25.0,27.0,26.019223662515376,75.02666192761077,51.03920062069938,46.0,47.0,46.0,20.5,28.5,3.5,6.5,15.0,15.033296378372908,15.0,48.0,48.0,44.01136216933077,263.0019011338131,264.030301291348,252.0972034751675,236.10379073619296
2415,36,2415,0,80.49999999999798,12.041594578792296,99.0,13.0,23.0,26.019223662515376,29.017236257093817,25.019992006393608,73.02739212103907,50.039984012787215,44.0,46.0,46.0,21.0,27.0,3.0,9.0,14.035668847618199,14.035668847618199,14.0,48.0,48.0,44.01136216933077,264.0018939326004,264.030301291348,252.0972034751675,236.07625886564705
2416,36,2416,0,80.53333333333131,14.142135623730951,99.00505037623081,13.0,23.0,26.019223662515376,29.0,24.020824298928627,74.06078584514209,51.088159097779204,44.0,46.0,45.0,21.5,28.5,4.5,8.5,14.0,14.035668847618199,14.0,47.0,48.0,42.01190307520001,264.0075756488817,266.04698833100895,253.07113624433742,237.10335299189677
2417,36,2417,0,80.56666666666464,16.0312195418814,99.00505037623081,12.0,23.0,27.0,30.01666203960727,23.0,74.00675644831355,51.0098029794274,43.0,46.0,45.0,22.5,28.5,3.5,11.5,14.035668847618199,15.033296378372908,15.0,47.0,47.0,43.01162633521314,264.0170449043016,265.04716561397146,252.0972034751675,236.10379073619296
2418,36,2418,0,80.59999999999798,15.033296378372908,98.02040603874276,13.0,22.0,27.0,30.01666203960727,22.02271554554524,72.02777242147643,50.039984012787215,42.5,46.0,44.0,23.0,27.0,4.0,11.0,15.033296378372908,16.0312195418814,16.0,47.0,47.0,43.01162633521314,265.01698058803703,265.03018695990085,253.09681941897256,237.0759372015642
2419,36,2419,0,80.63333333333131,15.033296378372908,100.00499987500625,12.0,22.0,26.019223662515376,29.017236257093817,23.021728866442675,72.02777242147643,50.039984012787215,42.5,45.0,44.0,21.5,27.5,3.5,9.5,15.0,16.0312195418814,15.5,48.0,49.0,43.01162633521314,265.01698058803703,265.01698058803703,253.04940229133123,236.03389587091087
2420,36,2420,0,80.66666666666464,13.152946437965905,99.0,12.041594578792296,23.0,27.0,30.0,23.08679276123039,71.06335201775947,48.093658625644196,41.5,44.0,44.0,21.0,27.0,3.0,10.0,15.033296378372908,15.033296378372908,15.0,49.0,48.0,42.01190307520001,265.0018867857359,266.01691675530714,254.04920783186867,236.03389587091087
2421,36,2421,0,80.69999999999797,13.038404810405298,99.00505037623081,12.0,23.0,28.0178514522438,30.0,22.090722034374522,70.06425622241343,47.095647357266465,40.5,43.0,42.0,20.5,27.5,3.5,8.5,15.033296378372908,15.033296378372908,15.5,49.0,50.0,44.01136216933077,265.0018867857359,266.03007348794233,254.07085625864295,237.05273674859777
2422,36,2422,0,80.7333333333313,12.165525060596439,101.00495037373169,12.0,23.0,28.0,31.0,23.021728866442675,70.06425622241343,47.095647357266465,41.0,43.0,42.0,19.5,27.5,3.5,8.5,15.033296378372908,15.033296378372908,15.0,48.0,48.0,43.01162633521314,266.0018796926067,265.01698058803703,253.04940229133123,236.07625886564705
2423,36,2423,0,80.76666666666463,11.045361017187261,101.00495037373169,12.0,23.0,28.0178514522438,31.016124838541646,23.08679276123039,69.06518659932803,46.09772228646444,40.5,43.0,42.0,19.5,26.5,2.5,7.5,15.0,15.132745950421556,15.0,48.0,49.0,44.0,266.0018796926067,265.01698058803703,253.04940229133123,237.05273674859777
2424,36,2424,0,80.79999999999797,10.198039027185569,102.0,13.0,23.0,28.0,31.0,22.090722034374522,68.11754546370561,45.17742799230607,40.0,41.0,41.0,19.0,27.0,3.0,7.0,15.0,16.0312195418814,15.5,48.0,49.0,41.012193308819754,265.0018867857359,266.01691675530714,253.07113624433742,236.07625886564705
2425,36,2425,0,80.8333333333313,10.198039027185569,101.0,12.0,23.0,28.0,31.0,23.08679276123039,68.11754546370561,45.17742799230607,40.0,41.0,41.0,18.0,27.0,3.0,7.0,15.033296378372908,15.033296378372908,15.0,49.0,48.0,44.0,265.0,264.0075756488817,252.01785651020842,237.01898658124415
2426,36,2426,0,80.86666666666463,10.04987562112089,102.0,12.0,22.0,28.0,31.016124838541646,22.20360331117452,66.12110101926616,44.181444068749045,39.0,40.0,40.0,18.0,26.0,3.0,7.0,16.0312195418814,15.033296378372908,15.5,49.0,49.0,45.044422518220834,266.0018796926067,266.00751869073173,254.03149411047443,238.05251521460553
2427,36,2427,0,80.89999999999796,11.180339887498949,101.0,11.0,22.0,28.0178514522438,31.0,23.021728866442675,67.06713054842886,45.09988913511872,39.5,40.0,40.0,17.0,27.0,3.0,6.0,16.0312195418814,16.0312195418814,16.0,50.0,49.0,43.0,266.00751869073173,266.0018796926067,254.03149411047443,238.05251521460553
2428,36,2428,0,80.93333333333129,13.152946437965905,101.0,11.0,22.0,28.0178514522438,31.016124838541646,22.20360331117452,68.18357573492314,46.2709412050371,39.5,40.0,40.0,18.0,28.0,4.0,7.0,16.0312195418814,15.033296378372908,15.0,49.0,49.0,45.0111097397076,266.0018796926067,266.00751869073173,254.03149411047443,237.05273674859777
2429,36,2429,0,80.96666666666462,16.1245154965971,100.0,10.0,22.0,28.0178514522438,30.01666203960727,22.090722034374522,70.11419257183242,48.16637831516918,40.0,40.0,40.0,18.0,30.0,6.0,8.0,15.033296378372908,15.033296378372908,15.0,49.0,49.0,44.01136216933077,266.0,266.0018796926067,253.03161857759991,236.03389587091087
2430,36,2430,0,80.99999999999795,15.132745950421556,101.00495037373169,11.0,22.0,28.0178514522438,30.0,22.090722034374522,70.11419257183242,48.16637831516918,40.5,40.0,39.0,17.5,30.5,6.5,7.5,15.033296378372908,15.033296378372908,15.5,49.0,48.0,43.01162633521314,267.00187265260894,266.00751869073173,253.04940229133123,237.0759372015642
2431,36,2431,0,81.03333333333129,22.02271554554524,97.0,10.04987562112089,24.020824298928627,28.0,31.016124838541646,22.20360331117452,78.23042886243178,54.230987451824994,43.0,42.0,42.0,20.0,36.0,11.0,11.0,14.035668847618199,15.033296378372908,15.0,49.0,49.0,44.01136216933077,266.0,266.00751869073173,253.00790501484337,236.00847442411893
2432,36,2432,0,81.06666666666462,32.14031735997639,97.0051545022222,9.0,24.0,28.0178514522438,32.0,20.223748416156685,85.21150157109074,61.29437168288782,45.0,43.0,44.0,23.5,41.5,16.5,14.5,15.132745950421556,15.033296378372908,15.5,51.0,50.0,44.0,268.00186566514793,266.0018796926067,252.03174403237384,233.05364189387817
2433,36,2433,0,81.09999999999795,36.05551275463989,95.00526301210897,10.04987562112089,26.0,27.018512172212592,30.01666203960727,22.090722034374522,94.13288479590966,68.18357573492314,50.0,48.0,49.0,26.5,45.5,18.5,16.5,16.0312195418814,17.029386365926403,17.0,49.0,48.0,43.0,268.00186566514793,266.00751869073173,251.07170290576354,232.07757323791543
2434,36,2434,0,81.13333333333128,30.066592756745816,96.00520819205592,10.0,25.0,25.019992006393608,30.01666203960727,27.294688127912362,92.19544457292888,67.26812023536856,52.0,48.0,49.0,21.5,43.5,17.5,11.5,16.1245154965971,16.0312195418814,16.0,49.0,49.0,43.0,267.00187265260894,265.0018867857359,252.00198411917316,234.0
2435,36,2435,0,81.16666666666461,8.246211251235321,94.02127418834527,13.038404810405298,22.0,23.0,26.0,31.016124838541646,74.10802925459562,52.15361924162119,48.0,44.0,46.0,14.0,29.0,6.0,2.0,16.1245154965971,16.0312195418814,16.0,49.0,48.0,46.0,267.00187265260894,266.0,254.00787389370433,236.00211863455803
2436,36,2436,0,81.19999999999794,2.23606797749979,95.04735661763561,14.0,21.02379604162864,22.02271554554524,25.019992006393608,32.0624390837628,69.1158447825099,48.093658625644196,47.0,42.0,45.0,11.5,25.5,1.5,1.5,17.029386365926403,17.029386365926403,17.0,51.0,49.0,45.0,266.03007348794233,266.01691675530714,252.00793638296395,234.00213674238105
2437,36,2437,0,81.23333333333127,3.605551275463989,95.04735661763561,13.0,22.0,24.020824298928627,26.019223662515376,31.064449134018133,69.1158447825099,47.16990566028302,45.5,41.0,44.0,11.5,26.5,2.5,0.5,15.033296378372908,15.132745950421556,15.5,50.0,48.0,45.0,265.0075470623431,266.0018796926067,254.0019684963091,237.0
2438,36,2438,0,81.2666666666646,13.152946437965905,97.02061636580135,13.0,21.02379604162864,25.0,28.0178514522438,26.1725046566048,73.24616030891995,52.23983154643591,45.5,43.0,45.0,18.0,29.0,6.0,6.0,16.1245154965971,16.0312195418814,16.0,50.0,49.0,46.0,267.0074905316328,267.0074905316328,254.0019684963091,235.00212764994276
2439,36,2439,0,81.29999999999794,25.079872407968907,97.04638066409278,10.0,23.021728866442675,27.018512172212592,31.0,23.194827009486403,81.2219182240853,58.215118311311535,45.5,42.0,45.0,20.5,37.5,12.5,10.5,16.0312195418814,16.1245154965971,16.0,51.0,50.0,46.0,268.00186566514793,267.0,254.0019684963091,236.00211863455803
2440,36,2440,0,81.33333333333127,26.076809620810597,97.02061636580135,10.0,24.0,29.0,32.01562118716424,23.194827009486403,83.15046602394962,59.21148537234985,46.0,43.0,45.0,21.0,39.0,14.0,12.0,16.1245154965971,16.0312195418814,16.5,50.0,49.0,45.0,269.0167281044062,267.0074905316328,254.0019684963091,235.00212764994276
2441,36,2441,0,81.3666666666646,21.095023109728988,98.04590761474952,11.045361017187261,24.0,28.0178514522438,31.016124838541646,22.090722034374522,78.16009211867653,54.230987451824994,43.5,40.0,43.0,19.5,36.5,10.5,9.5,16.0312195418814,16.0312195418814,16.0,50.0,49.0,43.0,268.00746258266764,266.01691675530714,253.00197627686626,235.00851048419503
2442,36,2442,0,81.39999999999793,16.1245154965971,101.01980003939822,11.0,23.0,28.0178514522438,31.0,23.194827009486403,73.17103251970687,50.24937810560445,42.0,39.0,41.0,17.0,33.0,9.0,7.0,18.110770276274835,17.029386365926403,17.0,51.0,49.0,44.0,269.02973813316623,267.0074905316328,254.0,237.00210969525145
2443,36,2443,0,81.43333333333126,14.142135623730951,102.00490184299969,11.0,23.021728866442675,28.0,31.016124838541646,22.090722034374522,70.178344238091,47.16990566028302,40.0,37.0,38.0,15.5,32.5,8.5,5.5,18.027756377319946,18.110770276274835,17.5,51.0,48.0,44.0,269.0167281044062,268.00746258266764,255.0019607767752,239.00209204105306
2444,36,2444,0,81.4666666666646,13.152946437965905,102.0196059588548,12.0,22.02271554554524,28.0178514522438,31.0,22.20360331117452,69.26037828369117,47.265209192385896,40.5,36.0,38.0,15.0,32.0,8.0,4.0,17.029386365926403,17.11724276862369,17.0,50.0,47.0,43.0,267.00187265260894,267.0,255.00784301664135,239.0083680543424
2445,36,2445,0,81.49999999999793,13.152946437965905,102.04410811016969,11.045361017187261,22.0,29.0,32.0,23.08679276123039,69.18092222571191,47.265209192385896,40.5,36.0,39.0,14.5,31.5,7.5,4.5,17.11724276862369,17.029386365926403,17.5,49.0,47.0,43.01162633521314,268.0,267.00187265260894,255.01764644824092,239.0083680543424
2446,36,2446,0,81.53333333333126,13.152946437965905,101.01980003939822,11.0,23.021728866442675,29.0,32.01562118716424,22.20360331117452,69.26037828369117,46.2709412050371,39.5,35.0,37.0,14.0,33.0,9.0,4.0,18.110770276274835,17.11724276862369,17.5,49.0,47.0,41.0,268.00746258266764,267.00187265260894,255.0019607767752,239.0
2447,36,2447,0,81.56666666666459,16.1245154965971,102.0196059588548,11.0,22.02271554554524,27.018512172212592,31.0,23.08679276123039,72.17340230306452,50.15974481593781,42.0,38.0,40.0,16.0,33.0,9.0,5.0,18.110770276274835,18.110770276274835,18.0,49.0,47.0,43.01162633521314,267.02996086581743,267.01685340067957,254.0,238.0021008310641
2448,36,2448,0,81.59999999999792,21.02379604162864,102.04410811016969,10.04987562112089,23.021728866442675,28.0178514522438,32.01562118716424,23.08679276123039,77.1621668954417,54.147945482723536,43.5,39.0,42.0,17.5,36.5,12.5,7.5,18.027756377319946,19.1049731745428,19.0,49.0,47.0,42.0,267.0074905316328,266.00751869073173,253.00197627686626,237.00843866833097
2449,36,2449,0,81.63333333333125,26.076809620810597,102.04410811016969,10.0,24.020824298928627,28.0178514522438,32.0,23.08679276123039,83.15046602394962,59.135437767890075,46.0,40.0,43.0,18.5,41.5,15.5,8.5,18.027756377319946,19.026297590440446,18.5,49.0,46.0,43.01162633521314,268.06715576511795,266.04698833100895,253.0177859360879,236.03389587091087
2450,36,2450,0,81.66666666666458,28.071337695236398,102.07840124139877,11.0,24.0,29.017236257093817,32.01562118716424,22.20360331117452,85.14693182963201,61.204574992397426,47.0,40.0,44.0,20.0,43.0,17.0,9.0,18.027756377319946,18.027756377319946,18.0,49.0,47.0,43.0,268.04663773306316,266.04698833100895,252.03174403237384,236.07625886564705
2451,36,2451,0,81.69999999999791,28.071337695236398,102.07840124139877,11.0,24.0,29.017236257093817,33.015148038438355,22.090722034374522,85.09406559801923,61.1310068623117,47.0,40.0,44.0,20.0,43.0,17.0,10.0,18.027756377319946,18.027756377319946,17.5,49.0,46.0,44.0,267.0468123756582,267.0468123756582,253.00790501484337,236.03389587091087
2452,36,2452,0,81.73333333333125,21.02379604162864,100.07996802557443,10.0,23.021728866442675,26.019223662515376,30.01666203960727,26.1725046566048,80.15609770940699,57.14017850864661,46.5,42.0,46.0,18.0,36.0,11.0,9.0,17.029386365926403,18.110770276274835,17.5,49.0,46.0,42.01190307520001,267.0674072214728,265.09243670840556,254.03149411047443,237.03375287076733
2453,36,2453,0,81.76666666666458,3.1622776601683795,101.07917688624102,15.0,22.0,24.08318915758459,26.019223662515376,30.14962686336267,70.11419257183242,48.16637831516918,46.5,41.0,45.0,13.0,27.0,3.0,1.0,19.026297590440446,18.110770276274835,18.0,47.0,45.0,43.01162633521314,265.09243670840556,265.06791582535976,254.03149411047443,238.03361107205006
2454,36,2454,0,81.79999999999791,1.4142135623730951,101.07917688624102,14.035668847618199,22.0,25.019992006393608,26.019223662515376,29.068883707497267,66.12110101926616,44.181444068749045,43.5,40.0,44.0,13.0,24.0,0.0,0.0,16.0312195418814,17.029386365926403,17.0,49.0,45.0,43.01162633521314,266.03007348794233,267.01685340067957,255.0,238.0
2455,36,2455,0,81.83333333333124,1.4142135623730951,99.08077512817509,14.0,22.0,24.08318915758459,26.076809620810597,29.154759474226502,66.12110101926616,44.181444068749045,43.5,41.0,45.0,14.0,23.0,1.0,0.0,10.04987562112089,10.0,10.0,48.0,45.0,44.01136216933077,266.12027356065903,266.0676605677586,254.04920783186867,238.0756182392477
2456,36,2456,0,81.86666666666457,5.385164807134504,98.12746812182611,13.0,22.0,25.019992006393608,28.0178514522438,27.16615541441225,67.1863081289633,45.27692569068709,42.5,41.0,46.0,16.5,23.5,0.5,3.5,7.0,6.082762530298219,6.0,48.0,45.0,44.0,266.092089322475,264.09278672466615,252.03174403237384,238.03361107205006
2457,36,2457,0,81.8999999999979,25.019992006393608,98.08159868191383,10.04987562112089,21.095023109728988,25.079872407968907,28.0178514522438,24.08318915758459,80.22468448052632,59.135437767890075,46.5,44.0,48.0,22.0,34.0,11.0,11.0,7.0710678118654755,7.0710678118654755,7.5,50.0,47.0,40.049968789001575,265.09243670840556,264.04734423962685,252.03174403237384,236.00847442411893
2458,36,2458,0,81.93333333333123,34.058772731852805,98.08159868191383,10.04987562112089,26.019223662515376,27.018512172212592,31.016124838541646,22.20360331117452,92.26592003551474,66.27216610312357,49.0,47.0,51.0,27.0,43.0,16.0,16.0,4.0,6.324555320336759,6.0,49.0,45.0,43.01162633521314,267.09174453734056,265.06791582535976,252.01785651020842,235.00851048419503
2459,36,2459,0,81.96666666666457,34.058772731852805,97.082439194738,9.055385138137417,25.019992006393608,26.019223662515376,30.0,22.090722034374522,90.19977827023745,65.19202405202648,48.0,45.0,49.0,25.0,43.0,17.0,15.0,7.0,7.0,7.0,49.0,45.0,41.012193308819754,267.0468123756582,266.04698833100895,253.0177859360879,235.01914815605983
2460,36,2460,0,81.9999999999979,33.06055050963308,99.08077512817509,9.055385138137417,26.019223662515376,26.019223662515376,31.016124838541646,22.090722034374522,90.19977827023745,64.19501538281614,47.5,45.0,49.0,25.0,43.0,15.0,15.0,6.0,7.0710678118654755,7.0,49.0,45.0,41.048751503547585,267.02996086581743,266.01691675530714,253.00790501484337,236.00211863455803
2461,36,2461,0,82.03333333333123,27.018512172212592,99.08077512817509,10.0,25.019992006393608,26.076809620810597,30.0,20.09975124224178,82.09750300709517,57.07889277132134,43.5,42.0,46.0,24.0,38.0,12.0,13.0,10.04987562112089,9.055385138137417,9.0,49.0,45.0,42.04759208325728,266.092089322475,264.04734423962685,252.01785651020842,235.01914815605983
2462,36,2462,0,82.06666666666456,22.02271554554524,96.02083107326243,11.045361017187261,23.0,26.019223662515376,30.0,19.235384061671343,75.16648189186454,52.23983154643591,41.0,41.0,43.0,23.0,33.0,8.0,12.0,11.045361017187261,11.0,11.5,49.0,46.0,44.0,265.03018695990085,265.0075470623431,254.0019684963091,237.0
2463,36,2463,0,82.09999999999789,19.026297590440446,95.04735661763561,11.045361017187261,25.0,28.0178514522438,32.0,20.223748416156685,75.16648189186454,50.24937810560445,40.5,41.0,44.0,22.5,32.5,6.5,11.5,12.165525060596439,12.0,12.5,49.0,46.0,44.04543109109048,267.09174453734056,266.04698833100895,253.03161857759991,236.01906702637396
2464,36,2464,0,82.13333333333122,12.041594578792296,92.04890004774636,13.0,26.019223662515376,25.019992006393608,28.0,21.213203435596427,72.17340230306452,46.17358552246078,40.0,39.0,42.0,19.5,31.5,4.5,6.5,12.041594578792296,12.0,12.5,49.0,45.0,43.01162633521314,267.02996086581743,266.01691675530714,254.00787389370433,237.00210969525145
2465,36,2465,0,82.16666666666455,4.123105625617661,90.08884503644167,14.0,25.019992006393608,23.08679276123039,26.0,26.019223662515376,69.06518659932803,44.04543109109048,42.0,40.0,44.0,16.0,27.0,0.0,2.0,13.152946437965905,13.0,13.5,49.0,45.0,42.01190307520001,264.06817301598466,265.04716561397146,253.03161857759991,237.00843866833097
2466,36,2466,0,82.19999999999789,2.23606797749979,92.04890004774636,14.0,25.0,24.020824298928627,26.019223662515376,29.068883707497267,70.06425622241343,45.09988913511872,44.0,42.0,45.0,14.5,26.5,1.5,1.5,15.132745950421556,14.035668847618199,14.5,49.0,45.0,45.044422518220834,265.06791582535976,265.03018695990085,252.00793638296395,236.00847442411893
2467,36,2467,0,82.23333333333122,3.1622776601683795,92.04890004774636,14.0,24.020824298928627,23.021728866442675,26.019223662515376,29.068883707497267,70.11419257183242,46.09772228646444,44.5,43.0,46.0,15.5,25.5,0.5,2.5,15.132745950421556,14.0,14.5,50.0,45.0,42.01190307520001,265.06791582535976,265.04716561397146,253.03161857759991,235.01914815605983
2468,36,2468,0,82.26666666666455,15.033296378372908,96.08329719571451,13.038404810405298,23.0,25.019992006393608,28.0,25.079872407968907,76.10519036176179,53.150729063673246,45.5,43.0,47.0,20.0,31.0,6.0,7.0,15.033296378372908,15.033296378372908,15.0,50.0,46.0,44.04543109109048,266.092089322475,265.04716561397146,253.0177859360879,236.01906702637396
2469,36,2469,0,82.29999999999788,20.09975124224178,95.08417323613851,11.0,23.021728866442675,27.073972741361768,30.0,23.08679276123039,77.1621668954417,54.147945482723536,44.0,42.0,46.0,21.0,33.0,8.0,10.0,16.0312195418814,16.0312195418814,16.0,50.0,46.0,46.010868281309364,267.1872002922296,266.092089322475,252.01785651020842,234.00854685246006
2470,36,2470,0,82.33333333333121,20.09975124224178,98.08159868191383,11.0,23.021728866442675,27.073972741361768,31.016124838541646,22.02271554554524,76.10519036176179,53.08483775994799,43.0,41.0,45.0,21.0,33.0,7.0,10.0,16.1245154965971,16.0312195418814,16.0,51.0,47.0,43.04648650006177,266.12027356065903,265.09243670840556,252.04959829366916,234.05341270744162
2471,36,2471,0,82.36666666666454,17.11724276862369,99.12618221237011,11.045361017187261,22.0,27.018512172212592,30.01666203960727,21.095023109728988,71.17583859709698,49.25444142409901,40.5,37.0,42.0,18.5,31.5,7.5,7.5,15.033296378372908,16.0312195418814,15.5,49.0,45.0,45.0111097397076,267.0674072214728,265.04716561397146,251.03187048659777,234.03418553707064
2472,36,2472,0,82.39999999999787,15.132745950421556,99.08077512817509,11.0,22.02271554554524,28.071337695236398,31.016124838541646,21.213203435596427,69.26037828369117,47.265209192385896,39.5,37.0,41.0,18.0,30.0,6.0,7.0,15.132745950421556,15.132745950421556,15.0,51.0,46.0,44.01136216933077,266.12027356065903,266.0676605677586,253.0177859360879,236.01906702637396
2473,36,2473,0,82.4333333333312,15.132745950421556,99.12618221237011,11.045361017187261,21.02379604162864,28.071337695236398,31.016124838541646,21.095023109728988,68.26419266350405,47.265209192385896,39.5,37.0,42.0,18.5,28.5,5.5,7.5,15.033296378372908,16.0312195418814,16.0,51.0,46.0,45.0111097397076,268.09140232390894,266.0676605677586,252.03174403237384,235.03404008781365
2474,36,2474,0,82.46666666666454,15.132745950421556,98.08159868191383,11.0,23.021728866442675,29.017236257093817,32.01562118716424,21.213203435596427,70.25667228100119,47.265209192385896,39.5,37.0,41.0,18.0,31.0,6.0,7.0,15.033296378372908,15.033296378372908,15.0,51.0,46.0,44.01136216933077,266.1522120892479,266.092089322475,253.09681941897256,236.10379073619296
2475,36,2475,0,82.49999999999787,15.132745950421556,98.08159868191383,11.045361017187261,22.02271554554524,28.071337695236398,31.0,22.090722034374522,70.25667228100119,48.25971404805462,40.5,38.0,42.0,18.0,30.0,6.0,7.0,15.132745950421556,16.0312195418814,16.0,50.0,46.0,44.0,268.1193763979023,265.09243670840556,252.07141845120006,235.07658326596462
2476,36,2476,0,82.5333333333312,16.1245154965971,98.12746812182611,10.04987562112089,22.0,29.068883707497267,31.016124838541646,22.090722034374522,70.178344238091,48.25971404805462,40.0,37.0,42.0,17.5,30.5,6.5,7.5,16.1245154965971,15.033296378372908,15.0,51.0,46.0,44.01136216933077,267.1198233003309,266.092089322475,253.04940229133123,236.05296015936761
2477,36,2477,0,82.56666666666453,16.1245154965971,98.08159868191383,10.04987562112089,22.02271554554524,28.0178514522438,31.016124838541646,21.095023109728988,69.26037828369117,47.265209192385896,39.0,37.0,41.0,18.0,30.0,6.0,8.0,16.1245154965971,15.033296378372908,15.5,50.0,46.0,43.04648650006177,265.1207272168662,265.09243670840556,252.07141845120006,235.05318547086316
2478,36,2478,0,82.59999999999786,15.132745950421556,99.04544411531506,11.045361017187261,23.0,27.018512172212592,30.0,21.02379604162864,70.11419257183242,47.16990566028302,39.5,38.0,41.0,18.5,30.5,6.5,7.5,17.11724276862369,16.1245154965971,16.0,50.0,45.0,44.01136216933077,267.09174453734056,266.092089322475,253.04940229133123,236.05296015936761
2479,36,2479,0,82.6333333333312,15.033296378372908,98.04590761474952,11.045361017187261,23.021728866442675,27.073972741361768,31.0,21.095023109728988,70.178344238091,47.16990566028302,39.5,38.0,41.0,18.5,30.5,5.5,7.5,15.033296378372908,16.0312195418814,16.0,50.0,46.0,44.01136216933077,266.12027356065903,264.06817301598466,251.03187048659777,234.03418553707064
2480,36,2480,0,82.66666666666453,16.1245154965971,98.08159868191383,10.0,22.02271554554524,28.0178514522438,31.0,21.095023109728988,69.18092222571191,47.16990566028302,39.0,37.0,41.0,18.0,30.0,6.0,8.0,15.033296378372908,16.0312195418814,15.5,50.0,45.0,44.01136216933077,267.09174453734056,266.04698833100895,254.01771591761076,236.01906702637396
2481,36,2481,0,82.69999999999786,14.035668847618199,98.04590761474952,12.041594578792296,23.021728866442675,27.073972741361768,31.016124838541646,21.02379604162864,70.11419257183242,47.095647357266465,40.0,38.0,41.0,18.5,30.5,5.5,6.5,16.1245154965971,16.0312195418814,16.0,51.0,46.0,44.01136216933077,266.1879035568671,265.09243670840556,252.03174403237384,235.01914815605983
2482,36,2482,0,82.73333333333119,9.219544457292887,99.02019995940222,14.0,21.0,26.019223662515376,28.0,24.186773244895647,68.18357573492314,47.265209192385896,42.5,39.0,41.0,16.0,28.0,5.0,3.0,16.0312195418814,16.0,16.0,49.0,45.0,45.0111097397076,266.092089322475,265.06791582535976,251.03187048659777,235.03404008781365
2483,36,2483,0,82.76666666666452,2.0,96.02083107326243,14.035668847618199,21.02379604162864,23.021728866442675,26.0,28.071337695236398,65.12296062065974,44.10215414239989,43.0,40.0,42.0,13.0,24.0,1.0,0.0,16.0312195418814,15.0,15.0,50.0,46.0,44.01136216933077,265.1207272168662,265.06791582535976,253.0177859360879,237.03375287076733
2484,36,2484,0,82.79999999999785,1.4142135623730951,101.04454463255303,15.033296378372908,20.0,24.020824298928627,27.0,30.01666203960727,64.07027391856539,44.10215414239989,44.5,40.0,43.0,11.5,22.5,0.5,1.5,15.132745950421556,15.033296378372908,15.0,51.0,46.0,43.04648650006177,265.04716561397146,265.04716561397146,253.03161857759991,239.0188277102873
2485,36,2485,0,82.83333333333118,1.0,102.04410811016969,15.033296378372908,22.02271554554524,24.020824298928627,27.018512172212592,28.0178514522438,64.07027391856539,42.04759208325728,42.5,39.0,42.0,12.5,23.5,0.5,0.5,16.1245154965971,15.0,15.5,51.0,46.0,44.01136216933077,265.04716561397146,265.03018695990085,254.01771591761076,237.00210969525145
2486,36,2486,0,82.86666666666451,1.4142135623730951,102.0196059588548,16.0,23.0,24.020824298928627,26.019223662515376,25.179356624028344,65.12296062065974,42.190046219457976,41.5,39.0,41.0,15.0,25.0,0.0,0.0,15.033296378372908,15.0,15.0,50.0,45.0,44.01136216933077,266.0676605677586,266.03007348794233,254.0,238.0
2487,36,2487,0,82.89999999999785,1.4142135623730951,103.01941564578979,16.0,24.0,24.020824298928627,26.0,25.179356624028344,66.12110101926616,42.190046219457976,41.5,40.0,42.0,16.0,25.0,1.0,1.0,15.033296378372908,16.0312195418814,15.5,52.0,47.0,43.0,265.1527861441399,266.092089322475,255.01764644824092,238.01890681204299
2488,36,2488,0,82.93333333333118,1.4142135623730951,102.04410811016969,17.0,25.0,25.019992006393608,27.018512172212592,26.076809620810597,69.06518659932803,44.10215414239989,43.5,42.0,45.0,17.5,25.5,1.5,1.5,14.035668847618199,15.033296378372908,15.0,49.0,45.0,45.0111097397076,268.06715576511795,267.02996086581743,254.00787389370433,237.00210969525145
2489,36,2489,0,82.96666666666451,4.0,101.04454463255303,15.033296378372908,25.019992006393608,26.019223662515376,28.0178514522438,25.079872407968907,69.1158447825099,44.10215414239989,42.0,42.0,45.0,18.5,25.5,1.5,4.5,14.035668847618199,15.033296378372908,15.0,50.0,46.0,44.04543109109048,267.09174453734056,267.0468123756582,255.00784301664135,238.0021008310641
2490,36,2490,0,82.99999999999784,4.123105625617661,99.08077512817509,16.0,25.0,25.019992006393608,27.018512172212592,25.179356624028344,70.11419257183242,45.17742799230607,43.0,42.0,46.0,19.0,26.0,1.0,4.0,15.033296378372908,15.0,15.0,50.0,45.0,43.01162633521314,267.1198233003309,266.0676605677586,254.03149411047443,238.01890681204299
2491,36,2491,0,83.03333333333117,9.055385138137417,99.02019995940222,14.0,24.0,26.019223662515376,30.0,25.179356624028344,72.11102550927978,48.16637831516918,43.5,43.0,45.0,19.0,28.0,3.0,6.0,16.0312195418814,15.033296378372908,14.5,50.0,45.0,43.0,266.1522120892479,266.0676605677586,254.01771591761076,238.00840321299583
2492,36,2492,0,83.0666666666645,18.110770276274835,97.02061636580135,13.0,24.0,27.018512172212592,30.0,23.194827009486403,78.16009211867653,54.230987451824994,45.0,46.0,48.0,24.0,31.0,6.0,12.0,16.0312195418814,16.0312195418814,16.0,49.0,45.0,45.0111097397076,266.04698833100895,266.03007348794233,252.00198411917316,236.00847442411893
2493,36,2493,0,83.09999999999783,24.020824298928627,95.02105029939419,12.041594578792296,24.0,27.018512172212592,31.0,22.20360331117452,82.15229759416349,58.215118311311535,46.0,47.0,49.0,26.0,34.0,9.0,14.0,16.0312195418814,17.029386365926403,16.5,50.0,45.0,44.01136216933077,267.0468123756582,265.01698058803703,253.00790501484337,235.00851048419503
2494,36,2494,0,83.13333333333117,26.076809620810597,97.02061636580135,11.0,24.0,28.0178514522438,31.0,23.194827009486403,84.1486779456457,60.207972893961475,47.0,47.0,49.0,25.0,36.0,11.0,14.0,17.029386365926403,17.11724276862369,17.0,51.0,47.0,43.0,267.0468123756582,266.01691675530714,253.0,235.0
2495,36,2495,0,83.1666666666645,30.066592756745816,96.02083107326243,12.041594578792296,24.0,27.018512172212592,30.01666203960727,22.090722034374522,88.14193099768123,64.19501538281614,49.0,49.0,51.0,28.0,38.0,13.0,16.0,17.029386365926403,17.11724276862369,17.0,50.0,46.0,43.0,267.0674072214728,266.03007348794233,252.00793638296395,234.00854685246006
2496,36,2496,0,83.19999999999783,31.016124838541646,95.04735661763561,11.045361017187261,24.0,27.018512172212592,31.0,23.194827009486403,89.1403387922662,65.19202405202648,49.5,49.0,52.0,27.5,38.5,12.5,16.5,17.029386365926403,17.029386365926403,17.0,49.0,46.0,42.0,267.0674072214728,266.04698833100895,252.01785651020842,234.01922997907673
2497,36,2497,0,83.23333333333116,33.06055050963308,96.02083107326243,12.0,24.020824298928627,28.0178514522438,31.0,21.213203435596427,90.19977827023745,66.18912297349165,49.5,49.0,51.0,29.0,40.0,15.0,17.0,17.029386365926403,18.027756377319946,17.5,49.0,46.0,41.012193308819754,266.04698833100895,266.03007348794233,252.01785651020842,233.01931250435015
2498,36,2498,0,83.26666666666449,37.05401462729781,97.04638066409278,11.0,24.020824298928627,27.073972741361768,31.0,22.20360331117452,94.19129471453293,70.178344238091,51.5,49.0,52.0,28.5,43.5,18.5,16.5,18.027756377319946,18.027756377319946,17.5,49.0,46.0,42.01190307520001,268.06715576511795,265.03018695990085,251.01792764661252,233.01931250435015
2499,36,2499,0,83.29999999999782,39.05124837953327,96.02083107326243,11.045361017187261,25.0,27.073972741361768,31.016124838541646,21.213203435596427,96.18731725128839,71.25307010929424,51.5,49.0,51.0,29.0,46.0,20.0,17.0,18.027756377319946,18.027756377319946,17.5,49.0,46.0,42.0,267.0674072214728,265.03018695990085,251.00796800101784,233.01931250435015
2500,36,2500,0,83.33333333333115,38.01315561749642,97.04638066409278,11.0,25.019992006393608,28.0178514522438,33.015148038438355,22.360679774997898,96.18731725128839,71.17583859709698,52.0,48.0,51.0,27.5,46.5,20.5,16.5,16.0312195418814,17.029386365926403,17.0,49.0,46.0,42.0,267.09174453734056,267.0674072214728,252.01785651020842,234.03418553707064
2501,36,2501,0,83.36666666666449,35.014282800023196,100.07996802557443,11.045361017187261,24.020824298928627,28.0178514522438,33.015148038438355,23.08679276123039,93.13431161500041,69.1158447825099,51.5,46.0,50.0,25.0,45.0,19.0,14.0,17.029386365926403,17.029386365926403,16.5,49.0,46.0,43.01162633521314,267.1198233003309,266.0676605677586,252.03174403237384,234.01922997907673
2502,36,2502,0,83.39999999999782,32.0624390837628,102.07840124139877,11.045361017187261,24.0,28.0178514522438,32.01562118716424,22.090722034374522,89.1403387922662,65.19202405202648,49.0,44.0,48.0,24.0,43.0,17.0,13.0,17.029386365926403,17.029386365926403,17.0,50.0,46.0,44.04543109109048,268.09140232390894,266.0676605677586,253.0177859360879,235.03404008781365
2503,36,2503,0,83.43333333333115,29.068883707497267,102.04410811016969,11.0,24.0,28.0178514522438,32.01562118716424,22.20360331117452,86.14522621712709,62.20128616033595,47.5,44.0,47.0,23.5,40.5,14.5,12.5,17.029386365926403,17.029386365926403,17.0,50.0,46.0,43.01162633521314,267.09174453734056,266.04698833100895,252.01785651020842,236.01906702637396
2504,36,2504,0,83.46666666666448,29.068883707497267,102.04410811016969,12.0,24.0,30.066592756745816,34.0,21.213203435596427,86.14522621712709,62.20128616033595,47.5,44.0,47.0,24.5,40.5,14.5,12.5,17.029386365926403,18.027756377319946,17.5,50.0,46.0,42.0,268.1510768205118,267.09174453734056,253.0177859360879,236.01906702637396
2505,36,2505,0,83.49999999999781,32.0624390837628,103.04368005850722,11.0,23.021728866442675,29.017236257093817,33.015148038438355,22.20360331117452,88.20430828479978,65.19202405202648,49.0,46.0,49.0,25.5,40.5,16.5,14.5,17.11724276862369,17.0,16.5,50.0,46.0,43.01162633521314,268.1193763979023,266.0676605677586,251.00796800101784,234.01922997907673
2506,36,2506,0,83.53333333333114,31.016124838541646,103.04368005850722,11.045361017187261,24.020824298928627,30.01666203960727,34.0,22.20360331117452,88.20430828479978,64.19501538281614,48.5,46.0,49.0,25.5,40.5,14.5,14.5,15.033296378372908,16.0312195418814,15.5,50.0,46.0,42.01190307520001,267.15164233071823,267.0674072214728,253.0177859360879,236.01906702637396
2507,36,2507,0,83.56666666666447,24.08318915758459,101.1236866416568,11.045361017187261,21.02379604162864,28.071337695236398,31.016124838541646,22.090722034374522,78.23042886243178,57.21887800367987,45.0,43.0,48.0,23.5,32.5,9.5,11.5,8.0,8.06225774829855,7.5,51.0,47.0,42.04759208325728,266.092089322475,264.09278672466615,253.0177859360879,237.01898658124415
2508,36,2508,0,83.5999999999978,16.1245154965971,103.07764064044152,11.0,21.02379604162864,30.066592756745816,32.0,21.213203435596427,69.26037828369117,48.25971404805462,40.0,40.0,44.0,21.0,27.0,4.0,9.0,5.0,5.385164807134504,5.5,50.0,47.0,39.05124837953327,266.03007348794233,265.01698058803703,253.00197627686626,238.0021008310641
2509,36,2509,0,83.63333333333114,15.033296378372908,102.12247548899312,12.041594578792296,21.02379604162864,29.068883707497267,32.01562118716424,22.090722034374522,70.178344238091,49.16299421312742,41.5,40.0,45.0,20.5,27.5,4.5,8.5,5.0,5.0990195135927845,5.5,50.0,47.0,40.01249804748511,266.03007348794233,263.0304164920856,252.00793638296395,238.0021008310641
2510,36,2510,0,83.66666666666447,13.152946437965905,103.04368005850722,11.0,23.0,30.066592756745816,33.015148038438355,20.223748416156685,67.1863081289633,44.28317965096906,37.5,39.0,42.0,20.5,26.5,1.5,8.5,6.082762530298219,6.324555320336759,6.5,49.0,45.0,42.01190307520001,267.0468123756582,265.03018695990085,255.01764644824092,239.0083680543424
2511,36,2511,0,83.6999999999978,17.11724276862369,102.07840124139877,12.0,22.02271554554524,30.066592756745816,33.015148038438355,21.213203435596427,72.24956747275377,50.24937810560445,41.5,41.0,45.0,22.0,29.0,5.0,10.0,10.0,10.0,10.0,51.0,47.0,43.04648650006177,268.04663773306316,266.01691675530714,255.0019607767752,240.00208332429116
2512,36,2512,0,83.73333333333113,23.08679276123039,101.07917688624102,12.0,25.019992006393608,29.068883707497267,32.0,21.095023109728988,81.15417426109393,56.142675390472796,44.5,45.0,49.0,26.0,34.0,7.0,14.0,11.045361017187261,11.0,11.0,50.0,46.0,42.01190307520001,267.01685340067957,266.0018796926067,255.0019607767752,239.0083680543424
2513,36,2513,0,83.76666666666446,29.068883707497267,102.07840124139877,11.0,26.019223662515376,30.14962686336267,33.015148038438355,22.090722034374522,88.14193099768123,62.12889826803627,47.5,48.0,52.0,28.0,38.0,10.0,16.0,11.045361017187261,13.0,12.5,49.0,46.0,43.0,267.0074905316328,265.0,254.0019684963091,237.00843866833097
2514,36,2514,0,83.7999999999978,30.066592756745816,101.04454463255303,11.0,26.0,28.071337695236398,33.015148038438355,21.095023109728988,88.09086218218096,62.12889826803627,47.0,47.0,50.0,27.5,39.5,11.5,16.5,12.041594578792296,13.0,12.5,50.0,46.0,43.04648650006177,268.01679051880313,266.0018796926067,252.0,235.00851048419503
2515,36,2515,0,83.83333333333113,30.01666203960727,99.02019995940222,12.0,26.019223662515376,26.076809620810597,31.0,21.213203435596427,89.1403387922662,63.12685640834652,48.0,50.0,52.0,30.0,38.0,11.0,17.0,12.041594578792296,13.0,13.0,51.0,47.0,42.04759208325728,268.01679051880313,267.0074905316328,254.0,235.00851048419503
2516,36,2516,0,83.86666666666446,28.0178514522438,94.00531899844816,12.041594578792296,25.019992006393608,25.079872407968907,29.0,20.024984394500787,85.09406559801923,60.07495318350236,46.0,49.0,50.0,29.5,35.5,9.5,16.5,12.041594578792296,14.0,14.0,50.0,47.0,42.04759208325728,267.0074905316328,266.0,253.0177859360879,234.01922997907673
2517,36,2517,0,83.89999999999779,23.021728866442675,90.0,13.0,25.0,24.020824298928627,27.0,22.090722034374522,83.05419917138447,58.077534382926416,46.5,50.0,50.0,28.0,33.0,7.0,15.0,14.0,15.033296378372908,15.0,52.0,48.0,45.0,268.02984908401527,266.0018796926067,252.01785651020842,234.01922997907673
2518,36,2518,0,83.93333333333112,23.08679276123039,92.0,13.0,25.019992006393608,24.020824298928627,28.0,22.090722034374522,83.05419917138447,58.137767414994535,46.5,50.0,50.0,28.0,33.0,6.0,15.0,15.033296378372908,15.033296378372908,14.5,51.0,48.0,45.044422518220834,267.0074905316328,266.0,252.00793638296395,234.01922997907673
2519,36,2519,0,83.96666666666445,20.024984394500787,95.0,12.0,24.0,23.021728866442675,27.0,24.08318915758459,80.05623023850174,56.08029957123981,46.0,50.0,50.0,26.0,30.0,5.0,14.0,15.033296378372908,14.035668847618199,14.0,51.0,48.0,45.0111097397076,267.01685340067957,266.0018796926067,253.03161857759991,236.03389587091087
2520,36,2520,0,83.99999999999778,20.024984394500787,93.00537618869137,12.0,24.0,23.021728866442675,26.0,24.08318915758459,80.05623023850174,56.08029957123981,46.0,49.0,50.0,25.5,30.5,5.5,13.5,15.033296378372908,15.033296378372908,14.5,51.0,48.0,46.04345773288535,266.01691675530714,266.0,253.00790501484337,236.01906702637396
2521,36,2521,0,84.03333333333111,8.06225774829855,97.0,15.0,23.021728866442675,23.021728866442675,25.0,29.0,75.02666192761077,52.009614495783374,48.0,48.0,48.0,19.0,27.0,2.0,4.0,14.0,15.033296378372908,14.5,51.0,48.0,44.04543109109048,265.01698058803703,265.0075470623431,254.0019684963091,238.0021008310641
2522,36,2522,0,84.06666666666445,2.23606797749979,98.0,16.0,22.0,23.0,26.0,31.016124838541646,71.02816342831905,49.040799340956916,48.0,48.0,48.0,17.0,23.0,1.0,3.0,15.0,15.033296378372908,14.5,49.0,46.0,44.04543109109048,265.03018695990085,265.0018867857359,253.00197627686626,237.0
2523,36,2523,0,84.09999999999778,2.8284271247461903,97.0051545022222,16.0,22.0,24.0,26.019223662515376,30.01666203960727,70.06425622241343,48.093658625644196,47.0,49.0,48.0,18.5,21.5,1.5,3.5,15.033296378372908,15.0,15.0,51.0,48.0,45.0111097397076,264.0170449043016,265.0,252.00793638296395,237.00210969525145
2524,36,2524,0,84.13333333333111,7.0710678118654755,102.00490184299969,15.0,23.0,25.0,27.018512172212592,29.068883707497267,74.06078584514209,51.088159097779204,47.5,49.0,50.0,20.5,24.5,0.5,6.5,14.035668847618199,15.0,15.0,50.0,48.0,43.04648650006177,265.0075470623431,264.0018939326004,251.01792764661252,235.01914815605983
2525,36,2525,0,84.16666666666444,23.08679276123039,99.0,12.0,23.021728866442675,25.019992006393608,29.0,25.019992006393608,83.02409288875127,60.07495318350236,48.5,51.0,51.0,26.0,32.0,8.0,14.0,14.0,15.033296378372908,15.0,50.0,49.0,44.01136216933077,267.0,266.00751869073173,253.04940229133123,236.05296015936761
2526,36,2526,0,84.19999999999777,27.073972741361768,100.00499987500625,11.0,24.0,26.019223662515376,29.0,23.021728866442675,85.05292469985967,61.07372593840988,47.5,49.0,50.0,26.5,35.5,9.5,15.5,14.035668847618199,15.0,15.0,50.0,48.0,45.0111097397076,266.0018796926067,266.0018796926067,251.04979585731593,234.03418553707064
2527,36,2527,0,84.2333333333311,25.079872407968907,100.00499987500625,11.0,24.0,26.019223662515376,30.01666203960727,23.021728866442675,83.05419917138447,59.07622195096772,46.5,50.0,49.0,26.5,33.5,8.5,15.5,14.0,15.033296378372908,14.5,50.0,48.0,45.0111097397076,268.00186566514793,267.00187265260894,252.03174403237384,235.05318547086316
2528,36,2528,0,84.26666666666443,20.024984394500787,99.0,11.0,25.0,24.020824298928627,28.0,26.019223662515376,82.02438661763951,57.0350769263968,47.0,49.0,49.0,23.0,33.0,8.0,12.0,14.0,14.035668847618199,14.0,50.0,48.0,45.0111097397076,267.0,266.00751869073173,252.03174403237384,236.03389587091087
2529,36,2529,0,84.29999999999777,8.06225774829855,98.0,14.0,23.0,24.0,26.0,29.017236257093817,74.02702209328699,51.03920062069938,47.0,47.0,47.0,18.0,27.0,2.0,5.0,14.035668847618199,13.038404810405298,13.5,50.0,48.0,44.01136216933077,265.0,266.00751869073173,254.03149411047443,237.05273674859777
2530,36,2530,0,84.3333333333311,1.4142135623730951,97.0,15.033296378372908,23.0,24.020824298928627,26.0,30.0,69.02897942168927,46.04345773288535,45.5,46.0,46.0,16.0,23.0,1.0,2.0,15.033296378372908,15.0,15.0,49.0,46.0,46.0,265.0018867857359,265.0018867857359,253.00197627686626,236.0
2531,36,2531,0,84.36666666666443,2.23606797749979,97.0051545022222,15.0,23.021728866442675,23.0,25.0,29.017236257093817,69.06518659932803,46.04345773288535,45.0,45.0,46.0,16.5,23.5,1.5,2.5,15.033296378372908,15.033296378372908,15.0,49.0,47.0,45.0,265.0075470623431,266.0018796926067,255.0,238.0
2532,36,2532,0,84.39999999999776,7.280109889280518,99.02019995940222,14.0,23.021728866442675,26.076809620810597,27.0,29.0,73.06161783043132,50.039984012787215,46.5,46.0,48.0,18.0,26.0,1.0,4.0,15.033296378372908,15.033296378372908,15.0,49.0,46.0,44.0,266.00751869073173,265.0075470623431,252.01785651020842,235.00212764994276
2533,36,2533,0,84.43333333333109,22.090722034374522,99.02019995940222,13.0,24.0,26.019223662515376,29.0,24.08318915758459,83.09632964216891,59.135437767890075,48.0,46.0,48.0,23.0,36.0,11.0,10.0,15.033296378372908,15.033296378372908,15.0,51.0,48.0,42.0,268.00186566514793,267.00187265260894,254.00787389370433,237.00210969525145
2534,36,2534,0,84.46666666666442,24.020824298928627,100.00499987500625,12.0,23.0,27.0,31.0,23.08679276123039,82.05485969764375,59.07622195096772,47.0,44.0,45.0,21.5,37.5,12.5,10.5,14.035668847618199,15.033296378372908,15.0,50.0,48.0,44.0,267.01685340067957,267.00187265260894,254.0019684963091,237.0
2535,36,2535,0,84.49999999999775,19.026297590440446,104.01922899156675,12.0,23.0,29.017236257093817,32.01562118716424,22.090722034374522,76.05918747922567,53.08483775994799,43.5,41.0,43.0,20.0,34.0,9.0,9.0,15.033296378372908,15.033296378372908,14.5,51.0,48.0,44.0,268.00186566514793,266.0,253.0177859360879,238.0021008310641
2536,36,2536,0,84.53333333333109,16.0312195418814,104.00480758118829,11.0,22.0,28.0,31.0,23.08679276123039,72.06247289678588,50.08991914547278,42.0,39.0,40.0,16.5,32.5,9.5,6.5,15.033296378372908,15.033296378372908,15.0,52.0,49.0,45.0111097397076,268.00746258266764,267.0,255.03137061938085,239.0188277102873
2537,36,2537,0,84.56666666666442,15.132745950421556,106.01886624558857,11.0,22.0,28.0178514522438,32.0,22.02271554554524,70.06425622241343,48.093658625644196,40.5,37.0,39.0,16.0,32.0,9.0,5.0,15.033296378372908,15.033296378372908,15.5,50.0,48.0,44.0,268.00746258266764,268.00186566514793,255.0019607767752,241.0082986123092
2538,36,2538,0,84.59999999999775,16.1245154965971,105.01904589168576,11.0,23.0,30.01666203960727,33.015148038438355,23.021728866442675,73.06161783043132,50.08991914547278,42.0,38.0,40.0,16.0,34.0,9.0,6.0,15.033296378372908,15.033296378372908,15.0,50.0,47.0,44.0,267.01685340067957,267.0074905316328,254.0019684963091,239.00209204105306
2539,36,2539,0,84.63333333333108,16.1245154965971,106.00471687618433,11.0,22.0,29.017236257093817,33.0,23.194827009486403,72.17340230306452,50.24937810560445,42.0,38.0,39.0,15.5,33.5,9.5,5.5,14.035668847618199,14.035668847618199,14.0,50.0,47.0,43.0,268.04663773306316,267.02996086581743,254.00787389370433,240.00833318866242
2540,36,2540,0,84.66666666666441,15.033296378372908,106.01886624558857,11.045361017187261,22.02271554554524,30.01666203960727,33.0,23.021728866442675,71.11258679024411,49.09175083453431,41.5,37.0,39.0,15.0,33.0,10.0,4.0,16.0312195418814,15.0,15.0,50.0,46.0,43.01162633521314,267.01685340067957,267.01685340067957,255.0019607767752,240.00208332429116
2541,36,2541,0,84.69999999999774,16.0312195418814,108.01851693112621,11.045361017187261,23.021728866442675,29.017236257093817,32.0,23.08679276123039,73.17103251970687,50.15974481593781,42.0,37.0,39.0,15.0,35.0,10.0,4.0,15.132745950421556,15.033296378372908,15.0,50.0,47.0,43.0,266.01691675530714,266.01691675530714,255.00784301664135,239.0083680543424
2542,36,2542,0,84.73333333333107,22.090722034374522,105.04284840006957,11.0,24.0,29.017236257093817,33.0,23.08679276123039,80.09993757800315,56.142675390472796,45.0,40.0,43.0,18.5,38.5,12.5,7.5,16.0312195418814,15.033296378372908,15.0,49.0,46.0,43.0,267.02996086581743,267.01685340067957,254.0019684963091,239.0083680543424
2543,36,2543,0,84.7666666666644,24.020824298928627,105.04284840006957,11.0,24.020824298928627,29.017236257093817,33.0,23.08679276123039,82.09750300709517,58.077534382926416,46.0,41.0,44.0,19.5,39.5,13.5,8.5,15.033296378372908,15.033296378372908,15.0,51.0,47.0,44.01136216933077,267.0674072214728,266.04698833100895,253.03161857759991,238.03361107205006
2544,36,2544,0,84.79999999999774,21.02379604162864,104.0768946500615,10.04987562112089,23.021728866442675,29.017236257093817,33.015148038438355,24.08318915758459,78.16009211867653,55.14526271584895,44.5,40.0,44.0,18.0,36.0,11.0,8.0,15.033296378372908,15.0,15.0,51.0,47.0,44.01136216933077,267.0674072214728,266.092089322475,253.04940229133123,238.10291892372928
2545,36,2545,0,84.83333333333107,20.09975124224178,105.04284840006957,11.0,24.020824298928627,30.01666203960727,33.015148038438355,23.021728866442675,78.10249675906654,54.08326913195984,44.0,40.0,43.0,18.5,36.5,10.5,7.5,15.033296378372908,14.035668847618199,14.5,51.0,47.0,43.01162633521314,267.0468123756582,267.0468123756582,254.03149411047443,238.01890681204299
2546,36,2546,0,84.8666666666644,19.1049731745428,105.01904589168576,10.0,23.021728866442675,28.071337695236398,32.01562118716424,23.08679276123039,75.16648189186454,52.15361924162119,42.5,39.0,41.0,17.0,35.0,10.0,7.0,15.033296378372908,15.0,15.5,51.0,47.0,44.0,267.0674072214728,267.0468123756582,255.03137061938085,238.05251521460553
2547,36,2547,0,84.89999999999773,18.110770276274835,104.0768946500615,10.0,23.021728866442675,28.071337695236398,32.01562118716424,23.194827009486403,74.24284477308234,51.24451190127583,42.0,38.0,42.0,17.0,34.0,9.0,7.0,16.0312195418814,15.033296378372908,15.0,52.0,47.0,43.01162633521314,266.0676605677586,267.09174453734056,254.07085625864295,239.10248848558643
2548,36,2548,0,84.93333333333106,18.110770276274835,101.1236866416568,10.04987562112089,24.0,27.073972741361768,30.066592756745816,22.20360331117452,74.24284477308234,50.35871324805669,41.0,40.0,45.0,20.5,31.5,5.5,9.5,15.132745950421556,15.033296378372908,15.0,51.0,46.0,44.0,267.1198233003309,265.09243670840556,253.09681941897256,237.0759372015642
2549,36,2549,0,84.9666666666644,15.132745950421556,93.1933474020544,11.0,24.0,25.079872407968907,28.071337695236398,23.345235059857504,73.24616030891995,49.36598018878993,41.5,40.0,46.0,20.0,30.0,3.0,8.0,15.033296378372908,15.033296378372908,15.0,51.0,46.0,44.01136216933077,268.06715576511795,266.092089322475,253.12645061312736,238.1344158243407
2550,36,2550,0,84.99999999999773,15.132745950421556,94.26027795418386,12.041594578792296,24.0,25.019992006393608,28.071337695236398,22.360679774997898,73.33484846919642,49.49747468305833,41.5,39.0,46.0,20.5,30.5,3.5,8.5,16.0312195418814,16.0312195418814,16.0,51.0,46.0,44.0,266.0676605677586,265.09243670840556,252.04959829366916,237.0759372015642
2551,36,2551,0,85.03333333333106,9.219544457292887,87.14355971613737,14.035668847618199,26.0,23.08679276123039,26.076809620810597,25.079872407968907,74.16872656315464,48.25971404805462,43.5,41.0,46.0,18.5,30.5,1.5,4.5,15.132745950421556,16.0312195418814,15.5,52.0,47.0,45.0,265.09243670840556,265.06791582535976,254.04920783186867,238.05251521460553
2552,36,2552,0,85.06666666666439,7.0710678118654755,84.1486779456457,15.0,27.018512172212592,21.02379604162864,24.020824298928627,27.16615541441225,76.16429609731846,49.16299421312742,45.5,42.0,47.0,17.5,31.5,1.5,3.5,16.1245154965971,16.0312195418814,16.0,53.0,49.0,43.0,266.12027356065903,265.09243670840556,253.09681941897256,235.10423220350586
2553,36,2553,0,85.09999999999772,6.082762530298219,84.09518416651456,15.0,28.0178514522438,20.024984394500787,23.021728866442675,27.294688127912362,76.23647421018367,48.25971404805462,45.0,43.0,47.0,18.0,31.0,1.0,3.0,17.11724276862369,16.0312195418814,16.0,53.0,48.0,45.0,265.06791582535976,265.06791582535976,252.07141845120006,235.07658326596462
2554,36,2554,0,85.13333333333105,5.0990195135927845,83.05419917138447,16.0,28.0178514522438,19.026297590440446,22.02271554554524,27.294688127912362,76.23647421018367,48.25971404805462,45.5,43.0,46.0,17.5,31.5,1.5,2.5,18.110770276274835,17.0,17.5,53.0,49.0,44.0,265.06791582535976,265.04716561397146,252.04959829366916,234.05341270744162
2555,36,2555,0,85.16666666666438,6.324555320336759,83.05419917138447,15.0,27.0,20.024984394500787,23.021728866442675,27.16615541441225,75.16648189186454,48.25971404805462,45.0,42.0,45.0,16.5,31.5,2.5,2.5,17.11724276862369,17.029386365926403,16.5,52.0,48.0,44.0,265.06791582535976,265.06791582535976,253.04940229133123,235.07658326596462
2556,36,2556,0,85.19999999999771,7.0710678118654755,88.09086218218096,15.0,26.0,21.02379604162864,24.020824298928627,27.294688127912362,75.16648189186454,49.25444142409901,45.5,42.0,46.0,17.0,31.0,2.0,3.0,17.11724276862369,18.027756377319946,17.5,53.0,48.0,45.0,266.092089322475,265.09243670840556,254.04920783186867,236.07625886564705
2557,36,2557,0,85.23333333333105,12.165525060596439,94.08506789071261,14.035668847618199,24.0,25.019992006393608,28.0178514522438,25.179356624028344,75.23961722390672,51.35172830587107,45.0,42.0,46.0,19.0,31.0,5.0,6.0,17.11724276862369,16.1245154965971,16.0,52.0,48.0,45.0111097397076,267.0674072214728,267.0674072214728,254.04920783186867,236.07625886564705
2558,36,2558,0,85.26666666666438,20.09975124224178,99.08077512817509,13.0,25.019992006393608,27.073972741361768,31.016124838541646,22.20360331117452,80.22468448052632,55.226805085936306,45.0,43.0,47.0,23.0,35.0,7.0,10.0,16.1245154965971,16.0312195418814,16.5,52.0,48.0,44.01136216933077,267.0674072214728,266.04698833100895,253.03161857759991,235.03404008781365
2559,36,2559,0,85.29999999999771,24.186773244895647,97.12878049270464,11.0,26.0,27.073972741361768,31.016124838541646,22.090722034374522,83.15046602394962,57.21887800367987,45.0,43.0,48.0,23.5,37.5,9.5,11.5,16.0312195418814,16.0312195418814,16.0,52.0,48.0,44.01136216933077,268.1193763979023,266.092089322475,252.03174403237384,234.05341270744162
2560,36,2560,0,85.33333333333104,27.16615541441225,100.12492197250393,10.0,25.0,28.071337695236398,32.0,22.20360331117452,84.2140130857092,59.30430001273095,45.5,44.0,49.0,24.5,37.5,10.5,13.5,16.1245154965971,17.029386365926403,17.0,53.0,48.0,42.01190307520001,270.1184925176357,266.092089322475,252.04959829366916,233.05364189387817
2561,36,2561,0,85.36666666666437,23.08679276123039,99.12618221237011,11.045361017187261,24.0,27.073972741361768,31.0,22.090722034374522,80.15609770940699,56.22277118748239,44.5,42.0,47.0,22.5,35.5,9.5,11.5,18.110770276274835,17.029386365926403,17.0,53.0,48.0,42.01190307520001,268.1865022703417,266.12027356065903,251.03187048659777,233.05364189387817
2562,36,2562,0,85.3999999999977,14.142135623730951,98.04590761474952,12.0,21.02379604162864,28.071337695236398,31.016124838541646,22.090722034374522,69.18092222571191,48.16637831516918,41.0,40.0,43.0,19.5,27.5,3.5,7.5,16.1245154965971,16.0312195418814,16.0,52.0,47.0,42.01190307520001,267.1198233003309,266.0676605677586,253.04940229133123,235.05318547086316
2563,36,2563,0,85.43333333333103,8.246211251235321,99.08077512817509,13.0,21.0,26.076809620810597,29.017236257093817,23.08679276123039,65.12296062065974,44.181444068749045,40.0,38.0,42.0,17.0,25.0,2.0,4.0,15.033296378372908,16.0312195418814,16.0,52.0,47.0,41.0,267.09174453734056,266.04698833100895,255.03137061938085,237.03375287076733
2564,36,2564,0,85.46666666666437,13.152946437965905,98.12746812182611,11.045361017187261,21.0,27.073972741361768,29.068883707497267,23.08679276123039,68.18357573492314,47.265209192385896,40.5,38.0,43.0,17.5,27.5,3.5,6.5,16.1245154965971,16.0312195418814,16.0,52.0,47.0,44.01136216933077,266.0676605677586,266.04698833100895,253.03161857759991,236.05296015936761
2565,36,2565,0,85.4999999999977,19.1049731745428,100.07996802557443,11.0,22.0,28.071337695236398,30.01666203960727,22.090722034374522,74.10802925459562,52.15361924162119,42.5,39.0,43.0,19.0,33.0,9.0,8.0,16.1245154965971,16.0312195418814,16.5,52.0,48.0,42.01190307520001,268.1193763979023,266.092089322475,253.03161857759991,236.01906702637396
2566,36,2566,0,85.53333333333103,19.1049731745428,99.12618221237011,11.0,22.0,26.076809620810597,30.01666203960727,22.090722034374522,74.10802925459562,52.15361924162119,42.5,39.0,44.0,19.5,32.5,8.5,8.5,17.11724276862369,16.0312195418814,16.5,53.0,48.0,43.01162633521314,266.0676605677586,266.04698833100895,253.00790501484337,237.00843866833097
2567,36,2567,0,85.56666666666436,20.09975124224178,102.12247548899312,11.0,23.0,29.068883707497267,32.01562118716424,22.20360331117452,76.16429609731846,53.23532661682466,43.0,38.0,43.0,18.5,35.5,10.5,7.5,16.0312195418814,17.029386365926403,16.5,52.0,47.0,43.01162633521314,270.09072549793336,268.06715576511795,253.03161857759991,236.03389587091087
2568,36,2568,0,85.59999999999769,20.024984394500787,103.07764064044152,11.045361017187261,24.0,28.071337695236398,32.01562118716424,21.213203435596427,76.16429609731846,52.23983154643591,42.0,38.0,42.0,19.0,36.0,10.0,8.0,16.0312195418814,16.0312195418814,16.0,52.0,47.0,43.01162633521314,268.06715576511795,267.02996086581743,253.00197627686626,235.00851048419503
2569,36,2569,0,85.63333333333102,19.026297590440446,103.07764064044152,11.045361017187261,24.0,28.0178514522438,32.01562118716424,22.090722034374522,76.10519036176179,52.15361924162119,42.5,39.0,43.0,19.0,35.0,9.0,9.0,17.029386365926403,16.0312195418814,16.0,53.0,47.0,43.01162633521314,269.1189328159578,267.0674072214728,252.01785651020842,236.00847442411893
2570,36,2570,0,85.66666666666436,19.1049731745428,104.01922899156675,10.0,24.0,28.0178514522438,32.0,22.20360331117452,75.16648189186454,51.24451190127583,41.5,39.0,41.0,18.0,35.0,10.0,8.0,17.029386365926403,17.029386365926403,16.5,53.0,47.0,43.04648650006177,268.1193763979023,266.0676605677586,251.00796800101784,235.01914815605983
2571,36,2571,0,85.69999999999769,18.110770276274835,102.0196059588548,10.0,23.0,29.017236257093817,32.0,23.08679276123039,74.10802925459562,51.15662224971465,42.0,39.0,41.0,17.0,34.0,9.0,8.0,16.0312195418814,16.1245154965971,15.5,51.0,47.0,42.0,268.09140232390894,265.04716561397146,251.00796800101784,235.0
2572,36,2572,0,85.73333333333102,18.110770276274835,101.01980003939822,10.0,22.0,29.017236257093817,32.01562118716424,23.194827009486403,73.17103251970687,51.24451190127583,42.0,38.0,40.0,16.0,34.0,10.0,7.0,16.0312195418814,16.0312195418814,15.5,51.0,47.0,42.0,266.0676605677586,264.030301291348,251.0019920239678,235.00212764994276
2573,36,2573,0,85.76666666666435,16.1245154965971,101.04454463255303,11.0,22.0,28.071337695236398,32.0,23.194827009486403,72.17340230306452,50.24937810560445,42.0,38.0,41.0,16.5,32.5,8.5,5.5,16.0312195418814,16.0312195418814,16.0,51.0,48.0,42.01190307520001,267.09174453734056,266.04698833100895,252.00793638296395,236.00847442411893
2574,36,2574,0,85.79999999999768,17.11724276862369,101.01980003939822,11.0,21.0,27.018512172212592,30.01666203960727,22.20360331117452,71.17583859709698,50.24937810560445,41.5,38.0,40.0,17.0,32.0,9.0,7.0,17.029386365926403,17.11724276862369,16.5,51.0,47.0,43.01162633521314,267.09174453734056,265.04716561397146,251.00796800101784,236.00847442411893
2575,36,2575,0,85.83333333333101,18.110770276274835,101.04454463255303,10.0,22.02271554554524,28.0178514522438,30.01666203960727,23.194827009486403,73.24616030891995,51.24451190127583,42.0,38.0,41.0,16.5,33.5,9.5,7.5,17.029386365926403,17.029386365926403,16.5,50.0,46.0,42.0,267.0468123756582,264.0075756488817,251.0,235.0
2576,36,2576,0,85.86666666666434,23.08679276123039,100.0199980003999,10.0,22.02271554554524,27.018512172212592,31.0,23.194827009486403,78.23042886243178,56.22277118748239,44.5,40.0,42.0,18.0,37.0,13.0,8.0,17.029386365926403,17.029386365926403,16.5,51.0,47.0,42.0,268.06715576511795,266.03007348794233,251.0,236.00211863455803
2577,36,2577,0,85.89999999999768,26.076809620810597,98.04590761474952,11.045361017187261,23.021728866442675,27.018512172212592,31.0,22.090722034374522,82.21921916437786,59.21148537234985,46.0,41.0,44.0,20.5,39.5,14.5,10.5,16.1245154965971,16.0312195418814,16.0,51.0,47.0,42.01190307520001,268.1510768205118,265.09243670840556,251.03187048659777,235.03404008781365
2578,36,2578,0,85.933333333331,26.076809620810597,97.04638066409278,11.045361017187261,23.021728866442675,27.018512172212592,31.0,23.08679276123039,83.21658488546619,60.207972893961475,47.0,42.0,45.0,20.5,39.5,14.5,10.5,17.029386365926403,16.0312195418814,16.0,50.0,46.0,43.0,267.1872002922296,265.1207272168662,252.04959829366916,234.03418553707064
2579,36,2579,0,85.96666666666434,25.079872407968907,98.02040603874276,11.045361017187261,23.021728866442675,27.018512172212592,31.0,22.090722034374522,81.2219182240853,58.215118311311535,45.5,41.0,43.0,20.0,39.0,14.0,10.0,16.1245154965971,16.0312195418814,15.5,51.0,47.0,42.0,268.1193763979023,265.09243670840556,250.04999500099976,234.05341270744162
2580,36,2580,0,85.99999999999767,25.079872407968907,98.02040603874276,11.045361017187261,23.021728866442675,27.018512172212592,31.0,22.090722034374522,81.2219182240853,58.215118311311535,45.5,41.0,43.0,20.0,39.0,14.0,10.0,16.1245154965971,16.0312195418814,15.5,51.0,47.0,42.0,268.1193763979023,265.09243670840556,250.04999500099976,234.05341270744162
2581,36,2581,0,86.033333333331,20.09975124224178,99.04544411531506,11.045361017187261,23.021728866442675,29.017236257093817,32.0,22.090722034374522,76.23647421018367,53.23532661682466,43.0,39.0,42.0,18.5,35.5,11.5,8.5,16.1245154965971,16.1245154965971,16.0,50.0,46.0,42.01190307520001,268.1193763979023,265.06791582535976,252.01785651020842,236.00847442411893
2582,36,2582,0,86.06666666666433,16.1245154965971,100.07996802557443,11.0,21.02379604162864,28.0178514522438,31.016124838541646,22.090722034374522,70.178344238091,49.16299421312742,41.0,36.0,40.0,16.0,32.0,9.0,6.0,17.11724276862369,17.029386365926403,16.5,51.0,47.0,42.0,268.09140232390894,265.04716561397146,252.00793638296395,237.00843866833097
2583,36,2583,0,86.09999999999766,14.142135623730951,100.07996802557443,11.0,21.02379604162864,28.071337695236398,31.0,22.20360331117452,68.26419266350405,47.265209192385896,40.0,35.0,39.0,15.0,31.0,8.0,4.0,15.033296378372908,16.0312195418814,15.5,52.0,47.0,42.04759208325728,267.1198233003309,266.092089322475,253.03161857759991,237.03375287076733
2584,36,2584,0,86.133333333331,12.165525060596439,100.07996802557443,10.04987562112089,20.024984394500787,29.068883707497267,31.0,23.021728866442675,65.19202405202648,45.17742799230607,39.0,34.0,38.0,13.0,29.0,7.0,3.0,8.06225774829855,8.06225774829855,8.0,52.0,47.0,41.012193308819754,266.12027356065903,265.09243670840556,253.04940229133123,238.03361107205006
2585,36,2585,0,86.16666666666433,12.165525060596439,101.04454463255303,10.04987562112089,21.02379604162864,29.068883707497267,31.0,23.021728866442675,66.18912297349165,45.17742799230607,39.0,35.0,38.0,13.5,29.5,6.5,3.5,7.0,7.0710678118654755,7.5,50.0,47.0,41.012193308819754,267.1198233003309,266.092089322475,254.04920783186867,239.0334704596827
2586,36,2586,0,86.19999999999766,12.36931687685298,100.07996802557443,11.0,21.02379604162864,29.068883707497267,31.0,23.08679276123039,67.26812023536856,46.2709412050371,40.0,35.0,39.0,14.0,30.0,6.0,3.0,6.0,6.324555320336759,6.5,51.0,47.0,44.04543109109048,266.0676605677586,264.09278672466615,252.07141845120006,238.05251521460553
2587,36,2587,0,86.23333333333099,13.152946437965905,101.04454463255303,11.0,21.02379604162864,27.018512172212592,31.0,23.08679276123039,68.18357573492314,47.16990566028302,40.5,37.0,40.0,15.5,29.5,5.5,5.5,7.0,7.0710678118654755,7.5,50.0,45.0,43.01162633521314,267.1198233003309,265.1207272168662,254.07085625864295,239.0522955338434
2588,36,2588,0,86.26666666666432,13.152946437965905,101.07917688624102,10.04987562112089,21.02379604162864,29.068883707497267,31.016124838541646,23.021728866442675,67.1863081289633,46.17358552246078,39.5,36.0,40.0,15.0,29.0,6.0,5.0,9.055385138137417,9.055385138137417,9.5,51.0,47.0,44.01136216933077,267.1198233003309,266.12027356065903,254.09643838511394,238.0756182392477
2589,36,2589,0,86.29999999999765,12.165525060596439,101.1236866416568,12.041594578792296,22.02271554554524,28.071337695236398,30.0,23.08679276123039,69.26037828369117,47.265209192385896,41.0,36.0,41.0,15.5,30.5,6.5,3.5,11.045361017187261,11.0,11.0,50.0,44.0,43.04648650006177,268.1510768205118,267.09174453734056,255.07057846799972,239.07530194480566
2590,36,2590,0,86.33333333333098,5.385164807134504,99.12618221237011,13.0,23.0,26.076809620810597,28.071337695236398,27.16615541441225,68.18357573492314,45.27692569068709,42.5,38.0,43.0,13.5,27.5,2.5,0.5,13.038404810405298,12.0,12.5,51.0,45.0,44.01136216933077,267.1198233003309,267.09174453734056,256.0703028466987,240.0749882849107
2591,36,2591,0,86.36666666666432,2.23606797749979,100.24470060806208,14.035668847618199,20.024984394500787,25.079872407968907,26.019223662515376,27.16615541441225,63.28506932918696,43.289721643826724,42.0,36.0,43.0,12.5,23.5,0.5,1.5,14.142135623730951,14.035668847618199,14.0,50.0,45.0,42.01190307520001,265.1527861441399,265.1207272168662,254.09643838511394,238.0756182392477
2592,36,2592,0,86.39999999999765,1.0,99.24716620639605,14.035668847618199,21.02379604162864,23.08679276123039,25.079872407968907,28.071337695236398,63.198101237299845,42.190046219457976,42.0,37.0,44.0,12.5,22.5,0.5,1.5,13.038404810405298,13.038404810405298,13.5,50.0,45.0,44.04543109109048,266.12027356065903,266.12027356065903,254.09643838511394,238.0756182392477
2593,36,2593,0,86.43333333333098,3.605551275463989,100.12492197250393,14.0,21.0,25.079872407968907,27.018512172212592,30.066592756745816,68.11754546370561,47.16990566028302,45.5,43.0,48.0,15.5,22.5,0.5,1.5,13.038404810405298,13.038404810405298,13.5,50.0,45.0,45.044422518220834,265.1527861441399,264.09278672466615,252.04959829366916,237.05273674859777
2594,36,2594,0,86.46666666666431,3.605551275463989,100.12492197250393,14.0,21.02379604162864,24.08318915758459,26.076809620810597,30.066592756745816,68.18357573492314,47.16990566028302,45.5,43.0,48.0,15.5,22.5,1.5,1.5,13.038404810405298,13.0,13.5,50.0,45.0,44.01136216933077,266.1879035568671,266.12027356065903,253.09681941897256,237.0759372015642
2595,36,2595,0,86.49999999999764,30.066592756745816,100.07996802557443,12.0,24.020824298928627,28.071337695236398,32.01562118716424,24.08318915758459,90.13878188659973,66.12110101926616,51.0,48.0,52.0,26.0,40.0,14.0,13.0,13.038404810405298,14.0,14.0,52.0,47.0,42.04759208325728,267.15164233071823,265.1207272168662,252.04959829366916,235.05318547086316
2596,36,2596,0,86.53333333333097,30.066592756745816,100.07996802557443,12.0,24.020824298928627,28.071337695236398,32.01562118716424,24.08318915758459,90.13878188659973,66.12110101926616,51.0,48.0,52.0,26.0,40.0,14.0,13.0,13.038404810405298,14.0,14.0,52.0,47.0,42.04759208325728,267.15164233071823,265.1207272168662,252.04959829366916,235.05318547086316
2597,36,2597,0,86.5666666666643,23.08679276123039,104.12012293500234,12.0,24.020824298928627,29.017236257093817,33.015148038438355,22.20360331117452,81.2219182240853,57.21887800367987,45.5,43.0,48.0,23.5,35.5,9.5,11.5,13.038404810405298,14.035668847618199,14.0,51.0,46.0,45.0,267.09174453734056,265.06791582535976,253.0177859360879,237.01898658124415
2598,36,2598,0,86.59999999999764,19.1049731745428,104.04326023342406,12.0,24.020824298928627,30.01666203960727,33.0,23.08679276123039,78.16009211867653,54.147945482723536,44.5,43.0,46.0,21.5,33.5,7.5,9.5,13.038404810405298,14.0,14.5,51.0,46.0,44.01136216933077,266.12027356065903,264.06817301598466,252.01785651020842,238.03361107205006
2599,36,2599,0,86.63333333333097,16.1245154965971,104.0768946500615,12.0,24.0,29.017236257093817,32.01562118716424,21.213203435596427,73.17103251970687,49.25444142409901,41.0,39.0,43.0,20.0,32.0,7.0,8.0,14.035668847618199,14.0,14.0,50.0,46.0,41.0,266.092089322475,265.06791582535976,253.00790501484337,238.00840321299583
2600,36,2600,0,86.6666666666643,14.142135623730951,104.04326023342406,12.041594578792296,23.0,30.01666203960727,33.0,21.213203435596427,70.25667228100119,47.38143096192854,40.0,38.0,41.0,18.5,30.5,5.5,6.5,14.035668847618199,14.0,14.0,49.0,46.0,42.0,266.12027356065903,265.06791582535976,253.0177859360879,238.00840321299583
2601,36,2601,0,86.69999999999763,14.035668847618199,103.01941564578979,12.041594578792296,23.021728866442675,29.017236257093817,32.0,21.213203435596427,70.25667228100119,47.265209192385896,40.0,39.0,41.0,19.0,30.0,5.0,7.0,13.038404810405298,13.0,13.5,49.0,45.0,43.0,266.092089322475,265.04716561397146,253.00790501484337,240.00833318866242
2602,36,2602,0,86.73333333333096,9.055385138137417,101.01980003939822,13.038404810405298,23.021728866442675,29.017236257093817,32.0,21.095023109728988,66.18912297349165,43.18564576337837,38.5,38.0,40.0,18.0,27.0,2.0,6.0,14.035668847618199,14.035668847618199,14.0,50.0,46.0,42.01190307520001,266.04698833100895,265.01698058803703,254.0,239.00209204105306
2603,36,2603,0,86.76666666666429,11.045361017187261,102.0196059588548,12.041594578792296,24.020824298928627,29.017236257093817,32.0,21.213203435596427,68.26419266350405,44.28317965096906,38.5,38.0,40.0,18.0,29.0,3.0,6.0,14.035668847618199,14.035668847618199,14.5,49.0,46.0,42.01190307520001,265.06791582535976,264.0170449043016,252.00198411917316,236.00211863455803
2604,36,2604,0,86.79999999999762,17.11724276862369,101.00495037373169,12.0,24.0,29.017236257093817,32.0,22.20360331117452,75.16648189186454,51.24451190127583,42.5,41.0,42.0,19.5,33.5,7.5,8.5,14.035668847618199,14.035668847618199,14.0,50.0,46.0,42.0,265.04716561397146,264.0075756488817,253.00197627686626,237.00843866833097
2605,36,2605,0,86.83333333333096,21.095023109728988,103.04368005850722,12.0,24.0,30.01666203960727,33.015148038438355,21.213203435596427,78.16009211867653,54.230987451824994,43.5,41.0,44.0,21.5,35.5,9.5,9.5,14.142135623730951,14.035668847618199,14.5,50.0,46.0,42.01190307520001,267.0468123756582,264.0170449043016,252.0,236.0
2606,36,2606,0,86.86666666666429,19.026297590440446,103.01941564578979,12.041594578792296,25.019992006393608,29.017236257093817,33.0,23.08679276123039,79.1580697086532,54.147945482723536,44.5,42.0,44.0,20.0,36.0,10.0,9.0,15.132745950421556,14.0,14.0,51.0,46.0,43.01162633521314,267.02996086581743,265.0075470623431,251.0019920239678,236.0
2607,36,2607,0,86.89999999999762,17.029386365926403,103.01941564578979,12.041594578792296,24.020824298928627,29.017236257093817,33.0,22.090722034374522,75.16648189186454,51.15662224971465,42.5,40.0,42.0,19.0,34.0,8.0,7.0,14.0,14.0,14.0,50.0,46.0,43.01162633521314,266.04698833100895,264.030301291348,252.0,237.0
2608,36,2608,0,86.93333333333095,14.142135623730951,103.00485425454472,12.041594578792296,23.0,30.01666203960727,32.0,23.08679276123039,72.17340230306452,49.25444142409901,42.0,41.0,42.0,18.5,30.5,5.5,6.5,14.035668847618199,15.033296378372908,14.5,49.0,47.0,43.0,267.02996086581743,265.0018867857359,253.00790501484337,238.00840321299583
2609,36,2609,0,86.96666666666428,15.132745950421556,103.01941564578979,13.0,22.02271554554524,29.017236257093817,32.0,22.090722034374522,72.17340230306452,50.15974481593781,42.5,40.0,42.0,19.0,31.0,8.0,7.0,14.035668847618199,15.033296378372908,15.0,49.0,47.0,43.0,265.03018695990085,265.0018867857359,252.00198411917316,238.01890681204299
2610,36,2610,0,86.99999999999761,16.1245154965971,102.0,12.0,23.0,29.017236257093817,32.0,23.194827009486403,74.16872656315464,51.24451190127583,43.0,42.0,42.0,19.0,32.0,8.0,7.0,14.035668847618199,15.0,15.0,49.0,46.0,41.012193308819754,266.04698833100895,265.01698058803703,253.00197627686626,239.0083680543424
2611,36,2611,0,87.03333333333094,22.090722034374522,102.0196059588548,12.041594578792296,24.0,28.0178514522438,32.0,22.090722034374522,80.15609770940699,56.22277118748239,45.0,44.0,46.0,23.0,35.0,10.0,11.0,15.0,15.033296378372908,14.5,49.0,46.0,43.0,265.03018695990085,264.0170449043016,252.00198411917316,236.00847442411893
2612,36,2612,0,87.06666666666428,30.066592756745816,101.0,11.0,24.0,29.017236257093817,33.0,23.194827009486403,88.14193099768123,64.19501538281614,49.0,48.0,48.0,25.0,40.0,15.0,14.0,15.033296378372908,16.0312195418814,15.5,49.0,47.0,42.0,265.0018867857359,263.00760445279906,250.04999500099976,234.03418553707064
2613,36,2613,0,87.0999999999976,30.066592756745816,102.00490184299969,12.0,24.0,29.017236257093817,33.0,23.08679276123039,89.08984229416954,65.12296062065974,50.0,47.0,48.0,24.5,41.5,15.5,12.5,14.0,16.0,15.5,49.0,47.0,43.0,267.0074905316328,265.0,252.01785651020842,235.00851048419503
2614,36,2614,0,87.13333333333094,31.064449134018133,102.0196059588548,11.0,23.0,30.01666203960727,33.0,24.331050121192877,89.20201791439474,66.27216610312357,50.5,49.0,51.0,26.0,39.0,14.0,15.0,14.035668847618199,15.0,14.5,49.0,47.0,42.0,266.03007348794233,265.0018867857359,251.00796800101784,235.00851048419503
2615,36,2615,0,87.16666666666427,32.0624390837628,102.0196059588548,12.0,24.0,30.01666203960727,33.0,24.186773244895647,92.13576938409967,68.18357573492314,52.0,50.0,52.0,27.0,41.0,15.0,15.0,13.038404810405298,15.033296378372908,14.5,49.0,47.0,41.012193308819754,266.03007348794233,264.0018939326004,251.01792764661252,235.03404008781365
2616,36,2616,0,87.1999999999976,30.066592756745816,101.00495037373169,12.0,25.0,27.018512172212592,31.016124838541646,25.179356624028344,92.13576938409967,67.1863081289633,52.0,51.0,52.0,26.5,40.5,14.5,14.5,13.038404810405298,15.0,14.5,49.0,46.0,41.0,267.02996086581743,265.0075470623431,251.00796800101784,235.00851048419503
2617,36,2617,0,87.23333333333093,21.095023109728988,99.0,12.0,23.0,26.019223662515376,29.0,25.079872407968907,81.09870529176159,58.137767414994535,47.5,48.0,48.0,23.0,33.0,9.0,11.0,9.0,10.0,10.0,48.0,46.0,42.01190307520001,264.030301291348,264.0075756488817,251.00796800101784,236.00847442411893
2618,36,2618,0,87.26666666666426,8.246211251235321,101.00495037373169,14.0,20.0,24.020824298928627,27.0,26.076809620810597,68.11754546370561,48.16637831516918,44.0,45.0,46.0,19.5,22.5,1.5,5.5,8.0,8.06225774829855,8.0,49.0,47.0,40.01249804748511,263.0171097096157,262.00763347658403,250.0079998720041,236.00847442411893
2619,36,2619,0,87.2999999999976,5.0990195135927845,101.00495037373169,14.0,19.0,25.0,28.0,24.08318915758459,62.07253821135398,43.104524124504614,40.5,43.0,44.0,19.5,18.5,2.5,6.5,7.0,8.06225774829855,8.0,50.0,48.0,38.118237105091836,262.0686932847951,262.01717500957835,251.0019920239678,238.00840321299583
2620,36,2620,0,87.33333333333093,5.385164807134504,99.02019995940222,15.0,19.0,26.019223662515376,28.0,22.02271554554524,61.07372593840988,42.1070065428546,39.5,42.0,44.0,21.0,18.0,3.0,6.0,7.0,6.082762530298219,6.5,50.0,48.0,40.049968789001575,261.03064954139006,261.00766272276377,252.00793638296395,238.01890681204299
2621,36,2621,0,87.36666666666426,7.0710678118654755,99.00505037623081,13.0,21.02379604162864,25.019992006393608,27.0,24.08318915758459,65.12296062065974,44.10215414239989,40.5,44.0,45.0,20.5,20.5,1.5,7.5,6.0,7.0710678118654755,7.0,50.0,48.0,40.11234224026316,263.0304164920856,262.00763347658403,252.01785651020842,237.03375287076733
2622,36,2622,0,87.39999999999759,17.11724276862369,98.0,13.0,21.0,24.020824298928627,28.0,23.08679276123039,74.10802925459562,53.150729063673246,44.5,47.0,47.0,24.0,27.0,5.0,11.0,9.055385138137417,10.0,9.5,49.0,47.0,43.04648650006177,264.0170449043016,264.0,252.03174403237384,236.07625886564705
2623,36,2623,0,87.43333333333092,27.073972741361768,99.0,11.0,23.0,26.019223662515376,29.0,23.08679276123039,84.09518416651456,61.1310068623117,47.5,50.0,50.0,27.0,34.0,10.0,16.0,9.0,10.0,9.5,49.0,47.0,42.04759208325728,264.0170449043016,263.0,251.03187048659777,236.05296015936761
2624,36,2624,0,87.46666666666425,26.076809620810597,100.00499987500625,10.0,24.0,24.020824298928627,28.0,25.079872407968907,85.09406559801923,61.1310068623117,48.0,50.0,51.0,25.5,34.5,9.5,15.5,10.0,11.045361017187261,10.0,49.0,46.0,42.01190307520001,264.04734423962685,264.0075756488817,252.00198411917316,236.01906702637396
2625,36,2625,0,87.49999999999758,19.026297590440446,99.02019995940222,12.0,24.0,23.021728866442675,26.019223662515376,27.073972741361768,82.05485969764375,58.077534382926416,48.5,48.0,50.0,22.0,33.0,8.0,10.0,12.041594578792296,12.0,11.5,48.0,47.0,44.01136216933077,263.00760445279906,263.0,252.00793638296395,236.01906702637396
2626,36,2626,0,87.53333333333092,6.082762530298219,97.0051545022222,15.0,23.0,21.02379604162864,23.0,31.0,75.0066663703967,52.009614495783374,49.0,48.0,49.0,17.5,26.5,1.5,3.5,12.041594578792296,13.0,13.0,49.0,47.0,43.01162633521314,263.00760445279906,264.0018939326004,253.00197627686626,236.00211863455803
2627,36,2627,0,87.56666666666425,3.1622776601683795,95.00526301210897,14.0,23.0,21.0,24.0,32.01562118716424,72.0,49.0,47.5,49.0,48.0,16.5,23.5,1.5,3.5,12.0,13.0,12.5,47.0,46.0,45.0,263.0019011338131,263.0171097096157,251.07170290576354,236.10379073619296
2628,36,2628,0,87.59999999999758,3.1622776601683795,91.00549433962765,16.0,24.0,21.02379604162864,23.0,30.01666203960727,73.0,49.0,47.5,50.0,49.0,19.5,23.5,1.5,5.5,12.041594578792296,13.0,12.5,48.0,47.0,44.01136216933077,263.0,263.00760445279906,251.07170290576354,235.07658326596462
2629,36,2629,0,87.63333333333091,7.0,90.0,16.0,24.0,20.0,23.0,30.0,77.0,53.0,49.5,51.0,51.0,21.0,26.0,0.0,6.0,13.038404810405298,13.0,13.0,49.0,47.0,45.0,265.0018867857359,264.0018939326004,251.01792764661252,235.03404008781365
2630,36,2630,0,87.66666666666424,11.045361017187261,90.0,16.0,26.0,19.0,23.0,26.019223662515376,79.02531240052139,53.03772242470448,47.5,48.0,48.0,22.0,31.0,3.0,7.0,13.038404810405298,14.0,14.0,49.0,47.0,44.04543109109048,264.0,265.01698058803703,253.07113624433742,235.07658326596462
2631,36,2631,0,87.69999999999757,13.038404810405298,94.02127418834527,15.0,25.0,21.02379604162864,24.0,24.020824298928627,77.02596964660685,52.03844732503075,45.5,46.0,48.0,23.0,30.0,3.0,8.0,13.0,13.0,13.0,50.0,47.0,44.01136216933077,264.0170449043016,265.0075470623431,254.0,238.0021008310641
2632,36,2632,0,87.7333333333309,13.152946437965905,97.02061636580135,13.0,24.020824298928627,23.021728866442675,26.0,23.0,73.06161783043132,49.040799340956916,42.5,43.0,45.0,21.0,29.0,4.0,8.0,13.038404810405298,14.035668847618199,13.5,49.0,47.0,43.01162633521314,264.0170449043016,264.0,253.0177859360879,238.00840321299583
2633,36,2633,0,87.76666666666424,14.035668847618199,95.02105029939419,14.0,24.020824298928627,23.021728866442675,26.019223662515376,22.02271554554524,74.06078584514209,50.039984012787215,43.0,43.0,45.0,22.0,30.0,5.0,8.0,12.041594578792296,14.0,13.5,48.0,47.0,45.0,265.0075470623431,264.0,253.0,238.0021008310641
2634,36,2634,0,87.79999999999757,16.0312195418814,94.02127418834527,13.0,24.0,23.021728866442675,26.019223662515376,22.090722034374522,75.05997601918082,51.088159097779204,43.0,44.0,46.0,23.0,30.0,4.0,10.0,14.0,15.033296378372908,15.0,50.0,47.0,45.0111097397076,264.030301291348,264.0170449043016,252.00198411917316,237.00210969525145
2635,36,2635,0,87.8333333333309,16.0312195418814,92.02173656261873,13.0,25.019992006393608,22.02271554554524,25.019992006393608,23.08679276123039,77.10382610480494,52.08646657242167,44.0,45.0,47.0,23.0,31.0,5.0,10.0,13.038404810405298,13.0,13.5,49.0,47.0,44.0,264.0170449043016,264.0018939326004,253.0,236.0
2636,36,2636,0,87.86666666666423,15.033296378372908,92.04890004774636,15.0,24.0,22.02271554554524,25.019992006393608,22.02271554554524,76.02631123499285,52.03844732503075,44.5,44.0,47.0,23.5,30.5,4.5,9.5,13.038404810405298,14.0,14.0,49.0,47.0,44.01136216933077,263.00760445279906,264.0,253.0177859360879,237.01898658124415
2637,36,2637,0,87.89999999999756,11.045361017187261,90.00555538409837,13.0,24.0,21.02379604162864,23.0,27.018512172212592,75.02666192761077,51.03920062069938,45.5,45.0,46.0,18.5,29.5,3.5,5.5,13.038404810405298,14.0,14.0,49.0,47.0,44.0,264.0075756488817,263.0019011338131,252.00198411917316,235.00212764994276
2638,36,2638,0,87.93333333333089,3.0,92.0,15.033296378372908,24.0,21.0,23.0,29.0,71.00704190430693,47.01063709417264,45.5,45.0,45.0,16.0,26.0,0.0,2.0,13.038404810405298,14.0,14.0,48.0,46.0,45.0,263.00760445279906,264.0,252.00793638296395,236.03389587091087
2639,36,2639,0,87.96666666666422,2.23606797749979,94.00531899844816,14.0,23.0,21.0,23.0,31.0,70.00714249274856,47.01063709417264,46.0,45.0,46.0,14.5,24.5,0.5,1.5,14.035668847618199,14.0,14.0,49.0,47.0,43.0,264.0075756488817,264.0018939326004,252.00198411917316,236.0
2640,36,2640,0,87.99999999999756,2.23606797749979,94.00531899844816,15.0,23.0,21.0,23.0,30.0,70.00714249274856,47.01063709417264,46.0,45.0,46.0,15.5,24.5,0.5,1.5,13.038404810405298,13.0,13.5,49.0,47.0,43.0,264.0170449043016,264.0018939326004,252.00198411917316,236.00211863455803
2641,36,2641,0,88.03333333333089,10.04987562112089,97.02061636580135,13.038404810405298,22.0,24.020824298928627,27.0,27.018512172212592,72.06247289678588,50.08991914547278,45.0,44.0,46.0,18.0,27.0,3.0,5.0,14.035668847618199,14.0,14.5,50.0,47.0,43.0,265.01698058803703,264.0075756488817,252.0,237.00210969525145
2642,36,2642,0,88.06666666666422,9.055385138137417,97.02061636580135,13.038404810405298,23.0,24.0,27.018512172212592,28.0178514522438,73.06161783043132,50.08991914547278,45.5,45.0,47.0,18.0,27.0,3.0,6.0,13.038404810405298,14.0,14.0,50.0,47.0,43.0,264.0170449043016,264.0075756488817,252.0,236.0
2643,36,2643,0,88.09999999999755,16.1245154965971,98.02040603874276,12.041594578792296,22.0,26.019223662515376,29.017236257093817,24.020824298928627,74.10802925459562,52.15361924162119,44.0,44.0,46.0,21.0,29.0,6.0,9.0,14.035668847618199,15.033296378372908,14.5,50.0,47.0,43.0,266.0676605677586,265.03018695990085,252.00793638296395,236.00211863455803
2644,36,2644,0,88.13333333333088,17.11724276862369,97.02061636580135,12.041594578792296,22.0,26.019223662515376,29.0,23.08679276123039,74.16872656315464,52.23983154643591,43.5,43.0,45.0,21.0,30.0,6.0,9.0,14.142135623730951,15.033296378372908,15.0,50.0,47.0,44.0,265.06791582535976,264.030301291348,252.00198411917316,236.0
2645,36,2645,0,88.16666666666421,14.142135623730951,100.00499987500625,12.0,22.0,27.018512172212592,29.017236257093817,25.079872407968907,73.10950690573696,51.15662224971465,44.0,44.0,45.0,19.5,28.5,5.5,8.5,14.035668847618199,15.0,15.0,50.0,47.0,43.01162633521314,265.03018695990085,264.0075756488817,252.0,237.0
2646,36,2646,0,88.19999999999754,14.142135623730951,100.0199980003999,12.0,22.02271554554524,27.018512172212592,29.0,23.08679276123039,71.17583859709698,49.16299421312742,42.0,41.0,43.0,19.0,29.0,6.0,7.0,15.132745950421556,15.0,15.0,49.0,47.0,44.0,265.01698058803703,265.0075470623431,253.00197627686626,238.0021008310641
2647,36,2647,0,88.23333333333088,13.152946437965905,100.00499987500625,12.0,22.0,27.0,29.0,24.08318915758459,71.11258679024411,49.16299421312742,42.5,41.0,42.0,17.5,29.5,6.5,6.5,14.035668847618199,14.035668847618199,14.0,49.0,46.0,42.01190307520001,265.04716561397146,264.0170449043016,253.0,239.0
2648,36,2648,0,88.26666666666421,13.152946437965905,101.00495037373169,12.0,22.0,27.0,30.0,23.08679276123039,70.11419257183242,48.16637831516918,41.5,40.0,41.0,17.5,29.5,5.5,6.5,13.038404810405298,14.0,14.0,50.0,47.0,42.01190307520001,265.06791582535976,264.0170449043016,253.0,239.0
2649,36,2649,0,88.29999999999754,13.038404810405298,101.01980003939822,12.041594578792296,23.021728866442675,27.018512172212592,30.0,23.021728866442675,71.11258679024411,48.093658625644196,41.5,40.0,42.0,18.0,30.0,6.0,7.0,15.132745950421556,14.0,15.0,50.0,46.0,43.01162633521314,263.0304164920856,265.01698058803703,253.00197627686626,239.00209204105306
2650,36,2650,0,88.33333333333087,13.038404810405298,101.01980003939822,12.041594578792296,23.021728866442675,29.017236257093817,31.016124838541646,23.08679276123039,71.17583859709698,48.16637831516918,41.5,40.0,42.0,18.0,30.0,6.0,7.0,14.142135623730951,14.035668847618199,15.0,49.0,46.0,43.0,264.030301291348,264.0170449043016,253.00790501484337,239.00209204105306
2651,36,2651,0,88.3666666666642,13.038404810405298,102.0196059588548,12.041594578792296,23.021728866442675,27.018512172212592,29.0,22.02271554554524,70.11419257183242,47.095647357266465,40.5,39.0,41.0,18.0,30.0,6.0,7.0,14.035668847618199,15.0,15.0,51.0,46.0,42.0,264.030301291348,264.0075756488817,253.0,238.0
2652,36,2652,0,88.39999999999753,13.038404810405298,100.00499987500625,12.041594578792296,22.02271554554524,28.0178514522438,30.0,22.02271554554524,69.1158447825099,47.095647357266465,40.5,40.0,41.0,18.5,28.5,5.5,7.5,14.142135623730951,15.0,15.0,51.0,47.0,42.01190307520001,264.030301291348,264.0170449043016,252.00198411917316,238.0021008310641
2653,36,2653,0,88.43333333333086,13.038404810405298,99.02019995940222,12.0,22.02271554554524,27.073972741361768,31.0,22.090722034374522,69.1158447825099,47.095647357266465,40.5,40.0,42.0,19.0,28.0,4.0,7.0,15.132745950421556,14.0,14.5,51.0,47.0,42.01190307520001,265.03018695990085,265.01698058803703,253.00790501484337,238.00840321299583
2654,36,2654,0,88.4666666666642,14.035668847618199,100.0199980003999,12.041594578792296,21.02379604162864,27.018512172212592,31.016124838541646,23.021728866442675,70.11419257183242,49.09175083453431,42.0,40.0,42.0,18.0,29.0,6.0,7.0,15.033296378372908,15.0,15.5,50.0,46.0,42.01190307520001,265.04716561397146,264.0170449043016,253.0,238.0021008310641
2655,36,2655,0,88.49999999999753,16.0312195418814,100.00499987500625,12.041594578792296,22.02271554554524,27.018512172212592,31.016124838541646,22.02271554554524,72.11102550927978,50.08991914547278,42.0,42.0,43.0,20.5,29.5,5.5,8.5,14.035668847618199,14.0,14.5,50.0,46.0,41.012193308819754,266.03007348794233,265.01698058803703,253.00197627686626,238.0
2656,36,2656,0,88.53333333333086,17.11724276862369,100.0199980003999,12.0,23.0,28.0178514522438,31.016124838541646,23.08679276123039,75.1065909225016,52.15361924162119,43.5,44.0,46.0,22.0,30.0,6.0,11.0,14.035668847618199,14.0,14.5,50.0,46.0,43.01162633521314,264.09278672466615,264.04734423962685,253.0177859360879,238.01890681204299
2657,36,2657,0,88.56666666666419,20.09975124224178,99.04544411531506,12.041594578792296,23.0,28.071337695236398,30.0,22.090722034374522,77.1621668954417,54.230987451824994,44.0,44.0,47.0,23.5,31.5,7.5,10.5,15.132745950421556,15.033296378372908,15.0,51.0,46.0,45.0,266.092089322475,265.03018695990085,252.00198411917316,236.00211863455803
2658,36,2658,0,88.59999999999752,21.095023109728988,99.02019995940222,12.0,24.020824298928627,28.0178514522438,31.0,22.20360331117452,79.22752047110903,55.226805085936306,44.5,45.0,47.0,24.0,33.0,8.0,12.0,14.035668847618199,15.033296378372908,14.5,51.0,46.0,41.0,266.0676605677586,265.03018695990085,252.00198411917316,236.00211863455803
2659,36,2659,0,88.63333333333085,23.08679276123039,99.02019995940222,12.041594578792296,24.020824298928627,29.017236257093817,32.0,23.08679276123039,82.21921916437786,58.215118311311535,46.5,47.0,49.0,25.0,34.0,9.0,13.0,14.035668847618199,15.033296378372908,15.0,50.0,46.0,42.0,266.0676605677586,265.03018695990085,252.00198411917316,237.00210969525145
2660,36,2660,0,88.66666666666418,26.076809620810597,100.0199980003999,12.0,24.020824298928627,28.0178514522438,31.0,23.194827009486403,85.21150157109074,61.204574992397426,48.0,47.0,49.0,25.0,37.0,11.0,13.0,14.035668847618199,16.0312195418814,15.5,51.0,47.0,42.01190307520001,267.09174453734056,264.030301291348,252.00793638296395,237.00843866833097
2661,36,2661,0,88.69999999999752,28.071337695236398,99.02019995940222,13.038404810405298,24.0,28.071337695236398,32.0,23.194827009486403,88.20430828479978,64.28063471995279,50.0,49.0,51.0,27.0,38.0,12.0,14.0,16.0312195418814,17.029386365926403,16.5,50.0,46.0,42.01190307520001,265.09243670840556,265.01698058803703,250.0079998720041,235.00212764994276
2662,36,2662,0,88.73333333333085,33.13608305156178,99.02019995940222,12.0,24.0,28.071337695236398,32.0,24.08318915758459,93.13431161500041,69.18092222571191,52.5,51.0,53.0,28.0,41.0,15.0,16.0,14.035668847618199,15.033296378372908,14.5,50.0,46.0,44.0,265.06791582535976,265.01698058803703,252.0,236.00211863455803
2663,36,2663,0,88.76666666666418,35.05709628591621,100.0199980003999,11.045361017187261,24.020824298928627,28.071337695236398,32.0,24.08318915758459,94.19129471453293,70.178344238091,52.5,50.0,52.0,27.0,43.0,17.0,15.0,15.033296378372908,15.033296378372908,15.0,49.0,46.0,42.0,265.06791582535976,263.0171097096157,250.00199999200007,233.00214591286493
2664,36,2664,0,88.79999999999751,34.132096331752024,102.00490184299969,12.0,25.0,28.0178514522438,33.0,24.08318915758459,95.13148795220224,70.178344238091,53.0,51.0,52.0,27.5,43.5,16.5,15.5,15.033296378372908,15.033296378372908,15.0,50.0,47.0,44.0,265.01698058803703,264.0,250.01799935204664,234.03418553707064
2665,36,2665,0,88.83333333333084,34.132096331752024,102.0196059588548,11.0,23.0,29.068883707497267,33.0,25.079872407968907,93.13431161500041,70.178344238091,53.0,50.0,52.0,26.0,42.0,17.0,14.0,14.0,15.0,14.5,49.0,46.0,42.01190307520001,265.0075470623431,264.0,251.01792764661252,234.01922997907673
2666,36,2666,0,88.86666666666417,32.0624390837628,102.04410811016969,12.0,23.021728866442675,29.068883707497267,32.01562118716424,24.08318915758459,91.13725912051558,68.11754546370561,52.0,48.0,51.0,25.5,41.5,16.5,13.5,15.0,15.0,15.0,50.0,47.0,44.0,266.03007348794233,264.0018939326004,251.0019920239678,235.00851048419503
2667,36,2667,0,88.8999999999975,31.144823004794873,101.04454463255303,12.0,24.0,29.068883707497267,33.0,25.079872407968907,92.13576938409967,68.18357573492314,52.5,49.0,52.0,25.5,41.5,15.5,13.5,14.0,15.0,15.0,49.0,47.0,43.0,266.04698833100895,264.0075756488817,251.0019920239678,234.00854685246006
2668,36,2668,0,88.93333333333084,31.064449134018133,102.0196059588548,11.0,23.0,28.071337695236398,32.0,25.079872407968907,90.08884503644167,67.11929677819934,51.5,48.0,50.0,24.0,41.0,16.0,12.0,15.033296378372908,16.0,15.5,49.0,46.0,43.01162633521314,266.0676605677586,264.0075756488817,251.00796800101784,235.00851048419503
2669,36,2669,0,88.96666666666417,28.071337695236398,103.00485425454472,11.045361017187261,23.0,28.071337695236398,32.0,23.08679276123039,85.14693182963201,62.20128616033595,48.0,46.0,47.0,23.5,38.5,14.5,11.5,15.0,15.0,15.0,50.0,47.0,43.0,265.06791582535976,264.0075756488817,251.0,235.0
2670,36,2670,0,88.9999999999975,26.076809620810597,102.0196059588548,12.0,23.021728866442675,29.068883707497267,33.0,24.186773244895647,85.21150157109074,62.20128616033595,49.0,47.0,49.0,24.0,37.0,13.0,12.0,15.033296378372908,15.033296378372908,15.0,50.0,47.0,42.0,265.03018695990085,265.0018867857359,252.03174403237384,234.03418553707064
2671,36,2671,0,89.03333333333083,23.08679276123039,101.01980003939822,11.0,23.0,29.017236257093817,32.0,24.186773244895647,81.15417426109393,58.215118311311535,46.5,44.0,46.0,21.0,36.0,11.0,10.0,15.033296378372908,15.0,14.5,51.0,48.0,43.0,267.01685340067957,266.0018796926067,253.03161857759991,235.01914815605983
2672,36,2672,0,89.06666666666416,18.110770276274835,101.01980003939822,11.045361017187261,22.0,27.018512172212592,30.01666203960727,23.08679276123039,74.16872656315464,52.23983154643591,43.0,41.0,43.0,19.0,32.0,8.0,8.0,15.033296378372908,16.0,15.5,49.0,46.0,42.0,266.092089322475,265.03018695990085,252.00198411917316,236.00211863455803
2673,36,2673,0,89.0999999999975,17.11724276862369,101.01980003939822,12.041594578792296,23.021728866442675,29.068883707497267,31.0,23.08679276123039,75.23961722390672,52.23983154643591,43.5,41.0,43.0,19.0,33.0,8.0,7.0,15.033296378372908,14.0,14.5,50.0,46.0,42.0,267.09174453734056,266.03007348794233,253.00197627686626,236.00211863455803
2674,36,2674,0,89.13333333333082,17.11724276862369,101.01980003939822,12.041594578792296,22.02271554554524,28.071337695236398,31.0,23.08679276123039,74.24284477308234,52.23983154643591,43.5,41.0,43.0,19.0,32.0,8.0,7.0,15.033296378372908,15.0,15.0,50.0,46.0,43.0,267.0468123756582,266.01691675530714,254.0019684963091,237.00210969525145
2675,36,2675,0,89.16666666666416,16.1245154965971,101.01980003939822,12.0,23.021728866442675,29.068883707497267,31.0,23.194827009486403,74.24284477308234,51.24451190127583,43.0,41.0,43.0,19.0,32.0,8.0,7.0,15.033296378372908,15.0,15.0,50.0,46.0,43.01162633521314,266.0676605677586,264.030301291348,253.00197627686626,236.00211863455803
2676,36,2676,0,89.19999999999749,16.1245154965971,101.01980003939822,12.0,22.02271554554524,28.071337695236398,31.016124838541646,24.08318915758459,74.16872656315464,52.15361924162119,44.0,42.0,44.0,19.0,31.0,8.0,7.0,15.033296378372908,15.0,15.0,50.0,46.0,43.0,266.0676605677586,265.03018695990085,252.00198411917316,237.00210969525145
2677,36,2677,0,89.23333333333082,20.09975124224178,100.0199980003999,12.041594578792296,23.021728866442675,28.0178514522438,31.0,23.08679276123039,78.23042886243178,55.226805085936306,45.0,43.0,45.0,21.0,34.0,9.0,9.0,15.033296378372908,15.0,15.5,51.0,46.0,44.0,265.1207272168662,265.04716561397146,253.00197627686626,236.00211863455803
2678,36,2678,0,89.26666666666415,23.08679276123039,100.0199980003999,12.0,23.021728866442675,28.071337695236398,31.0,23.08679276123039,81.15417426109393,58.137767414994535,46.5,44.0,46.0,22.0,36.0,11.0,10.0,13.152946437965905,15.033296378372908,15.0,50.0,46.0,41.048751503547585,264.09278672466615,264.09278672466615,252.04959829366916,237.01898658124415
2679,36,2679,0,89.29999999999748,29.068883707497267,99.04544411531506,11.045361017187261,24.020824298928627,27.073972741361768,31.0,24.08318915758459,88.20430828479978,64.19501538281614,49.5,47.0,50.0,24.5,39.5,13.5,12.5,14.035668847618199,15.0,15.0,50.0,46.0,43.01162633521314,265.09243670840556,265.06791582535976,252.01785651020842,235.00851048419503
2680,36,2680,0,89.33333333333081,34.058772731852805,99.08077512817509,12.041594578792296,24.020824298928627,27.073972741361768,31.0,22.02271554554524,92.13576938409967,68.11754546370561,51.0,48.0,52.0,28.0,42.0,16.0,15.0,14.035668847618199,14.0,14.5,51.0,45.0,43.04648650006177,266.12027356065903,264.04734423962685,251.00796800101784,234.0
2681,36,2681,0,89.36666666666414,35.05709628591621,100.07996802557443,12.0,24.020824298928627,27.073972741361768,32.01562118716424,24.08318915758459,95.13148795220224,71.11258679024411,53.5,50.0,54.0,28.0,43.0,17.0,16.0,13.038404810405298,14.035668847618199,14.0,50.0,45.0,41.048751503547585,266.1522120892479,265.1207272168662,252.07141845120006,233.05364189387817
2682,36,2682,0,89.39999999999748,36.05551275463989,101.1236866416568,11.045361017187261,24.020824298928627,28.071337695236398,32.01562118716424,24.020824298928627,95.13148795220224,71.11258679024411,53.0,49.0,54.0,27.5,43.5,17.5,15.5,14.035668847618199,15.0,15.0,51.0,45.0,41.048751503547585,266.1879035568671,265.1207272168662,252.04959829366916,234.03418553707064
2683,36,2683,0,89.43333333333081,28.071337695236398,103.07764064044152,11.045361017187261,24.020824298928627,29.068883707497267,32.01562118716424,24.08318915758459,87.20665112249179,63.198101237299845,49.0,46.0,50.0,24.0,39.0,13.0,12.0,14.035668847618199,15.033296378372908,15.0,51.0,44.0,42.04759208325728,266.1522120892479,266.092089322475,253.04940229133123,237.01898658124415
2684,36,2684,0,89.46666666666414,28.071337695236398,102.07840124139877,11.045361017187261,23.021728866442675,29.068883707497267,33.015148038438355,24.08318915758459,86.20904824900923,63.198101237299845,49.0,46.0,50.0,24.0,38.0,13.0,12.0,14.142135623730951,15.0,15.0,51.0,44.0,43.04648650006177,266.1522120892479,265.1207272168662,252.04959829366916,236.01906702637396
2685,36,2685,0,89.49999999999747,25.179356624028344,103.07764064044152,12.041594578792296,24.020824298928627,29.068883707497267,31.016124838541646,22.20360331117452,83.38465086573187,59.413803110051795,46.5,45.0,49.0,25.0,36.0,10.0,13.0,15.132745950421556,16.0,15.0,52.0,45.0,44.01136216933077,265.27155897306443,265.228203628498,252.1269521491108,236.07625886564705
2686,36,2686,0,89.5333333333308,27.16615541441225,100.12492197250393,11.0,24.020824298928627,27.16615541441225,31.016124838541646,22.20360331117452,84.29116205154607,60.29925372672534,46.5,45.0,50.0,25.5,36.5,10.5,13.5,13.152946437965905,14.035668847618199,14.0,52.0,44.0,42.04759208325728,265.27155897306443,265.1886121235224,252.1606630701942,235.10423220350586
2687,36,2687,0,89.56666666666413,31.064449134018133,99.18165152889924,10.04987562112089,24.020824298928627,27.16615541441225,30.01666203960727,22.20360331117452,87.28115489611719,63.28506932918696,47.5,46.0,52.0,27.0,38.0,12.0,15.0,13.038404810405298,15.033296378372908,15.0,51.0,43.0,42.04759208325728,265.3695536417092,264.31988196123274,251.2866888635369,235.2126697267815
2688,36,2688,0,89.59999999999746,30.066592756745816,99.12618221237011,10.0,25.019992006393608,26.076809620810597,30.066592756745816,22.20360331117452,87.20665112249179,62.20128616033595,47.0,46.0,51.0,26.5,38.5,12.5,15.5,13.152946437965905,15.033296378372908,15.0,52.0,44.0,43.04648650006177,265.31867631209076,265.31867631209076,252.23996511258878,235.25730594393875
2689,36,2689,0,89.6333333333308,28.071337695236398,99.24716620639605,11.045361017187261,25.019992006393608,26.1725046566048,29.068883707497267,21.213203435596427,85.28774824088158,60.29925372672534,46.0,44.0,51.0,26.5,37.5,10.5,14.5,12.165525060596439,14.035668847618199,14.0,53.0,45.0,43.104524124504614,265.3695536417092,265.31867631209076,253.33377192944488,236.25621684941964
2690,36,2690,0,89.66666666666413,15.033296378372908,96.25487000666512,13.038404810405298,23.08679276123039,24.186773244895647,27.073972741361768,21.095023109728988,72.24956747275377,49.16299421312742,41.5,42.0,49.0,24.5,26.5,0.5,10.5,14.142135623730951,15.033296378372908,15.0,52.0,44.0,43.104524124504614,265.27155897306443,265.1886121235224,252.1983346495373,235.2126697267815
2691,36,2691,0,89.69999999999746,7.0710678118654755,98.18350166906862,15.033296378372908,25.019992006393608,27.16615541441225,29.017236257093817,21.02379604162864,68.11754546370561,43.104524124504614,39.5,40.0,46.0,22.0,25.0,2.0,6.0,14.142135623730951,15.0,15.0,52.0,44.0,44.10215414239989,265.27155897306443,265.1886121235224,253.12645061312736,237.0759372015642
2692,36,2692,0,89.73333333333079,9.219544457292887,98.18350166906862,16.0312195418814,24.020824298928627,27.073972741361768,28.071337695236398,20.024984394500787,69.18092222571191,45.17742799230607,40.5,41.0,47.0,24.0,25.0,2.0,8.0,14.142135623730951,15.0,15.0,52.0,44.0,44.10215414239989,264.31988196123274,265.1886121235224,253.16002844051033,236.13555429032706
2693,36,2693,0,89.76666666666412,8.246211251235321,96.25487000666512,15.0,25.019992006393608,26.1725046566048,29.068883707497267,21.095023109728988,69.18092222571191,44.181444068749045,40.0,40.0,47.0,22.5,25.5,1.5,6.5,14.142135623730951,15.0,15.5,53.0,44.0,44.10215414239989,265.27155897306443,265.1527861441399,254.159398803192,238.1344158243407
2694,36,2694,0,89.79999999999745,12.041594578792296,95.08417323613851,14.035668847618199,26.019223662515376,26.076809620810597,28.071337695236398,20.223748416156685,72.24956747275377,46.2709412050371,40.0,43.0,47.0,25.0,27.0,1.0,11.0,15.132745950421556,15.033296378372908,15.0,52.0,44.0,42.1070065428546,265.31867631209076,264.2290672882149,252.23996511258878,236.21176939348302
2695,36,2695,0,89.83333333333078,12.165525060596439,97.12878049270464,15.0,24.020824298928627,26.076809620810597,29.017236257093817,20.223748416156685,71.25307010929424,47.265209192385896,41.0,43.0,48.0,25.5,25.5,0.5,10.5,15.132745950421556,15.0,15.0,52.0,44.0,44.04543109109048,265.27155897306443,265.1886121235224,253.1975513309716,236.21176939348302
2696,36,2696,0,89.86666666666412,23.021728866442675,92.13576938409967,12.041594578792296,24.08318915758459,24.08318915758459,27.018512172212592,24.08318915758459,83.21658488546619,59.135437767890075,47.5,49.0,54.0,27.5,31.5,5.5,14.5,16.1245154965971,15.033296378372908,16.0,54.0,45.0,43.104524124504614,265.42418879973997,264.31988196123274,252.23996511258878,234.21357774475842
2697,36,2697,0,89.89999999999745,13.152946437965905,92.0869154657707,14.035668847618199,24.020824298928627,24.020824298928627,26.019223662515376,28.071337695236398,79.22752047110903,55.226805085936306,48.5,49.0,53.0,23.0,28.0,3.0,9.0,15.132745950421556,16.0,16.0,52.0,44.0,43.104524124504614,266.42259663924904,265.3695536417092,252.28555249954366,235.30618351416098
2698,36,2698,0,89.93333333333078,13.152946437965905,91.13725912051558,13.038404810405298,24.0,23.021728866442675,26.019223662515376,29.068883707497267,79.1580697086532,55.226805085936306,48.5,48.0,53.0,21.5,28.5,2.5,8.5,15.033296378372908,16.0,16.0,52.0,44.0,43.04648650006177,266.36816626616627,264.27258654654287,252.23996511258878,236.21176939348302
2699,36,2699,0,89.96666666666411,5.0990195135927845,98.12746812182611,15.0,23.021728866442675,24.08318915758459,27.073972741361768,30.066592756745816,73.10950690573696,50.08991914547278,47.5,47.0,52.0,19.5,23.5,1.5,4.5,16.1245154965971,15.0,15.5,52.0,44.0,45.09988913511872,265.3695536417092,265.31867631209076,251.24092023394596,235.2126697267815
2700,36,2700,0,89.99999999999744,5.0990195135927845,99.18165152889924,15.0,23.021728866442675,24.08318915758459,27.073972741361768,30.066592756745816,73.10950690573696,50.08991914547278,47.5,46.0,52.0,19.0,24.0,1.0,4.0,16.1245154965971,15.0,15.5,52.0,44.0,45.09988913511872,265.3695536417092,265.31867631209076,252.23996511258878,235.2126697267815
2701,36,2701,0,90.03333333333077,12.041594578792296,98.18350166906862,15.033296378372908,23.021728866442675,23.08679276123039,25.079872407968907,28.0178514522438,78.10249675906654,55.08175741568164,49.0,46.0,52.0,21.0,29.0,4.0,5.0,16.1245154965971,16.0312195418814,16.0,52.0,44.0,43.04648650006177,264.31988196123274,264.27258654654287,252.1983346495373,237.21087664776252
2702,36,2702,0,90.0666666666641,6.082762530298219,99.18165152889924,15.033296378372908,23.021728866442675,24.020824298928627,26.076809620810597,31.016124838541646,75.1065909225016,52.08646657242167,49.0,46.0,52.0,18.0,26.0,2.0,3.0,15.132745950421556,16.0,16.0,51.0,44.0,45.09988913511872,265.27155897306443,265.228203628498,253.1975513309716,237.17082451262846
2703,36,2703,0,90.09999999999744,2.23606797749979,101.17806086301516,15.033296378372908,23.021728866442675,24.08318915758459,26.076809620810597,31.064449134018133,71.17583859709698,48.16637831516918,47.0,44.0,50.0,16.0,24.0,1.0,1.0,14.035668847618199,14.035668847618199,15.0,51.0,43.0,44.04543109109048,266.36816626616627,265.31867631209076,253.28442510347926,238.2540660723338
2704,36,2704,0,90.13333333333075,2.23606797749979,101.1236866416568,15.033296378372908,22.02271554554524,25.079872407968907,26.019223662515376,29.068883707497267,68.18357573492314,46.17358552246078,45.0,43.0,48.0,16.5,22.5,1.5,1.5,15.132745950421556,14.0,14.5,51.0,44.0,44.04543109109048,266.42259663924904,266.27053911388697,254.23807739990482,238.20999139414786
2705,36,2705,0,90.1666666666641,5.385164807134504,102.17631819555841,15.033296378372908,23.021728866442675,25.079872407968907,26.076809620810597,27.018512172212592,70.178344238091,47.16990566028302,44.5,42.0,48.0,18.0,25.0,0.0,3.0,14.035668847618199,15.0,15.0,51.0,45.0,43.04648650006177,266.27053911388697,265.228203628498,254.19677417308034,239.2091135387613
2706,36,2706,0,90.19999999999744,14.142135623730951,104.12012293500234,12.041594578792296,22.02271554554524,26.076809620810597,30.01666203960727,25.079872407968907,73.24616030891995,51.24451190127583,44.0,42.0,47.0,19.5,28.5,4.5,6.5,15.132745950421556,15.0,15.0,50.0,44.0,43.01162633521314,266.1879035568671,265.1886121235224,254.159398803192,239.1693960355296
2707,36,2707,0,90.23333333333076,16.1245154965971,103.12128781197411,12.0,22.02271554554524,28.071337695236398,30.01666203960727,24.08318915758459,74.16872656315464,52.15361924162119,44.0,42.0,47.0,20.5,29.5,4.5,8.5,15.132745950421556,15.033296378372908,15.0,50.0,44.0,44.04543109109048,267.1872002922296,265.1207272168662,254.09643838511394,239.10248848558643
2708,36,2708,0,90.2666666666641,14.035668847618199,103.1746092796091,12.041594578792296,23.021728866442675,28.160255680657446,32.0624390837628,23.194827009486403,72.24956747275377,49.25444142409901,42.0,40.0,46.0,20.0,29.0,4.0,7.0,16.0312195418814,15.033296378372908,15.5,51.0,45.0,45.0,266.12027356065903,265.09243670840556,252.07141845120006,239.0522955338434
2709,36,2709,0,90.29999999999742,14.142135623730951,104.23531071570709,12.0,24.020824298928627,29.068883707497267,32.0624390837628,23.194827009486403,73.24616030891995,49.25444142409901,42.0,39.0,46.0,19.5,30.5,4.5,7.5,15.033296378372908,15.0,15.0,50.0,44.0,44.01136216933077,267.2695268825086,266.1879035568671,253.09681941897256,240.10206163213175
2710,36,2710,0,90.33333333333076,14.142135623730951,104.17293314484334,13.038404810405298,23.021728866442675,28.071337695236398,31.064449134018133,22.090722034374522,72.24956747275377,49.25444142409901,42.0,38.0,44.0,19.0,31.0,6.0,6.0,14.035668847618199,15.033296378372908,15.0,50.0,45.0,44.01136216933077,266.1522120892479,265.1207272168662,253.07113624433742,238.0756182392477
2711,36,2711,0,90.36666666666407,16.1245154965971,104.17293314484334,12.041594578792296,24.020824298928627,29.068883707497267,31.064449134018133,24.08318915758459,76.23647421018367,52.23983154643591,44.0,41.0,47.0,20.0,32.0,6.0,8.0,15.033296378372908,15.033296378372908,15.0,51.0,46.0,44.0,267.15164233071823,265.1207272168662,252.04959829366916,238.03361107205006
2712,36,2712,0,90.39999999999742,19.1049731745428,105.11898020814318,12.041594578792296,25.0,29.068883707497267,32.01562118716424,24.186773244895647,80.22468448052632,55.326304774492215,45.5,42.0,47.0,20.5,35.5,8.5,8.5,14.035668847618199,15.033296378372908,14.5,50.0,46.0,44.01136216933077,266.092089322475,265.04716561397146,252.01785651020842,237.00843866833097
2713,36,2713,0,90.43333333333076,20.024984394500787,105.11898020814318,11.045361017187261,24.020824298928627,29.068883707497267,33.015148038438355,24.186773244895647,79.22752047110903,55.226805085936306,45.0,41.0,46.0,19.5,35.5,9.5,8.5,15.033296378372908,15.033296378372908,14.5,50.0,45.0,43.01162633521314,267.0468123756582,265.04716561397146,251.0019920239678,237.00843866833097
2714,36,2714,0,90.46666666666408,16.1245154965971,104.0768946500615,11.0,24.020824298928627,28.071337695236398,32.01562118716424,24.186773244895647,75.23961722390672,51.24451190127583,43.0,40.0,44.0,18.0,33.0,7.0,7.0,15.033296378372908,15.033296378372908,14.5,50.0,45.0,43.01162633521314,267.15164233071823,265.09243670840556,253.00790501484337,238.01890681204299
2715,36,2715,0,90.4999999999974,14.142135623730951,107.11675872616759,13.038404810405298,23.021728866442675,29.068883707497267,32.0624390837628,23.08679276123039,73.24616030891995,50.24937810560445,43.0,39.0,44.0,18.5,31.5,6.5,5.5,14.035668847618199,15.033296378372908,14.5,50.0,45.0,45.0,266.092089322475,265.06791582535976,253.03161857759991,240.03333101883996
2716,36,2716,0,90.53333333333076,15.132745950421556,104.04326023342406,12.041594578792296,23.0,29.068883707497267,32.01562118716424,23.08679276123039,73.17103251970687,50.24937810560445,42.5,39.0,42.0,17.5,32.5,7.5,5.5,8.0,9.055385138137417,8.5,50.0,46.0,44.01136216933077,264.12118430750684,263.0931394012394,252.03174403237384,239.0334704596827
2717,36,2717,0,90.56666666666408,16.1245154965971,105.04284840006957,12.041594578792296,23.021728866442675,28.071337695236398,31.016124838541646,23.08679276123039,74.24284477308234,51.24451190127583,43.0,39.0,42.0,17.5,33.5,8.5,5.5,8.06225774829855,8.0,8.5,49.0,47.0,45.0,265.09243670840556,263.0684321616716,252.01785651020842,239.0083680543424
2718,36,2718,0,90.5999999999974,26.076809620810597,102.00490184299969,11.0,23.021728866442675,29.017236257093817,33.0,24.08318915758459,84.1486779456457,61.1310068623117,48.0,46.0,47.0,22.5,37.5,13.5,11.5,8.06225774829855,8.06225774829855,7.5,50.0,49.0,42.01190307520001,265.0075470623431,262.00763347658403,249.00803199896987,235.00851048419503
2719,36,2719,0,90.63333333333074,28.0178514522438,102.0,11.045361017187261,24.020824298928627,29.017236257093817,33.0,23.08679276123039,86.14522621712709,62.12889826803627,48.0,47.0,47.0,24.0,39.0,14.0,13.0,7.0710678118654755,7.0710678118654755,6.5,49.0,49.0,41.048751503547585,264.0075756488817,263.0304164920856,250.09798079952586,236.10379073619296
2720,36,2720,0,90.66666666666409,25.079872407968907,102.00490184299969,10.0,24.0,28.0178514522438,32.0,24.08318915758459,83.09632964216891,59.135437767890075,46.5,48.0,47.0,23.5,35.5,10.5,13.5,7.0,8.0,8.0,47.0,49.0,43.04648650006177,264.0,263.00760445279906,250.0719896349849,235.07658326596462
2721,36,2721,0,90.6999999999974,19.1049731745428,100.0,11.0,21.02379604162864,28.0178514522438,31.016124838541646,22.090722034374522,73.06161783043132,52.15361924162119,42.5,44.0,44.0,22.0,29.0,6.0,11.0,9.0,10.0,9.5,47.0,49.0,42.1070065428546,264.0075756488817,263.04752422328556,251.127457678367,236.10379073619296
2722,36,2722,0,90.73333333333072,13.152946437965905,100.0,11.0,20.024984394500787,27.018512172212592,30.0,21.02379604162864,65.03076195155643,45.09988913511872,38.5,42.0,42.0,21.0,23.0,2.0,10.0,10.0,11.045361017187261,11.0,47.0,49.0,42.04759208325728,263.04752422328556,264.12118430750684,252.23996511258878,236.30488780387088
2723,36,2723,0,90.76666666666408,9.055385138137417,100.00499987500625,14.0,22.02271554554524,26.0,29.0,20.09975124224178,65.03076195155643,43.104524124504614,38.5,42.0,41.0,21.5,23.5,0.5,8.5,11.0,11.045361017187261,11.0,46.0,49.0,44.01136216933077,266.0676605677586,264.12118430750684,252.1983346495373,235.25730594393875
2724,36,2724,0,90.7999999999974,10.04987562112089,98.00510190801293,14.0,22.02271554554524,27.0,29.0,19.1049731745428,65.03076195155643,43.104524124504614,38.0,42.0,41.0,22.5,23.5,0.5,8.5,12.0,12.041594578792296,12.5,45.0,49.0,43.104524124504614,264.06817301598466,264.12118430750684,252.23996511258878,236.25621684941964
2725,36,2725,0,90.83333333333071,13.152946437965905,96.0,13.0,23.021728866442675,26.019223662515376,28.0,19.1049731745428,68.06614430096654,45.17742799230607,38.5,43.0,43.0,24.0,25.0,0.0,11.0,12.0,12.041594578792296,12.5,46.0,49.0,45.044422518220834,264.06817301598466,264.12118430750684,253.16002844051033,236.21176939348302
2726,36,2726,0,90.86666666666406,21.02379604162864,97.0051545022222,11.0,22.0,25.019992006393608,29.0,20.09975124224178,74.06078584514209,52.08646657242167,41.5,46.0,45.0,25.5,28.5,4.5,14.5,14.0,15.132745950421556,14.5,47.0,49.0,42.04759208325728,263.0684321616716,264.15336454416024,252.1983346495373,234.21357774475842
2727,36,2727,0,90.8999999999974,26.076809620810597,98.02040603874276,10.0,23.021728866442675,27.018512172212592,30.0,21.095023109728988,80.05623023850174,57.14017850864661,44.0,49.0,47.0,27.0,32.0,7.0,17.0,14.0,15.033296378372908,14.5,46.0,49.0,42.04759208325728,263.1216448717209,264.18932605235966,251.3364279208249,232.31013753170566
2728,36,2728,0,90.93333333333072,27.073972741361768,98.02040603874276,11.045361017187261,24.020824298928627,27.018512172212592,30.01666203960727,20.09975124224178,82.02438661763951,58.077534382926416,44.5,48.0,46.0,27.0,35.0,9.0,16.0,14.0,14.035668847618199,14.0,46.0,49.0,45.09988913511872,265.1527861441399,264.2290672882149,251.3364279208249,233.30880823492285
2729,36,2729,0,90.96666666666404,23.08679276123039,97.02061636580135,11.045361017187261,24.020824298928627,26.019223662515376,29.0,21.095023109728988,79.02531240052139,55.08175741568164,43.5,47.0,45.0,25.0,33.0,8.0,14.0,14.035668847618199,15.033296378372908,15.0,46.0,50.0,44.04543109109048,265.09243670840556,264.12118430750684,251.24092023394596,233.25951213187426
2730,36,2730,0,90.9999999999974,23.021728866442675,97.02061636580135,12.0,23.021728866442675,27.018512172212592,30.01666203960727,20.09975124224178,78.02563681252464,55.08175741568164,43.5,47.0,45.0,26.0,32.0,7.0,14.0,15.0,15.132745950421556,15.0,46.0,49.0,42.1070065428546,264.09278672466615,264.15336454416024,250.2418829852429,234.2584043316269
2731,36,2731,0,91.03333333333072,18.027756377319946,95.00526301210897,12.0,25.0,25.019992006393608,29.0,22.02271554554524,77.02596964660685,52.03844732503075,43.0,46.0,45.0,23.5,31.5,5.5,11.5,14.0,15.033296378372908,15.0,46.0,49.0,43.104524124504614,264.09278672466615,264.15336454416024,252.1983346495373,235.2126697267815
2732,36,2732,0,91.06666666666403,14.035668847618199,89.02246907382428,15.0,26.019223662515376,24.0,27.0,21.095023109728988,76.02631123499285,50.08991914547278,43.0,46.0,44.0,24.0,31.0,4.0,10.0,14.035668847618199,15.132745950421556,14.5,47.0,50.0,43.04648650006177,265.03018695990085,264.06817301598466,252.1269521491108,235.1361307838504
2733,36,2733,0,91.09999999999738,14.035668847618199,86.05230967266364,16.0312195418814,26.0,21.0,26.019223662515376,22.090722034374522,78.02563681252464,52.03844732503075,45.0,49.0,46.0,25.5,30.5,3.5,10.5,16.0312195418814,16.0312195418814,16.0,47.0,49.0,43.04648650006177,265.1207272168662,263.1539473388153,250.2418829852429,233.25951213187426
2734,36,2734,0,91.13333333333073,16.0,84.02380615040002,17.0,27.0,22.0,25.019992006393608,23.021728866442675,83.00602387778854,56.00892785976178,48.0,51.0,49.0,27.0,33.0,4.0,11.0,16.0312195418814,16.0312195418814,16.0,48.0,49.0,43.104524124504614,264.06817301598466,265.09243670840556,251.127457678367,233.10512649875378
2735,36,2735,0,91.16666666666404,16.0312195418814,85.00588214941364,17.0,27.0,22.0,26.0,23.021728866442675,83.02409288875127,56.0357029044876,48.0,51.0,50.0,27.5,32.5,3.5,11.5,15.0,16.0312195418814,16.0,47.0,49.0,44.04543109109048,263.1216448717209,263.1216448717209,250.19992006393608,232.2154172315008
2736,36,2736,0,91.19999999999736,18.027756377319946,86.0,15.0,26.0,23.0,26.0,22.02271554554524,81.02468759581859,55.036351623268054,46.0,50.0,50.0,28.0,31.0,3.0,13.0,15.0,15.033296378372908,15.0,47.0,48.0,44.04543109109048,265.03018695990085,265.04716561397146,251.09759058979438,232.07757323791543
2737,36,2737,0,91.2333333333307,17.029386365926403,93.00537618869137,14.0,24.0,25.0,28.0,22.090722034374522,77.05841939723393,53.08483775994799,44.5,49.0,48.0,26.5,28.5,3.5,13.5,17.029386365926403,17.029386365926403,17.0,48.0,49.0,46.04345773288535,264.0170449043016,263.0304164920856,251.07170290576354,232.0538730553748
2738,36,2738,0,91.26666666666404,17.11724276862369,97.0,12.0,22.02271554554524,26.0,29.0,22.090722034374522,73.06161783043132,51.15662224971465,42.5,46.0,46.0,24.0,27.0,3.0,12.0,16.0,16.0312195418814,16.5,48.0,50.0,44.01136216933077,265.01698058803703,264.04734423962685,250.0719896349849,233.0772404161333
2739,36,2739,0,91.29999999999735,17.11724276862369,98.0,11.0,22.0,26.019223662515376,28.0,23.021728866442675,73.06161783043132,51.088159097779204,42.5,44.0,44.0,21.0,29.0,5.0,10.0,16.0312195418814,16.1245154965971,16.0,48.0,49.0,45.0111097397076,265.0075470623431,264.0075756488817,251.03187048659777,235.03404008781365
2740,36,2740,0,91.3333333333307,17.029386365926403,101.0,11.0,22.0,27.0,30.01666203960727,22.090722034374522,72.06247289678588,50.08991914547278,41.5,41.0,41.0,19.0,31.0,7.0,9.0,15.033296378372908,15.132745950421556,15.5,48.0,48.0,43.0,264.0018939326004,264.0075756488817,252.03174403237384,235.05318547086316
2741,36,2741,0,91.36666666666405,16.0312195418814,101.00495037373169,11.0,23.0,27.018512172212592,30.0,22.090722034374522,72.06247289678588,49.09175083453431,41.0,41.0,42.0,19.5,30.5,5.5,8.5,15.0,15.132745950421556,15.0,49.0,49.0,43.01162633521314,265.0075470623431,263.0171097096157,250.04999500099976,234.05341270744162
2742,36,2742,0,91.39999999999736,17.029386365926403,100.00499987500625,11.045361017187261,22.0,27.018512172212592,30.0,21.02379604162864,71.06335201775947,49.09175083453431,40.5,39.0,40.0,18.5,31.5,7.5,7.5,16.0312195418814,16.0312195418814,16.0,48.0,48.0,42.0,264.0,263.0019011338131,250.0079998720041,235.00851048419503
2743,36,2743,0,91.4333333333307,14.142135623730951,101.0,11.0,22.0,27.018512172212592,30.0,23.08679276123039,70.11419257183242,48.16637831516918,41.0,40.0,40.0,17.0,30.0,6.0,6.0,17.029386365926403,17.029386365926403,17.0,48.0,47.0,43.01162633521314,265.0018867857359,265.0018867857359,250.01799935204664,235.01914815605983
2744,36,2744,0,91.46666666666404,14.142135623730951,101.0,11.045361017187261,22.0,27.073972741361768,30.0,23.021728866442675,70.11419257183242,48.16637831516918,41.0,40.0,40.0,17.0,30.0,7.0,6.0,15.033296378372908,15.033296378372908,15.0,48.0,47.0,43.0,265.0018867857359,264.0018939326004,252.01785651020842,237.01898658124415
2745,36,2745,0,91.49999999999736,14.142135623730951,100.0,11.0,22.0,28.0178514522438,30.0,23.08679276123039,70.11419257183242,48.16637831516918,41.0,40.0,40.0,17.0,30.0,7.0,7.0,16.0312195418814,15.033296378372908,15.0,48.0,47.0,44.0,264.0018939326004,264.0018939326004,253.0177859360879,236.01906702637396
2746,36,2746,0,91.53333333333067,14.142135623730951,101.0,11.0,21.0,28.0178514522438,30.0,23.08679276123039,69.1158447825099,48.16637831516918,41.0,40.0,40.0,17.0,29.0,6.0,7.0,15.0,15.132745950421556,15.0,48.0,47.0,42.01190307520001,265.0,264.0,251.00796800101784,235.00851048419503
2747,36,2747,0,91.56666666666402,15.132745950421556,101.00495037373169,11.0,22.0,27.018512172212592,30.0,22.090722034374522,70.11419257183242,48.16637831516918,40.5,39.0,40.0,17.5,30.5,7.5,6.5,16.0312195418814,15.033296378372908,15.5,48.0,47.0,43.01162633521314,265.0018867857359,264.0,252.00793638296395,237.0
2748,36,2748,0,91.59999999999737,15.132745950421556,100.00499987500625,11.0,22.02271554554524,27.0,30.0,22.090722034374522,70.178344238091,48.16637831516918,40.5,39.0,40.0,17.5,30.5,7.5,7.5,16.0312195418814,17.029386365926403,16.5,49.0,48.0,42.01190307520001,265.0075470623431,265.0018867857359,252.00793638296395,236.00211863455803
2749,36,2749,0,91.63333333333068,14.142135623730951,100.00499987500625,12.0,22.02271554554524,27.018512172212592,30.0,22.090722034374522,70.178344238091,48.16637831516918,41.0,40.0,41.0,18.5,29.5,6.5,7.5,17.0,16.0312195418814,16.0,48.0,47.0,43.01162633521314,265.01698058803703,264.0018939326004,251.00796800101784,236.00847442411893
2750,36,2750,0,91.666666666664,15.132745950421556,99.00505037623081,12.0,22.0,27.018512172212592,29.0,22.090722034374522,71.11258679024411,49.16299421312742,41.5,40.0,41.0,18.5,30.5,6.5,7.5,17.029386365926403,16.0312195418814,16.5,48.0,47.0,43.01162633521314,265.0075470623431,264.0018939326004,251.00796800101784,236.00847442411893
2751,36,2751,0,91.69999999999736,17.11724276862369,100.00499987500625,11.0,22.0,27.018512172212592,30.0,23.194827009486403,73.17103251970687,51.24451190127583,42.5,42.0,43.0,19.5,30.5,6.5,9.5,16.0312195418814,16.0312195418814,16.0,48.0,47.0,44.01136216933077,265.03018695990085,264.0075756488817,251.0,236.00211863455803
2752,36,2752,0,91.73333333333068,18.110770276274835,99.02019995940222,12.041594578792296,23.0,27.018512172212592,30.0,22.090722034374522,75.16648189186454,52.23983154643591,43.0,42.0,44.0,21.0,32.0,7.0,10.0,16.0,16.0312195418814,16.0,48.0,47.0,44.01136216933077,265.01698058803703,264.0018939326004,251.0,235.00212764994276
2753,36,2753,0,91.766666666664,19.1049731745428,100.0199980003999,12.0,23.0,27.073972741361768,29.017236257093817,22.20360331117452,76.16429609731846,53.23532661682466,43.5,42.0,44.0,21.0,33.0,9.0,9.0,16.0312195418814,16.0312195418814,16.0,48.0,47.0,44.01136216933077,264.0170449043016,263.00760445279906,251.0019920239678,235.0
2754,36,2754,0,91.79999999999734,22.20360331117452,98.00510190801293,11.0,24.0,27.018512172212592,30.0,22.090722034374522,79.1580697086532,55.226805085936306,44.0,43.0,44.0,21.5,35.5,10.5,10.5,15.033296378372908,16.0312195418814,15.5,48.0,46.0,44.0,265.03018695990085,264.0018939326004,250.00199999200007,235.00212764994276
2755,36,2755,0,91.83333333333069,24.08318915758459,98.00510190801293,11.0,24.0,27.073972741361768,30.0,23.08679276123039,82.09750300709517,58.137767414994535,46.0,45.0,46.0,22.5,36.5,11.5,11.5,15.033296378372908,15.033296378372908,15.0,49.0,46.0,45.0111097397076,266.03007348794233,264.0018939326004,251.0019920239678,235.00851048419503
2756,36,2756,0,91.866666666664,27.073972741361768,99.00505037623081,11.0,23.0,28.0178514522438,31.0,23.194827009486403,84.1486779456457,61.204574992397426,47.5,47.0,48.0,24.5,36.5,12.5,13.5,17.029386365926403,17.029386365926403,16.5,49.0,47.0,45.0,265.0075470623431,263.0019011338131,252.00793638296395,235.00212764994276
2757,36,2757,0,91.89999999999732,29.068883707497267,98.00510190801293,11.0,24.020824298928627,27.073972741361768,31.0,23.08679276123039,87.14355971613737,63.12685640834652,48.5,48.0,49.0,25.5,38.5,13.5,13.5,16.0312195418814,17.0,17.0,48.0,45.0,44.0,265.01698058803703,264.0018939326004,251.00796800101784,234.00854685246006
2758,36,2758,0,91.93333333333068,29.068883707497267,99.0,12.041594578792296,24.0,28.0178514522438,32.0,22.090722034374522,87.14355971613737,63.198101237299845,48.5,48.0,48.0,26.0,39.0,14.0,14.0,16.0,17.029386365926403,16.5,49.0,46.0,44.0,264.0075756488817,264.0,251.01792764661252,234.03418553707064
2759,36,2759,0,91.966666666664,29.154759474226502,101.00495037373169,11.0,24.0,28.071337695236398,31.0,23.08679276123039,87.14355971613737,63.198101237299845,48.5,47.0,48.0,24.5,39.5,14.5,12.5,15.0,16.0,15.5,49.0,46.0,44.0,266.00751869073173,265.0,252.00793638296395,234.00854685246006
2760,36,2760,0,91.99999999999731,32.0624390837628,100.0199980003999,12.0,23.021728866442675,28.071337695236398,31.0,23.194827009486403,90.19977827023745,67.1863081289633,51.0,49.0,51.0,27.0,40.0,15.0,15.0,16.0312195418814,16.0312195418814,16.5,49.0,46.0,43.01162633521314,266.01691675530714,264.0,250.0079998720041,233.0085835328819
2761,36,2761,0,92.03333333333066,33.06055050963308,99.02019995940222,11.045361017187261,24.020824298928627,28.071337695236398,31.0,24.08318915758459,92.19544457292888,68.18357573492314,51.5,50.0,52.0,27.0,41.0,16.0,15.0,15.0,16.0312195418814,16.0,50.0,46.0,43.0,266.0018796926067,264.0018939326004,250.0319979522621,232.01939574095957
2762,36,2762,0,92.066666666664,34.058772731852805,99.02019995940222,11.045361017187261,24.0,28.071337695236398,32.0,24.186773244895647,93.1933474020544,69.26037828369117,52.0,51.0,53.0,28.0,41.0,15.0,17.0,15.033296378372908,15.0,15.0,49.0,46.0,43.0,265.01698058803703,263.0019011338131,250.01799935204664,232.01939574095957
2763,36,2763,0,92.09999999999732,33.13608305156178,101.01980003939822,11.0,25.0,28.071337695236398,31.0,24.186773244895647,93.1933474020544,68.26419266350405,51.5,50.0,52.0,27.0,42.0,16.0,16.0,14.035668847618199,16.0,15.5,49.0,45.0,44.01136216933077,265.04716561397146,264.0170449043016,250.0,234.0
2764,36,2764,0,92.13333333333064,30.066592756745816,100.04498987955368,11.0,26.019223662515376,27.073972741361768,30.01666203960727,25.317977802344327,92.26592003551474,66.27216610312357,51.0,50.0,53.0,26.5,40.5,13.5,15.5,14.035668847618199,15.0,15.0,48.0,45.0,43.0,264.04734423962685,263.0304164920856,250.00199999200007,234.00213674238105
2765,36,2765,0,92.166666666664,19.026297590440446,101.04454463255303,12.041594578792296,23.0,24.08318915758459,28.0178514522438,28.071337695236398,82.09750300709517,59.135437767890075,49.5,47.0,50.0,20.5,33.5,8.5,8.5,14.035668847618199,14.035668847618199,14.5,49.0,45.0,43.0,263.04752422328556,263.0171097096157,251.0019920239678,235.0
2766,36,2766,0,92.19999999999732,3.0,102.0196059588548,15.033296378372908,22.02271554554524,24.020824298928627,25.0,31.016124838541646,71.06335201775947,49.040799340956916,47.5,46.0,48.0,16.0,24.0,1.0,2.0,15.033296378372908,14.0,14.5,48.0,45.0,44.01136216933077,265.04716561397146,264.0170449043016,252.00793638296395,236.00211863455803
2767,36,2767,0,92.23333333333063,1.0,101.01980003939822,15.0,22.0,24.020824298928627,26.0,31.016124838541646,68.0294054067798,46.04345773288535,46.0,46.0,48.0,16.0,21.0,3.0,1.0,14.035668847618199,14.0,14.5,49.0,45.0,44.01136216933077,264.04734423962685,265.01698058803703,253.00197627686626,236.00211863455803
2768,36,2768,0,92.26666666666398,2.23606797749979,103.01941564578979,16.0312195418814,22.0,26.019223662515376,27.0,30.01666203960727,70.06425622241343,48.093658625644196,47.0,47.0,49.0,18.0,22.0,2.0,3.0,14.142135623730951,14.0,14.0,48.0,44.0,44.01136216933077,263.0684321616716,263.0304164920856,252.00793638296395,237.00843866833097
2769,36,2769,0,92.29999999999733,17.11724276862369,101.04454463255303,14.0,22.0,26.019223662515376,28.0,26.076809620810597,79.1012010022604,57.14017850864661,48.5,46.0,49.0,21.5,31.5,7.5,7.5,14.035668847618199,15.033296378372908,15.0,50.0,45.0,44.01136216933077,264.09278672466615,265.03018695990085,252.00793638296395,236.00847442411893
2770,36,2770,0,92.33333333333064,26.019223662515376,100.07996802557443,11.045361017187261,24.0,27.073972741361768,30.01666203960727,24.08318915758459,85.09406559801923,61.1310068623117,48.0,48.0,52.0,26.0,35.0,10.0,14.0,13.038404810405298,15.0,14.5,50.0,45.0,43.01162633521314,265.09243670840556,264.04734423962685,252.00793638296395,235.00851048419503
2771,36,2771,0,92.36666666666396,19.1049731745428,100.04498987955368,11.0,23.021728866442675,28.0178514522438,31.016124838541646,23.08679276123039,76.16429609731846,53.150729063673246,43.5,45.0,48.0,23.5,29.5,5.5,12.5,14.035668847618199,15.0,14.5,49.0,44.0,44.01136216933077,265.09243670840556,265.04716561397146,252.00793638296395,236.00211863455803
2772,36,2772,0,92.3999999999973,9.219544457292887,100.07996802557443,14.0,22.0,27.073972741361768,30.01666203960727,22.20360331117452,67.1863081289633,45.27692569068709,40.5,42.0,46.0,22.0,23.0,1.0,8.0,15.033296378372908,15.0,14.5,51.0,46.0,43.01162633521314,264.12118430750684,264.09278672466615,253.03161857759991,237.03375287076733
2773,36,2773,0,92.43333333333064,7.280109889280518,100.07996802557443,14.0,21.02379604162864,28.071337695236398,30.01666203960727,23.08679276123039,65.19202405202648,44.181444068749045,40.5,42.0,46.0,21.0,21.0,2.0,7.0,15.033296378372908,14.0,14.5,50.0,45.0,43.01162633521314,265.1527861441399,266.0676605677586,254.03149411047443,237.03375287076733
2774,36,2774,0,92.46666666666395,11.180339887498949,99.08077512817509,13.038404810405298,22.0,28.071337695236398,31.016124838541646,22.090722034374522,68.18357573492314,46.2709412050371,40.5,42.0,46.0,22.0,24.0,0.0,9.0,14.035668847618199,14.0,14.0,50.0,44.0,44.01136216933077,266.1522120892479,264.12118430750684,252.07141845120006,236.07625886564705
2775,36,2775,0,92.4999999999973,21.095023109728988,100.0199980003999,12.0,23.0,29.068883707497267,32.01562118716424,22.20360331117452,78.16009211867653,55.226805085936306,44.5,45.0,47.0,24.0,32.0,7.0,12.0,15.033296378372908,15.0,14.5,50.0,45.0,41.0,266.092089322475,264.04734423962685,252.00793638296395,235.00851048419503
2776,36,2776,0,92.53333333333065,22.02271554554524,101.01980003939822,12.041594578792296,23.0,30.066592756745816,32.0,22.20360331117452,79.1580697086532,56.22277118748239,45.0,45.0,47.0,24.0,33.0,8.0,12.0,15.033296378372908,16.0,15.5,50.0,45.0,44.0,266.092089322475,264.04734423962685,251.01792764661252,235.00851048419503
2777,36,2777,0,92.56666666666396,22.20360331117452,102.07840124139877,12.0,23.0,30.066592756745816,33.06055050963308,21.213203435596427,78.23042886243178,55.326304774492215,44.0,42.0,46.0,23.0,34.0,9.0,11.0,9.0,10.0,10.0,51.0,46.0,44.01136216933077,265.228203628498,264.12118430750684,251.04979585731593,236.07625886564705
2778,36,2778,0,92.5999999999973,21.095023109728988,103.04368005850722,11.0,23.0,29.017236257093817,33.015148038438355,22.20360331117452,77.1621668954417,54.230987451824994,43.5,42.0,45.0,21.5,33.5,8.5,10.5,6.0,7.0710678118654755,7.0,51.0,47.0,41.0,263.0931394012394,261.0689564080724,251.00796800101784,237.00843866833097
2779,36,2779,0,92.63333333333064,22.02271554554524,103.04368005850722,12.041594578792296,22.02271554554524,30.066592756745816,33.015148038438355,22.20360331117452,78.23042886243178,56.22277118748239,45.0,43.0,46.0,22.5,33.5,9.5,10.5,8.0,8.06225774829855,8.0,51.0,46.0,42.0,264.15336454416024,262.0934947685654,251.03187048659777,236.01906702637396
2780,36,2780,0,92.66666666666396,21.095023109728988,103.07764064044152,11.0,23.021728866442675,30.066592756745816,33.015148038438355,22.20360331117452,77.23341245859851,54.230987451824994,43.5,42.0,46.0,22.0,33.0,8.0,10.0,6.0,7.280109889280518,6.5,51.0,47.0,42.0,265.09243670840556,262.0686932847951,249.0321264415497,236.03389587091087
2781,36,2781,0,92.69999999999727,19.1049731745428,104.04326023342406,11.0,23.021728866442675,28.071337695236398,33.015148038438355,22.090722034374522,75.16648189186454,52.15361924162119,42.5,41.0,44.0,20.5,32.5,7.5,8.5,10.0,10.0,9.5,51.0,45.0,44.0,266.1522120892479,265.06791582535976,253.00790501484337,239.0083680543424
2782,36,2782,0,92.73333333333062,16.1245154965971,105.07616285342742,12.0,23.021728866442675,29.068883707497267,33.015148038438355,22.20360331117452,73.24616030891995,50.24937810560445,42.0,39.0,43.0,19.0,32.0,7.0,7.0,12.0,12.0,11.5,51.0,45.0,43.0,266.1522120892479,265.09243670840556,253.03161857759991,239.0188277102873
2783,36,2783,0,92.76666666666397,15.132745950421556,104.04326023342406,13.0,22.02271554554524,29.068883707497267,32.01562118716424,22.20360331117452,72.24956747275377,50.24937810560445,42.5,40.0,43.0,19.5,30.5,6.5,6.5,12.041594578792296,12.0,12.0,51.0,45.0,42.0,265.1527861441399,264.06817301598466,252.01785651020842,239.0083680543424
2784,36,2784,0,92.79999999999728,14.317821063276353,105.07616285342742,12.041594578792296,22.02271554554524,29.068883707497267,31.016124838541646,23.08679276123039,71.34423592694787,49.36598018878993,42.0,40.0,44.0,19.0,29.0,6.0,7.0,13.038404810405298,13.0,13.0,51.0,46.0,43.0,266.1522120892479,264.09278672466615,252.04959829366916,238.03361107205006
2785,36,2785,0,92.8333333333306,14.317821063276353,106.07544484940895,13.038404810405298,23.021728866442675,29.068883707497267,32.01562118716424,23.08679276123039,73.33484846919642,50.35871324805669,43.0,41.0,45.0,20.0,30.0,5.0,7.0,13.038404810405298,13.0,13.0,50.0,45.0,42.0,266.12027356065903,265.06791582535976,253.0177859360879,239.0188277102873
2786,36,2786,0,92.86666666666396,16.1245154965971,105.07616285342742,12.041594578792296,23.021728866442675,29.068883707497267,32.01562118716424,23.08679276123039,74.24284477308234,51.24451190127583,43.0,41.0,45.0,20.0,31.0,6.0,8.0,13.038404810405298,13.0,13.0,50.0,45.0,42.01190307520001,266.1879035568671,265.1207272168662,254.04920783186867,239.0522955338434
2787,36,2787,0,92.89999999999728,23.194827009486403,102.07840124139877,12.041594578792296,25.019992006393608,29.068883707497267,33.0,23.08679276123039,83.2946576918352,58.309518948453004,46.5,45.0,49.0,24.0,36.0,10.0,12.0,14.035668847618199,14.0,14.0,51.0,46.0,43.0,266.12027356065903,264.09278672466615,251.03187048659777,237.03375287076733
2788,36,2788,0,92.9333333333306,33.06055050963308,99.08077512817509,12.0,25.019992006393608,29.017236257093817,33.015148038438355,23.345235059857504,93.26306878931231,68.26419266350405,51.5,50.0,54.0,29.0,41.0,14.0,17.0,15.033296378372908,14.0,14.0,51.0,46.0,43.0,265.1886121235224,263.1539473388153,251.04979585731593,234.05341270744162
2789,36,2789,0,92.96666666666394,33.06055050963308,100.04498987955368,12.041594578792296,26.0,29.017236257093817,33.015148038438355,22.20360331117452,93.1933474020544,67.26812023536856,50.5,49.0,52.0,28.5,42.5,15.5,16.5,14.035668847618199,14.0,14.0,50.0,45.0,44.0,265.1886121235224,264.12118430750684,251.07170290576354,233.0772404161333
2790,36,2790,0,92.99999999999729,38.05259518088089,98.12746812182611,12.041594578792296,26.019223662515376,28.071337695236398,33.015148038438355,22.20360331117452,98.2496819333274,72.24956747275377,53.0,51.0,56.0,31.5,44.5,16.5,18.5,15.033296378372908,16.0,16.0,52.0,46.0,44.01136216933077,267.15164233071823,264.09278672466615,250.01799935204664,232.03448019637082
2791,36,2791,0,93.0333333333306,39.05124837953327,96.08329719571451,12.041594578792296,26.076809620810597,29.068883707497267,32.01562118716424,22.20360331117452,99.32270636667126,73.24616030891995,53.5,52.0,56.0,32.0,45.0,17.0,19.0,15.033296378372908,15.0,14.5,52.0,46.0,43.01162633521314,265.1527861441399,263.1216448717209,250.0719896349849,233.0772404161333
2792,36,2792,0,93.06666666666392,37.05401462729781,98.18350166906862,12.041594578792296,25.019992006393608,29.017236257093817,34.0147027033899,23.194827009486403,97.25224933131366,72.24956747275377,53.5,51.0,57.0,31.0,43.0,16.0,19.0,15.033296378372908,15.0,15.0,51.0,45.0,43.01162633521314,265.1886121235224,263.1539473388153,250.09798079952586,232.1055794245369
2793,36,2793,0,93.09999999999728,35.12833614050059,97.082439194738,12.0,25.019992006393608,29.068883707497267,33.015148038438355,23.194827009486403,95.25754563287887,70.25667228100119,52.5,51.0,55.0,30.0,42.0,16.0,18.0,15.033296378372908,16.0,15.5,51.0,45.0,45.0111097397076,266.1522120892479,264.09278672466615,251.03187048659777,233.03433223454437
2794,36,2794,0,93.1333333333306,32.0624390837628,97.082439194738,10.04987562112089,24.020824298928627,29.068883707497267,33.015148038438355,22.360679774997898,88.36288813749809,64.38167441127949,48.0,47.0,51.0,27.0,39.0,14.0,16.0,15.033296378372908,16.0312195418814,16.0,51.0,45.0,45.0,266.2273464541162,264.15336454416024,251.09759058979438,233.0772404161333
2795,36,2795,0,93.16666666666391,27.16615541441225,99.08077512817509,11.0,24.020824298928627,28.071337695236398,32.0,23.194827009486403,85.28774824088158,61.29437168288782,47.5,45.0,49.0,24.0,38.0,13.0,13.0,16.0312195418814,16.0,16.0,51.0,45.0,43.01162633521314,266.2273464541162,264.15336454416024,251.09759058979438,234.13671220037236
2796,36,2796,0,93.19999999999726,23.194827009486403,100.07996802557443,11.0,23.021728866442675,28.071337695236398,32.0,22.20360331117452,79.30952023559341,56.32051136131489,44.5,43.0,47.0,23.0,34.0,9.0,12.0,15.033296378372908,16.0,15.5,51.0,46.0,43.01162633521314,267.15164233071823,264.12118430750684,251.03187048659777,235.05318547086316
2797,36,2797,0,93.2333333333306,25.179356624028344,100.07996802557443,11.0,24.0,29.068883707497267,32.0,22.20360331117452,82.21921916437786,58.309518948453004,45.5,43.0,47.0,23.0,37.0,12.0,12.0,16.0312195418814,15.0,15.0,51.0,45.0,43.01162633521314,267.15164233071823,265.09243670840556,252.03174403237384,235.03404008781365
2798,36,2798,0,93.26666666666392,26.076809620810597,99.08077512817509,11.045361017187261,23.021728866442675,28.0178514522438,32.0,22.20360331117452,82.29823813423954,59.30430001273095,46.0,43.0,47.0,23.0,37.0,12.0,12.0,15.132745950421556,16.0,15.5,51.0,44.0,43.01162633521314,266.2273464541162,264.15336454416024,250.0719896349849,234.07691043757393
2799,36,2799,0,93.29999999999724,30.14962686336267,99.08077512817509,11.0,24.020824298928627,29.017236257093817,33.0,22.20360331117452,87.28115489611719,63.28506932918696,48.0,45.0,49.0,25.0,40.0,14.0,14.0,15.132745950421556,16.0,16.0,51.0,45.0,43.01162633521314,266.2273464541162,264.18932605235966,249.09837414162303,233.13729860320507
2800,36,2800,0,93.3333333333306,35.014282800023196,99.12618221237011,11.045361017187261,25.019992006393608,28.071337695236398,33.015148038438355,22.20360331117452,93.1933474020544,68.18357573492314,50.5,47.0,52.0,27.5,43.5,16.5,15.5,15.033296378372908,16.0,16.0,52.0,46.0,44.01136216933077,267.22649569232465,264.18932605235966,249.09837414162303,232.13789005675054
2801,36,2801,0,93.36666666666392,38.05259518088089,99.12618221237011,11.045361017187261,24.08318915758459,29.068883707497267,34.0147027033899,22.090722034374522,95.25754563287887,71.17583859709698,52.0,49.0,54.0,29.5,43.5,17.5,17.5,15.033296378372908,15.0,15.0,51.0,45.0,43.01162633521314,266.27053911388697,264.2290672882149,250.12796724876648,232.17450333746814
2802,36,2802,0,93.39999999999723,35.05709628591621,101.1236866416568,12.0,25.019992006393608,28.160255680657446,32.01562118716424,23.08679276123039,95.13148795220224,70.11419257183242,52.5,48.0,53.0,27.5,44.5,17.5,14.5,15.132745950421556,15.0,15.5,51.0,44.0,42.1070065428546,265.228203628498,265.228203628498,252.1983346495373,235.2126697267815
2803,36,2803,0,93.43333333333058,31.064449134018133,102.17631819555841,12.041594578792296,25.019992006393608,29.068883707497267,32.01562118716424,24.08318915758459,92.19544457292888,67.1863081289633,51.5,47.0,53.0,26.0,42.0,14.0,14.0,15.132745950421556,16.0,16.0,51.0,45.0,43.04648650006177,266.1879035568671,265.1207272168662,251.07170290576354,235.07658326596462
2804,36,2804,0,93.46666666666393,30.14962686336267,101.1236866416568,12.0,25.019992006393608,28.071337695236398,32.01562118716424,23.194827009486403,90.27181176868004,65.27633568147036,50.0,46.0,51.0,25.5,41.5,14.5,13.5,15.132745950421556,16.0,16.0,52.0,46.0,43.01162633521314,267.22649569232465,265.1886121235224,250.09798079952586,234.10467744152402
2805,36,2805,0,93.49999999999724,10.04987562112089,101.07917688624102,15.033296378372908,24.020824298928627,23.021728866442675,27.018512172212592,28.0178514522438,77.10382610480494,53.08483775994799,48.0,44.0,48.0,18.0,31.0,6.0,3.0,15.132745950421556,15.033296378372908,15.5,51.0,46.0,45.0111097397076,263.1900454044567,264.15336454416024,254.159398803192,238.1344158243407
2806,36,2806,0,93.53333333333056,2.23606797749979,102.04410811016969,15.033296378372908,22.02271554554524,24.020824298928627,26.019223662515376,31.064449134018133,70.178344238091,48.16637831516918,47.0,45.0,48.0,15.5,23.5,0.5,0.5,15.033296378372908,15.0,15.5,50.0,44.0,45.0111097397076,265.27155897306443,264.15336454416024,253.09681941897256,237.10335299189677
2807,36,2807,0,93.5666666666639,2.23606797749979,101.07917688624102,16.0,21.02379604162864,24.020824298928627,26.019223662515376,29.068883707497267,67.1863081289633,46.17358552246078,45.5,44.0,48.0,17.0,21.0,2.0,2.0,14.142135623730951,15.0,15.0,51.0,45.0,46.04345773288535,267.22649569232465,264.18932605235966,253.16002844051033,238.1344158243407
2808,36,2808,0,93.59999999999724,2.8284271247461903,101.07917688624102,16.0,24.020824298928627,25.079872407968907,27.073972741361768,27.16615541441225,69.26037828369117,45.27692569068709,44.0,44.0,48.0,19.0,23.0,2.0,3.0,14.035668847618199,14.0,14.5,51.0,44.0,47.01063709417264,266.3174797117155,266.2273464541162,253.16002844051033,238.1344158243407
2809,36,2809,0,93.63333333333055,9.219544457292887,103.12128781197411,14.0,23.021728866442675,26.076809620810597,29.068883707497267,25.179356624028344,71.25307010929424,48.25971404805462,43.5,43.0,48.0,20.5,25.5,0.5,6.5,14.142135623730951,15.0,15.0,52.0,45.0,44.01136216933077,265.31867631209076,265.228203628498,254.159398803192,238.1344158243407
2810,36,2810,0,93.6666666666639,9.219544457292887,103.1746092796091,14.035668847618199,21.02379604162864,25.079872407968907,28.071337695236398,25.179356624028344,69.35416353759881,48.373546489791295,43.5,42.0,48.0,20.0,24.0,1.0,6.0,14.035668847618199,15.0,15.0,52.0,45.0,43.0,265.27155897306443,264.18932605235966,253.09681941897256,238.05251521460553
2811,36,2811,0,93.69999999999725,17.11724276862369,104.30723848324239,12.041594578792296,24.020824298928627,29.154759474226502,32.0624390837628,23.194827009486403,76.32168761236873,52.3450093132096,43.5,42.0,50.0,23.0,30.0,4.0,10.0,14.142135623730951,16.0,15.5,52.0,44.0,44.01136216933077,265.42418879973997,264.3709515056448,251.2866888635369,237.25513693068902
2812,36,2812,0,93.73333333333056,17.26267650163207,105.38500842150178,12.041594578792296,24.020824298928627,29.154759474226502,32.14031735997639,22.20360331117452,75.4254598925323,51.478150704935004,42.5,40.0,49.0,22.5,30.5,4.5,9.5,15.132745950421556,16.0,16.0,53.0,46.0,44.0,266.48076853686837,265.3695536417092,253.28442510347926,238.2540660723338
2813,36,2813,0,93.7666666666639,17.26267650163207,106.38138934982942,12.041594578792296,24.020824298928627,30.14962686336267,33.06055050963308,22.20360331117452,75.4254598925323,51.478150704935004,42.5,38.0,47.0,20.5,32.5,5.5,7.5,15.033296378372908,15.0,15.0,53.0,46.0,44.0,266.48076853686837,265.48257946614876,253.33377192944488,238.30232898568156
2814,36,2814,0,93.79999999999724,16.278820596099706,106.47065323364932,12.041594578792296,23.08679276123039,29.154759474226502,33.13608305156178,22.20360331117452,73.55270219373317,50.48762224545735,42.0,37.0,47.0,20.0,31.0,5.0,7.0,15.132745950421556,16.0,16.0,53.0,45.0,45.0111097397076,265.5447231635379,265.48257946614876,253.38705570727168,238.41140912296962
2815,36,2815,0,93.83333333333056,16.1245154965971,105.23307464861035,12.041594578792296,23.08679276123039,30.14962686336267,32.0624390837628,22.20360331117452,73.43704787094863,50.35871324805669,42.0,39.0,46.0,20.5,30.5,5.5,7.5,14.035668847618199,15.0,15.0,54.0,46.0,45.0111097397076,265.6106172576691,265.48257946614876,254.3855341799136,240.29981273400944
2816,36,2816,0,93.86666666666387,16.1245154965971,105.30432089900205,12.041594578792296,22.090722034374522,30.14962686336267,34.058772731852805,22.360679774997898,72.56031973468694,50.48762224545735,42.0,37.0,45.0,19.0,31.0,6.0,6.0,14.142135623730951,15.0,15.5,54.0,45.0,44.01136216933077,265.6106172576691,264.48440407706465,253.4442739538615,239.40969069776602
2817,36,2817,0,93.89999999999722,15.132745950421556,105.38500842150178,12.041594578792296,23.08679276123039,29.068883707497267,32.0624390837628,23.194827009486403,73.43704787094863,50.35871324805669,42.5,37.0,46.0,18.5,31.5,5.5,6.5,15.132745950421556,15.033296378372908,15.0,53.0,44.0,44.10215414239989,265.42418879973997,265.42418879973997,255.44079548889601,240.40798655618744
2818,36,2818,0,93.93333333333057,17.11724276862369,104.30723848324239,12.041594578792296,24.08318915758459,30.14962686336267,32.0624390837628,21.095023109728988,74.33034373659252,50.24937810560445,41.5,37.0,45.0,20.0,33.0,6.0,7.0,15.297058540778355,15.033296378372908,15.0,53.0,45.0,44.10215414239989,266.42259663924904,265.42418879973997,253.33377192944488,240.40798655618744
2819,36,2819,0,93.96666666666388,16.278820596099706,104.38869670610895,12.041594578792296,23.08679276123039,29.154759474226502,32.0624390837628,23.194827009486403,74.54528824815154,51.478150704935004,43.0,38.0,47.0,19.5,31.5,5.5,7.5,15.132745950421556,15.033296378372908,15.0,54.0,46.0,45.044422518220834,266.48076853686837,265.3695536417092,253.28442510347926,238.2540660723338
2820,36,2820,0,93.9999999999972,22.090722034374522,103.31021246711285,11.045361017187261,23.08679276123039,29.154759474226502,32.0624390837628,23.345235059857504,79.51100552753688,56.43580423808985,45.0,41.0,49.0,22.0,34.0,8.0,10.0,15.132745950421556,16.0312195418814,16.0,54.0,44.0,42.01190307520001,266.54267950930483,265.48257946614876,253.38705570727168,237.41314201197878
2821,36,2821,0,94.03333333333056,25.179356624028344,101.40019723846694,12.041594578792296,24.020824298928627,29.154759474226502,33.13608305156178,22.20360331117452,83.38465086573187,59.413803110051795,46.5,42.0,51.0,24.5,36.5,9.5,11.5,16.278820596099706,15.0,15.5,54.0,45.0,45.09988913511872,266.54267950930483,265.6106172576691,252.57276179350774,237.60892239139505
2822,36,2822,0,94.06666666666388,29.154759474226502,101.40019723846694,12.041594578792296,24.08318915758459,29.068883707497267,33.06055050963308,22.20360331117452,87.46427842267951,63.387695966961914,48.5,43.0,52.0,25.5,39.5,12.5,13.5,15.132745950421556,16.0,16.0,55.0,46.0,44.04543109109048,267.6060537431842,265.5447231635379,251.44780770569466,234.48027635602958
2823,36,2823,0,94.0999999999972,33.13608305156178,99.32270636667126,11.045361017187261,25.019992006393608,30.066592756745816,35.05709628591621,23.194827009486403,92.34717104492157,67.36467917239716,50.5,46.0,54.0,27.0,42.0,15.0,15.0,15.132745950421556,15.0,15.0,54.0,45.0,45.044422518220834,266.48076853686837,263.48624252510797,250.3377718203947,234.4184293096428
2824,36,2824,0,94.13333333333054,33.06055050963308,102.3132444994293,11.045361017187261,24.020824298928627,30.14962686336267,34.058772731852805,23.194827009486403,91.26883367283708,67.26812023536856,50.5,45.0,53.0,26.0,42.0,15.0,14.0,15.132745950421556,14.0,14.5,54.0,45.0,44.10215414239989,265.5447231635379,264.5467822522134,252.50742563338608,235.54405108174564
2825,36,2825,0,94.16666666666389,29.154759474226502,101.31633629380802,11.045361017187261,24.020824298928627,31.144823004794873,35.12833614050059,23.194827009486403,87.36704184073076,63.387695966961914,48.5,43.0,51.0,24.0,40.0,13.0,12.0,15.132745950421556,15.033296378372908,15.0,55.0,45.0,45.044422518220834,266.60832695172894,264.5467822522134,249.45139807184887,235.54405108174564
2826,36,2826,0,94.1999999999972,25.179356624028344,105.38500842150178,12.041594578792296,23.021728866442675,31.144823004794873,34.132096331752024,22.090722034374522,82.29823813423954,59.30430001273095,46.5,39.0,48.0,21.5,38.5,12.5,9.5,15.033296378372908,15.0,14.5,55.0,46.0,43.04648650006177,267.47897113605023,265.42418879973997,250.28783430282823,235.30618351416098
2827,36,2827,0,94.23333333333052,23.08679276123039,105.30432089900205,11.045361017187261,24.020824298928627,30.14962686336267,34.058772731852805,22.20360331117452,80.30566605165541,56.32051136131489,44.5,38.0,46.0,20.0,38.0,11.0,8.0,14.142135623730951,14.0,14.0,55.0,45.0,44.10215414239989,267.54065111679756,265.42418879973997,252.28555249954366,236.35777964771967
2828,36,2828,0,94.26666666666388,21.095023109728988,105.38500842150178,10.04987562112089,23.08679276123039,30.14962686336267,33.06055050963308,23.194827009486403,77.41446893184762,54.3323108288245,43.5,37.0,46.0,18.5,35.5,9.5,7.5,15.033296378372908,15.0,15.0,54.0,45.0,44.04543109109048,266.60832695172894,265.6106172576691,252.44603383693712,236.47621444872632
2829,36,2829,0,94.2999999999972,19.235384061671343,106.30145812734649,11.045361017187261,23.021728866442675,30.066592756745816,34.058772731852805,23.194827009486403,76.4198926981712,53.46026561849464,43.5,37.0,45.0,18.0,35.0,10.0,7.0,14.142135623730951,15.0,15.0,55.0,46.0,43.04648650006177,267.54065111679756,266.54267950930483,254.3855341799136,237.41314201197878
2830,36,2830,0,94.33333333333051,17.26267650163207,105.30432089900205,11.045361017187261,23.08679276123039,30.066592756745816,34.058772731852805,22.090722034374522,73.43704787094863,50.35871324805669,41.5,35.0,43.0,17.0,34.0,9.0,6.0,15.033296378372908,14.0,14.5,55.0,46.0,43.04648650006177,267.54065111679756,266.48076853686837,254.3855341799136,239.35329536064467
2831,36,2831,0,94.36666666666386,15.132745950421556,105.30432089900205,11.045361017187261,22.090722034374522,29.154759474226502,32.0624390837628,22.20360331117452,70.45565981523414,48.373546489791295,40.5,33.0,41.0,15.0,33.0,8.0,3.0,15.132745950421556,15.0,15.0,54.0,45.0,43.01162633521314,267.54065111679756,265.48257946614876,253.38705570727168,239.30106560565082
2832,36,2832,0,94.3999999999972,15.132745950421556,105.30432089900205,10.04987562112089,22.090722034374522,30.066592756745816,33.06055050963308,23.194827009486403,70.45565981523414,48.373546489791295,40.5,33.0,41.0,14.0,33.0,8.0,4.0,15.132745950421556,15.0,15.0,55.0,46.0,44.01136216933077,267.54065111679756,266.48076853686837,254.2833065696606,239.30106560565082
2833,36,2833,0,94.43333333333052,16.1245154965971,105.30432089900205,10.04987562112089,22.090722034374522,30.14962686336267,33.06055050963308,23.194827009486403,71.449282711585,49.36598018878993,41.0,33.0,41.0,14.0,34.0,9.0,3.0,15.132745950421556,14.0,14.5,55.0,46.0,43.04648650006177,267.47897113605023,265.48257946614876,253.38705570727168,239.47024867402632
2834,36,2834,0,94.46666666666384,17.11724276862369,104.30723848324239,10.04987562112089,23.021728866442675,29.154759474226502,33.06055050963308,23.194827009486403,73.33484846919642,50.35871324805669,41.5,34.0,42.0,15.0,35.0,9.0,4.0,15.132745950421556,14.0,14.5,54.0,46.0,44.01136216933077,268.47718711279737,265.42418879973997,253.38705570727168,238.41140912296962
2835,36,2835,0,94.4999999999972,17.11724276862369,106.38138934982942,10.04987562112089,23.021728866442675,30.066592756745816,33.13608305156178,23.194827009486403,73.33484846919642,50.35871324805669,41.5,34.0,43.0,15.5,34.5,9.5,5.5,15.033296378372908,15.0,15.5,54.0,46.0,43.04648650006177,268.47718711279737,265.48257946614876,253.38705570727168,238.47222060441337
2836,36,2836,0,94.53333333333052,18.110770276274835,105.30432089900205,10.04987562112089,23.08679276123039,29.154759474226502,33.06055050963308,23.194827009486403,74.43117626371358,51.35172830587107,42.0,35.0,43.0,16.0,35.0,9.0,5.0,15.132745950421556,16.0,15.5,54.0,45.0,43.01162633521314,268.5386378158644,265.5447231635379,253.38705570727168,238.41140912296962
2837,36,2837,0,94.56666666666383,16.278820596099706,105.30432089900205,10.04987562112089,22.02271554554524,28.160255680657446,31.064449134018133,22.20360331117452,70.45565981523414,48.507731342539614,40.0,33.0,41.0,15.0,33.0,8.0,4.0,15.033296378372908,15.0,15.0,54.0,46.0,42.01190307520001,268.47718711279737,267.47897113605023,253.33377192944488,238.3547775900454
2838,36,2838,0,94.59999999999718,13.152946437965905,104.17293314484334,11.045361017187261,20.024984394500787,29.068883707497267,31.064449134018133,23.194827009486403,67.36467917239716,47.38143096192854,40.5,34.0,40.0,14.0,30.0,7.0,3.0,15.132745950421556,15.0,15.0,54.0,46.0,42.0,266.54267950930483,265.48257946614876,253.33377192944488,238.3547775900454
2839,36,2839,0,94.63333333333053,9.219544457292887,103.31021246711285,11.045361017187261,21.095023109728988,28.071337695236398,31.064449134018133,24.186773244895647,65.49045732013177,44.40720662234904,39.5,33.0,41.0,13.0,28.0,4.0,2.0,15.132745950421556,15.0,15.0,53.0,45.0,44.01136216933077,266.42259663924904,265.48257946614876,253.38705570727168,237.47420912595962
2840,36,2840,0,94.66666666666384,12.36931687685298,103.31021246711285,11.045361017187261,21.095023109728988,28.160255680657446,31.064449134018133,23.194827009486403,67.60177512462228,46.52956049652737,40.0,34.0,42.0,15.0,29.0,5.0,3.0,15.132745950421556,15.0,15.0,54.0,46.0,42.01190307520001,266.54267950930483,264.48440407706465,252.38858928247924,236.5417510715603
2841,36,2841,0,94.69999999999716,15.297058540778355,102.23991392797629,11.045361017187261,21.02379604162864,29.068883707497267,32.0624390837628,23.194827009486403,70.45565981523414,49.49747468305833,41.5,35.0,42.0,15.5,31.5,7.5,4.5,16.1245154965971,14.0,14.5,53.0,45.0,42.01190307520001,266.48076853686837,264.3709515056448,253.33377192944488,236.30488780387088
2842,36,2842,0,94.7333333333305,18.24828759089466,102.3132444994293,11.045361017187261,23.021728866442675,29.154759474226502,32.14031735997639,22.20360331117452,74.43117626371358,51.478150704935004,42.0,36.0,44.0,18.0,34.0,8.0,6.0,16.1245154965971,16.0,16.0,53.0,45.0,43.04648650006177,266.48076853686837,265.48257946614876,252.38858928247924,237.41314201197878
2843,36,2843,0,94.76666666666384,18.110770276274835,102.23991392797629,10.04987562112089,22.090722034374522,30.14962686336267,32.0624390837628,23.194827009486403,73.43704787094863,51.35172830587107,42.0,36.0,43.0,16.5,33.5,8.5,5.5,15.033296378372908,15.033296378372908,15.5,54.0,45.0,43.04648650006177,267.47897113605023,265.42418879973997,252.28555249954366,237.35627229968034
2844,36,2844,0,94.79999999999715,17.11724276862369,103.31021246711285,10.04987562112089,22.090722034374522,30.14962686336267,33.06055050963308,23.194827009486403,72.44308110509934,50.35871324805669,41.5,35.0,43.0,16.0,33.0,8.0,5.0,15.132745950421556,15.0,15.0,52.0,44.0,44.04543109109048,265.42418879973997,265.42418879973997,252.33509466580347,237.41314201197878
2845,36,2845,0,94.8333333333305,17.11724276862369,102.23991392797629,11.045361017187261,21.095023109728988,29.068883707497267,32.0624390837628,22.20360331117452,71.449282711585,50.35871324805669,41.5,35.0,42.0,16.5,32.5,8.5,5.5,16.1245154965971,15.0,15.5,53.0,45.0,43.01162633521314,266.48076853686837,264.48440407706465,252.38858928247924,236.4148895480147
2846,36,2846,0,94.86666666666385,15.297058540778355,102.23991392797629,11.045361017187261,21.02379604162864,29.154759474226502,32.0624390837628,23.194827009486403,70.45565981523414,49.49747468305833,41.5,35.0,42.0,15.5,31.5,7.5,4.5,15.033296378372908,15.0,15.0,53.0,45.0,43.04648650006177,266.48076853686837,265.42418879973997,253.33377192944488,239.35329536064467
2847,36,2847,0,94.89999999999716,15.132745950421556,103.23759005323593,11.045361017187261,22.02271554554524,28.160255680657446,32.0624390837628,23.345235059857504,71.449282711585,49.49747468305833,41.5,36.0,43.0,16.5,31.5,7.5,5.5,15.132745950421556,14.0,14.5,52.0,44.0,44.04543109109048,266.48076853686837,265.42418879973997,252.28555249954366,237.35627229968034
2848,36,2848,0,94.9333333333305,17.26267650163207,101.24228365658294,11.045361017187261,22.02271554554524,29.068883707497267,31.064449134018133,23.194827009486403,73.43704787094863,51.478150704935004,42.5,37.0,44.0,17.5,32.5,7.5,6.5,15.132745950421556,15.0,15.0,52.0,45.0,43.04648650006177,267.4210163767986,266.36816626616627,253.33377192944488,237.35627229968034
2849,36,2849,0,94.96666666666384,17.11724276862369,101.24228365658294,11.045361017187261,22.090722034374522,28.071337695236398,32.0624390837628,23.194827009486403,73.43704787094863,51.35172830587107,42.5,37.0,44.0,17.5,32.5,7.5,6.5,16.0312195418814,16.0,15.5,53.0,45.0,44.01136216933077,267.47897113605023,265.48257946614876,253.4442739538615,238.47222060441337
2850,36,2850,0,94.99999999999716,19.1049731745428,98.2496819333274,11.0,23.08679276123039,25.079872407968907,29.068883707497267,24.186773244895647,77.31752712031083,54.230987451824994,44.5,40.0,47.0,19.5,33.5,8.5,8.5,15.132745950421556,16.0312195418814,15.5,53.0,46.0,42.04759208325728,267.47897113605023,265.42418879973997,252.33509466580347,234.3608329051593
2851,36,2851,0,95.03333333333048,8.06225774829855,95.25754563287887,13.038404810405298,22.02271554554524,22.090722034374522,25.179356624028344,29.154759474226502,72.24956747275377,50.24937810560445,46.0,41.0,48.0,15.5,27.5,2.5,2.5,15.132745950421556,15.033296378372908,15.0,52.0,45.0,43.04648650006177,264.3709515056448,265.3695536417092,252.33509466580347,235.47823678633233
2852,36,2852,0,95.06666666666382,1.4142135623730951,93.26306878931231,15.0,23.08679276123039,22.20360331117452,25.179356624028344,29.068883707497267,68.18357573492314,45.09988913511872,44.5,41.0,48.0,15.5,23.5,1.5,0.5,16.1245154965971,15.033296378372908,15.5,53.0,46.0,43.04648650006177,263.32109676210905,264.31988196123274,251.2866888635369,235.41665191740367
2853,36,2853,0,95.09999999999717,1.4142135623730951,93.26306878931231,14.035668847618199,23.021728866442675,22.090722034374522,24.186773244895647,30.066592756745816,68.18357573492314,45.17742799230607,44.5,41.0,48.0,14.5,23.5,1.5,0.5,15.132745950421556,15.0,15.5,53.0,46.0,43.04648650006177,265.31867631209076,265.3695536417092,252.38858928247924,234.48027635602958
2854,36,2854,0,95.13333333333048,11.180339887498949,92.19544457292888,13.038404810405298,23.021728866442675,23.194827009486403,26.076809620810597,26.019223662515376,73.17103251970687,50.15974481593781,44.5,43.0,49.0,20.0,27.0,1.0,6.0,15.132745950421556,15.0,15.5,53.0,46.0,44.04543109109048,264.2290672882149,264.2290672882149,251.2866888635369,234.30749027719963
2855,36,2855,0,95.16666666666382,18.110770276274835,91.13725912051558,11.0,23.021728866442675,24.186773244895647,27.073972741361768,24.08318915758459,76.16429609731846,53.150729063673246,44.0,44.0,49.0,22.5,29.5,3.5,10.5,15.132745950421556,16.0,16.0,53.0,46.0,44.10215414239989,265.228203628498,264.2290672882149,252.1606630701942,234.17301296263838
2856,36,2856,0,95.19999999999716,15.132745950421556,93.26306878931231,11.045361017187261,22.02271554554524,24.186773244895647,27.073972741361768,22.20360331117452,70.34912934784623,48.373546489791295,40.5,41.0,48.0,22.5,25.5,1.5,10.5,15.132745950421556,16.0312195418814,16.0,52.0,45.0,44.04543109109048,265.3695536417092,264.31988196123274,250.19992006393608,233.25951213187426
2857,36,2857,0,95.23333333333048,15.132745950421556,94.26027795418386,11.0,22.02271554554524,25.079872407968907,28.160255680657446,22.360679774997898,70.34912934784623,48.373546489791295,40.5,40.0,47.0,21.5,26.5,1.5,10.5,16.1245154965971,16.0312195418814,16.5,53.0,46.0,43.04648650006177,265.3695536417092,264.27258654654287,250.19992006393608,234.2584043316269
2858,36,2858,0,95.2666666666638,4.47213595499958,94.26027795418386,16.0312195418814,23.021728866442675,26.1725046566048,28.160255680657446,21.37755832643195,64.4980619863884,41.593268686170845,39.0,38.0,45.0,20.5,22.5,3.5,4.5,15.132745950421556,16.0,16.0,52.0,45.0,43.04648650006177,265.31867631209076,264.31988196123274,251.2866888635369,234.30749027719963
2859,36,2859,0,95.29999999999714,4.47213595499958,94.26027795418386,16.0312195418814,24.020824298928627,26.1725046566048,28.284271247461902,21.37755832643195,65.49045732013177,41.593268686170845,39.0,38.0,45.0,20.5,23.5,3.5,4.5,15.132745950421556,16.0,16.0,53.0,46.0,42.04759208325728,265.3695536417092,265.31867631209076,251.2866888635369,235.35929979501554
2860,36,2860,0,95.33333333333049,5.385164807134504,94.33981132056604,15.0,23.021728866442675,26.1725046566048,28.160255680657446,21.37755832643195,64.38167441127949,41.43669871020132,38.5,37.0,45.0,20.0,23.0,4.0,5.0,16.1245154965971,15.0,15.5,52.0,45.0,43.04648650006177,266.36816626616627,265.27155897306443,253.1975513309716,235.2126697267815
2861,36,2861,0,95.3666666666638,15.132745950421556,93.1933474020544,11.045361017187261,22.02271554554524,25.179356624028344,28.160255680657446,22.20360331117452,70.34912934784623,48.373546489791295,40.5,41.0,47.0,22.0,26.0,2.0,10.0,16.1245154965971,16.0312195418814,16.0,53.0,46.0,43.01162633521314,265.3695536417092,264.31988196123274,250.19992006393608,232.26062946612367
2862,36,2862,0,95.39999999999714,19.1049731745428,97.25224933131366,11.0,23.08679276123039,27.16615541441225,31.064449134018133,21.213203435596427,74.33034373659252,51.24451190127583,41.5,40.0,47.0,22.5,30.5,5.5,10.5,16.1245154965971,15.0,15.5,53.0,46.0,42.1070065428546,265.3695536417092,264.31988196123274,251.2866888635369,235.25730594393875
2863,36,2863,0,95.43333333333048,20.09975124224178,96.25487000666512,10.04987562112089,21.02379604162864,27.16615541441225,30.066592756745816,22.20360331117452,73.33484846919642,52.3450093132096,42.0,40.0,47.0,21.5,29.5,5.5,10.5,17.11724276862369,16.0,16.0,53.0,46.0,42.04759208325728,265.42418879973997,263.3723599772763,249.33912649241395,233.36237914453991
2864,36,2864,0,95.4666666666638,18.110770276274835,98.18350166906862,11.045361017187261,23.021728866442675,27.073972741361768,30.066592756745816,21.213203435596427,73.33484846919642,50.35871324805669,41.0,40.0,46.0,22.0,30.0,5.0,11.0,16.1245154965971,16.0,16.5,53.0,46.0,43.04648650006177,266.3174797117155,265.27155897306443,251.19912420229494,233.21449354617735
2865,36,2865,0,95.49999999999712,17.11724276862369,98.2496819333274,11.045361017187261,22.02271554554524,26.076809620810597,30.14962686336267,22.360679774997898,72.44308110509934,50.48762224545735,41.5,38.0,45.0,19.5,30.5,5.5,8.5,15.132745950421556,16.0,16.0,53.0,46.0,41.048751503547585,266.36816626616627,265.31867631209076,251.24092023394596,234.2584043316269
2866,36,2866,0,95.53333333333046,17.11724276862369,99.18165152889924,10.04987562112089,23.021728866442675,27.073972741361768,30.066592756745816,23.194827009486403,73.33484846919642,50.35871324805669,41.5,39.0,45.0,19.0,31.0,6.0,9.0,16.1245154965971,16.0,16.0,53.0,46.0,42.04759208325728,266.3174797117155,264.2290672882149,251.127457678367,235.1361307838504
2867,36,2867,0,95.5666666666638,15.132745950421556,101.24228365658294,10.04987562112089,23.021728866442675,27.16615541441225,30.01666203960727,23.194827009486403,71.34423592694787,48.373546489791295,40.5,36.0,43.0,16.5,31.5,6.5,5.5,15.033296378372908,15.033296378372908,15.0,52.0,45.0,42.01190307520001,267.31629205867716,264.27258654654287,252.1606630701942,237.1349826575573
2868,36,2868,0,95.59999999999712,15.132745950421556,101.24228365658294,11.045361017187261,22.090722034374522,28.071337695236398,30.066592756745816,22.20360331117452,70.45565981523414,48.373546489791295,40.5,36.0,43.0,17.5,30.5,5.5,6.5,15.033296378372908,15.0,15.0,52.0,45.0,43.04648650006177,266.3174797117155,265.27155897306443,253.16002844051033,238.17010727629108
2869,36,2869,0,95.63333333333046,15.132745950421556,102.17631819555841,11.045361017187261,21.095023109728988,27.073972741361768,30.066592756745816,23.194827009486403,70.45565981523414,49.36598018878993,41.5,37.0,43.0,17.0,30.0,6.0,6.0,15.132745950421556,15.0,15.0,52.0,44.0,43.01162633521314,267.2695268825086,265.228203628498,253.16002844051033,237.17082451262846
2870,36,2870,0,95.6666666666638,15.132745950421556,101.17806086301516,11.045361017187261,21.02379604162864,27.073972741361768,30.066592756745816,22.20360331117452,69.35416353759881,48.373546489791295,40.5,36.0,42.0,17.0,30.0,6.0,6.0,10.04987562112089,10.04987562112089,10.0,52.0,45.0,43.01162633521314,266.42259663924904,264.27258654654287,252.1606630701942,237.1349826575573
2871,36,2871,0,95.69999999999712,11.180339887498949,100.17983829094555,11.045361017187261,21.02379604162864,26.076809620810597,28.071337695236398,24.186773244895647,67.36467917239716,46.389654018972806,40.5,36.0,42.0,15.0,28.0,5.0,3.0,9.0,9.055385138137417,8.5,54.0,47.0,43.01162633521314,266.27053911388697,265.228203628498,253.12645061312736,238.1344158243407
2872,36,2872,0,95.73333333333044,4.123105625617661,100.24470060806208,14.035668847618199,20.024984394500787,23.08679276123039,26.076809620810597,27.16615541441225,65.27633568147036,45.27692569068709,43.0,36.0,43.0,12.5,25.5,2.5,1.5,8.0,8.06225774829855,8.0,55.0,48.0,44.04543109109048,264.31988196123274,264.31988196123274,253.16002844051033,239.2091135387613
2873,36,2873,0,95.76666666666378,1.4142135623730951,99.18165152889924,15.033296378372908,21.095023109728988,23.08679276123039,25.079872407968907,28.160255680657446,63.387695966961914,42.2965719651132,42.5,35.0,41.0,10.0,25.0,1.0,4.0,9.0,9.055385138137417,8.5,52.0,45.0,45.0111097397076,265.31867631209076,264.27258654654287,252.1606630701942,238.20999139414786
2874,36,2874,0,95.79999999999713,2.23606797749979,99.18165152889924,14.035668847618199,21.02379604162864,22.02271554554524,25.079872407968907,27.073972741361768,61.29437168288782,40.311288741492746,40.5,34.0,40.0,10.0,24.0,0.0,3.0,11.0,11.0,10.5,53.0,45.0,44.01136216933077,265.3695536417092,265.31867631209076,253.1975513309716,238.20999139414786
2875,36,2875,0,95.83333333333044,2.8284271247461903,102.17631819555841,15.033296378372908,22.02271554554524,23.08679276123039,25.079872407968907,26.1725046566048,61.40032573203501,39.45883931389772,40.0,35.0,41.0,12.0,23.0,1.0,3.0,12.041594578792296,12.0,12.0,53.0,46.0,46.04345773288535,265.27155897306443,264.18932605235966,254.09643838511394,239.13385373049965
2876,36,2876,0,95.86666666666378,2.0,102.17631819555841,15.033296378372908,23.021728866442675,22.090722034374522,25.019992006393608,25.179356624028344,63.387695966961914,40.44749683231337,40.0,36.0,42.0,14.0,24.0,1.0,1.0,13.152946437965905,14.0,13.5,51.0,45.0,46.010868281309364,267.2695268825086,266.2273464541162,253.16002844051033,238.17010727629108
2877,36,2877,0,95.8999999999971,2.23606797749979,101.1236866416568,16.0,25.0,24.08318915758459,26.076809620810597,23.345235059857504,63.28506932918696,38.47076812334269,38.5,36.0,41.0,15.5,24.5,2.5,0.5,13.038404810405298,14.035668847618199,13.5,51.0,45.0,45.0111097397076,266.2273464541162,266.1522120892479,254.07085625864295,237.10335299189677
2878,36,2878,0,95.93333333333044,2.0,101.17806086301516,16.0312195418814,25.0,25.079872407968907,28.071337695236398,23.194827009486403,64.28063471995279,39.45883931389772,39.0,37.0,43.0,17.0,24.0,3.0,2.0,13.038404810405298,14.035668847618199,14.0,51.0,46.0,44.01136216933077,266.1879035568671,265.1886121235224,253.16002844051033,236.17154782064668
2879,36,2879,0,95.96666666666376,2.0,100.17983829094555,16.0312195418814,25.0,25.079872407968907,28.071337695236398,23.194827009486403,64.28063471995279,39.45883931389772,39.0,36.0,42.0,16.0,25.0,2.0,1.0,13.038404810405298,14.035668847618199,13.5,52.0,46.0,44.04543109109048,266.1879035568671,265.1527861441399,253.12645061312736,237.17082451262846
2880,36,2880,0,95.9999999999971,2.23606797749979,100.24470060806208,15.033296378372908,25.019992006393608,27.073972741361768,29.154759474226502,25.317977802344327,67.36467917239716,42.42640687119285,41.0,38.0,45.0,16.5,25.5,2.5,1.5,13.152946437965905,14.035668847618199,14.0,52.0,46.0,43.04648650006177,265.31867631209076,265.228203628498,252.1606630701942,236.21176939348302
2881,36,2881,0,96.03333333333045,7.0710678118654755,98.2496819333274,14.035668847618199,25.019992006393608,27.073972741361768,30.066592756745816,24.186773244895647,70.25667228100119,45.27692569068709,41.5,38.0,45.0,17.5,28.5,0.5,3.5,14.035668847618199,15.033296378372908,15.0,51.0,45.0,44.01136216933077,265.228203628498,264.2290672882149,252.1606630701942,235.17227727774377
2882,36,2882,0,96.06666666666376,19.1049731745428,98.12746812182611,10.0,22.02271554554524,26.076809620810597,29.017236257093817,24.331050121192877,75.32595834106593,53.33854141237835,43.5,41.0,46.0,19.5,31.5,7.5,8.5,14.142135623730951,14.0,14.0,51.0,45.0,41.012193308819754,265.228203628498,262.15453457836657,250.0719896349849,233.13729860320507
2883,36,2883,0,96.0999999999971,22.090722034374522,98.18350166906862,11.045361017187261,23.021728866442675,28.071337695236398,31.016124838541646,23.194827009486403,79.30952023559341,56.32051136131489,45.0,42.0,48.0,22.0,34.0,8.0,10.0,15.033296378372908,16.0,15.5,51.0,45.0,42.01190307520001,265.1886121235224,263.1539473388153,248.07257002740147,232.1055794245369
2884,36,2884,0,96.13333333333044,24.08318915758459,97.12878049270464,10.04987562112089,23.021728866442675,27.073972741361768,31.016124838541646,23.345235059857504,80.39900496896712,57.42821606144492,45.0,43.0,48.0,22.5,34.5,9.5,11.5,16.1245154965971,15.033296378372908,15.5,51.0,46.0,43.04648650006177,265.1207272168662,264.12118430750684,249.0501957437496,232.0538730553748
2885,36,2885,0,96.16666666666376,25.079872407968907,98.08159868191383,10.04987562112089,23.021728866442675,28.071337695236398,31.0,23.194827009486403,81.30190649671138,58.309518948453004,45.5,44.0,48.0,23.0,35.0,10.0,12.0,16.1245154965971,16.0312195418814,16.0,51.0,46.0,42.01190307520001,266.1522120892479,264.12118430750684,250.04999500099976,233.0772404161333
2886,36,2886,0,96.19999999999708,26.076809620810597,98.08159868191383,11.045361017187261,23.021728866442675,28.071337695236398,31.016124838541646,23.194827009486403,83.2946576918352,60.29925372672534,47.0,44.0,48.0,23.0,37.0,12.0,12.0,16.1245154965971,15.033296378372908,15.5,51.0,46.0,42.01190307520001,264.12118430750684,263.0684321616716,249.0180716333656,232.0086205294967
2887,36,2887,0,96.23333333333042,28.071337695236398,98.04590761474952,11.045361017187261,22.0,28.0178514522438,31.0,24.331050121192877,85.28774824088158,63.387695966961914,49.0,45.0,48.0,22.5,38.5,14.5,12.5,16.0312195418814,16.0312195418814,15.5,50.0,46.0,44.0,266.12027356065903,264.06817301598466,250.01799935204664,232.03448019637082
2888,36,2888,0,96.26666666666377,30.066592756745816,98.04590761474952,10.04987562112089,22.02271554554524,28.0178514522438,31.0,24.186773244895647,86.28441342444185,64.28063471995279,49.0,45.0,48.0,22.5,39.5,15.5,12.5,15.033296378372908,15.033296378372908,15.0,50.0,45.0,42.04759208325728,266.1522120892479,264.09278672466615,250.0719896349849,233.10512649875378
2889,36,2889,0,96.29999999999708,29.068883707497267,100.04498987955368,11.0,22.02271554554524,28.0178514522438,32.0,23.345235059857504,85.28774824088158,63.28506932918696,48.5,44.0,47.0,22.5,39.5,15.5,11.5,16.0312195418814,16.0312195418814,15.5,50.0,46.0,43.01162633521314,267.1198233003309,264.09278672466615,250.01799935204664,232.03448019637082
2890,36,2890,0,96.33333333333042,28.071337695236398,100.00499987500625,12.041594578792296,22.02271554554524,27.018512172212592,30.0,23.194827009486403,85.28774824088158,63.28506932918696,49.0,45.0,46.0,22.5,39.5,15.5,11.5,15.033296378372908,15.033296378372908,15.5,50.0,46.0,44.01136216933077,266.1522120892479,264.12118430750684,250.04999500099976,233.05364189387817
2891,36,2891,0,96.36666666666376,28.071337695236398,100.0199980003999,10.0,23.021728866442675,27.018512172212592,31.0,24.186773244895647,85.21150157109074,62.20128616033595,48.0,44.0,46.0,21.0,40.0,16.0,11.0,15.132745950421556,16.0,15.5,49.0,45.0,42.0,266.1522120892479,264.12118430750684,249.07227866625382,233.10512649875378
2892,36,2892,0,96.39999999999708,24.08318915758459,100.00499987500625,11.0,23.021728866442675,28.0178514522438,31.0,23.194827009486403,81.2219182240853,58.215118311311535,46.0,43.0,44.0,20.5,37.5,13.5,9.5,16.0312195418814,16.0,15.5,50.0,46.0,43.0,266.092089322475,263.0684321616716,250.01799935204664,234.03418553707064
2893,36,2893,0,96.4333333333304,21.213203435596427,102.0196059588548,11.0,23.0,27.073972741361768,31.0,23.194827009486403,78.23042886243178,55.326304774492215,44.5,41.0,43.0,19.0,36.0,11.0,8.0,16.0312195418814,16.0312195418814,16.0,50.0,47.0,42.01190307520001,268.04663773306316,265.03018695990085,252.00198411917316,236.00211863455803
2894,36,2894,0,96.46666666666374,18.110770276274835,101.01980003939822,10.04987562112089,22.0,27.018512172212592,30.0,23.08679276123039,73.17103251970687,51.24451190127583,42.0,39.0,41.0,17.0,33.0,10.0,7.0,16.0312195418814,16.0312195418814,16.0,49.0,46.0,40.0,265.04716561397146,264.0170449043016,251.0,235.00212764994276
2895,36,2895,0,96.49999999999709,14.317821063276353,102.07840124139877,11.0,22.0,27.018512172212592,30.01666203960727,23.194827009486403,70.25667228100119,48.373546489791295,41.0,39.0,43.0,18.0,29.0,6.0,7.0,15.033296378372908,16.0312195418814,16.0,49.0,47.0,41.012193308819754,266.04698833100895,265.03018695990085,251.00796800101784,236.01906702637396
2896,36,2896,0,96.5333333333304,12.36931687685298,100.04498987955368,11.0,20.0,27.018512172212592,30.01666203960727,23.194827009486403,66.27216610312357,46.389654018972806,40.0,38.0,41.0,16.5,26.5,4.5,5.5,15.033296378372908,15.033296378372908,15.0,50.0,47.0,41.0,264.06817301598466,264.04734423962685,251.01792764661252,236.01906702637396
2897,36,2897,0,96.56666666666374,12.165525060596439,101.04454463255303,12.041594578792296,22.02271554554524,27.018512172212592,30.0,22.20360331117452,68.3593446428504,46.389654018972806,40.0,38.0,41.0,17.5,28.5,4.5,5.5,15.033296378372908,15.033296378372908,15.0,49.0,47.0,42.0,265.04716561397146,264.030301291348,251.0019920239678,235.00851048419503
2898,36,2898,0,96.59999999999708,17.11724276862369,100.07996802557443,11.045361017187261,23.021728866442675,27.018512172212592,30.0,22.20360331117452,73.33484846919642,50.35871324805669,41.5,39.0,43.0,19.0,32.0,7.0,8.0,15.033296378372908,16.0312195418814,16.0,49.0,46.0,41.012193308819754,266.03007348794233,264.030301291348,252.00793638296395,236.01906702637396
2899,36,2899,0,96.6333333333304,17.11724276862369,100.04498987955368,11.0,22.02271554554524,27.073972741361768,31.016124838541646,22.20360331117452,72.24956747275377,50.24937810560445,41.5,39.0,42.0,18.5,31.5,8.5,7.5,16.1245154965971,16.0312195418814,15.5,50.0,47.0,41.0,264.030301291348,263.0171097096157,251.00796800101784,236.00847442411893
2900,36,2900,0,96.66666666666372,22.090722034374522,99.04544411531506,11.045361017187261,23.021728866442675,27.018512172212592,31.0,22.090722034374522,78.23042886243178,55.226805085936306,44.0,42.0,45.0,21.5,34.5,9.5,10.5,16.0312195418814,16.0312195418814,15.5,50.0,47.0,41.0,266.04698833100895,264.0170449043016,252.00198411917316,236.00211863455803
2901,36,2901,0,96.69999999999706,27.073972741361768,100.0199980003999,11.0,23.021728866442675,28.0178514522438,31.0,23.194827009486403,84.2140130857092,61.204574992397426,47.5,45.0,47.0,23.0,38.0,13.0,13.0,16.0312195418814,17.029386365926403,16.5,50.0,47.0,42.0,265.04716561397146,264.030301291348,250.0079998720041,234.00213674238105
2902,36,2902,0,96.7333333333304,35.05709628591621,99.04544411531506,10.04987562112089,24.020824298928627,28.0178514522438,32.0,23.194827009486403,92.26592003551474,68.26419266350405,50.5,47.0,50.0,25.5,43.5,17.5,15.5,16.0312195418814,16.0312195418814,16.0,49.0,46.0,43.0,266.04698833100895,264.030301291348,250.00199999200007,233.00214591286493
2903,36,2903,0,96.76666666666372,36.05551275463989,99.04544411531506,11.045361017187261,24.0,29.068883707497267,33.015148038438355,23.194827009486403,94.19129471453293,70.25667228100119,52.0,48.0,51.0,26.5,44.5,18.5,15.5,15.033296378372908,16.0312195418814,16.0,49.0,46.0,41.0,267.0468123756582,265.03018695990085,250.0079998720041,233.03433223454437
2904,36,2904,0,96.79999999999706,34.058772731852805,99.04544411531506,12.041594578792296,24.0,28.071337695236398,33.0,23.08679276123039,93.13431161500041,69.18092222571191,52.0,48.0,51.0,26.5,43.5,17.5,14.5,15.033296378372908,16.0312195418814,15.5,49.0,45.0,43.0,266.04698833100895,265.03018695990085,251.01792764661252,234.03418553707064
2905,36,2905,0,96.8333333333304,32.0624390837628,102.04410811016969,11.045361017187261,24.0,30.066592756745816,33.0,23.194827009486403,90.19977827023745,66.27216610312357,50.0,47.0,50.0,25.5,41.5,15.5,13.5,15.033296378372908,16.0,15.5,49.0,45.0,41.0,266.03007348794233,264.030301291348,251.0019920239678,235.00851048419503
2906,36,2906,0,96.86666666666372,26.076809620810597,102.0196059588548,12.0,23.0,29.068883707497267,33.015148038438355,23.194827009486403,84.1486779456457,61.204574992397426,48.0,45.0,47.0,23.0,38.0,13.0,11.0,15.033296378372908,16.0,16.0,49.0,47.0,42.0,266.04698833100895,265.03018695990085,252.00198411917316,236.0
2907,36,2907,0,96.89999999999704,26.076809620810597,102.04410811016969,12.0,23.0,29.068883707497267,33.0,23.345235059857504,84.2140130857092,61.29437168288782,48.0,45.0,48.0,23.5,37.5,12.5,11.5,14.035668847618199,15.033296378372908,15.0,49.0,46.0,43.01162633521314,265.04716561397146,263.0171097096157,251.0,236.00211863455803
2908,36,2908,0,96.93333333333038,22.090722034374522,103.04368005850722,12.041594578792296,23.0,30.066592756745816,33.0,23.08679276123039,80.15609770940699,57.21887800367987,46.0,42.0,45.0,20.5,36.5,11.5,8.5,15.033296378372908,15.0,15.0,49.0,46.0,43.01162633521314,266.0676605677586,264.030301291348,252.00198411917316,235.00851048419503
2909,36,2909,0,96.96666666666373,22.090722034374522,103.01941564578979,11.0,23.0,29.017236257093817,33.0,24.186773244895647,80.15609770940699,57.21887800367987,46.0,43.0,45.0,20.0,36.0,11.0,10.0,15.033296378372908,15.0,15.0,49.0,47.0,43.01162633521314,266.0676605677586,263.0304164920856,251.0019920239678,236.00847442411893
2910,36,2910,0,96.99999999999704,21.095023109728988,104.04326023342406,12.041594578792296,23.0,30.01666203960727,33.015148038438355,23.08679276123039,79.1580697086532,56.22277118748239,45.5,42.0,45.0,20.5,35.5,11.5,9.5,14.0,16.0312195418814,15.5,48.0,46.0,43.0,265.06791582535976,264.030301291348,252.00793638296395,236.00847442411893
2911,36,2911,0,97.03333333333038,23.08679276123039,104.01922899156675,12.0,24.0,29.068883707497267,32.01562118716424,23.194827009486403,82.15229759416349,58.215118311311535,46.5,44.0,46.0,22.0,37.0,12.0,10.0,15.033296378372908,16.0312195418814,15.5,49.0,46.0,43.0,265.1207272168662,263.0684321616716,250.01799935204664,234.01922997907673
2912,36,2912,0,97.0666666666637,25.079872407968907,103.01941564578979,12.0,23.0,29.068883707497267,33.0,23.194827009486403,83.15046602394962,60.207972893961475,47.5,45.0,47.0,23.0,37.0,12.0,11.0,15.033296378372908,15.033296378372908,14.5,49.0,47.0,44.0,265.04716561397146,264.030301291348,251.0019920239678,235.00851048419503
2913,36,2913,0,97.09999999999704,25.079872407968907,103.04368005850722,11.045361017187261,24.0,30.01666203960727,33.015148038438355,24.08318915758459,84.1486779456457,60.207972893961475,47.5,45.0,48.0,22.5,37.5,12.5,11.5,11.0,12.0,12.0,49.0,46.0,43.0,265.09243670840556,264.04734423962685,251.03187048659777,236.03389587091087
2914,36,2914,0,97.13333333333036,25.079872407968907,103.01941564578979,10.04987562112089,22.02271554554524,29.017236257093817,33.0,23.08679276123039,80.22468448052632,58.215118311311535,45.5,43.0,45.0,21.0,36.0,12.0,11.0,8.06225774829855,8.06225774829855,8.0,49.0,47.0,42.0,265.06791582535976,262.03053257206494,250.0079998720041,236.00847442411893
2915,36,2915,0,97.1666666666637,22.090722034374522,101.04454463255303,10.04987562112089,22.02271554554524,29.068883707497267,32.0624390837628,23.08679276123039,77.23341245859851,55.226805085936306,44.0,44.0,47.0,22.5,31.5,7.5,11.5,8.0,9.219544457292887,8.5,52.0,49.0,40.0,265.1207272168662,262.0686932847951,248.05039810490126,235.03404008781365
2916,36,2916,0,97.19999999999705,21.095023109728988,98.08159868191383,10.0,22.02271554554524,26.076809620810597,30.066592756745816,22.360679774997898,75.32595834106593,53.33854141237835,42.5,44.0,48.0,24.0,29.0,5.0,13.0,8.06225774829855,9.055385138137417,8.0,50.0,48.0,43.0,266.092089322475,263.04752422328556,250.01799935204664,234.00854685246006
2917,36,2917,0,97.23333333333036,19.1049731745428,93.13431161500041,11.0,24.020824298928627,25.019992006393608,28.071337695236398,23.194827009486403,77.23341245859851,53.23532661682466,43.5,44.0,49.0,23.5,30.5,4.5,12.5,8.0,8.06225774829855,8.0,49.0,47.0,44.01136216933077,266.0676605677586,263.04752422328556,252.01785651020842,236.00847442411893
2918,36,2918,0,97.2666666666637,18.24828759089466,90.0499861188218,12.0,24.0,25.019992006393608,29.017236257093817,23.194827009486403,77.23341245859851,53.33854141237835,44.0,48.0,51.0,26.5,27.5,1.5,14.5,9.055385138137417,10.04987562112089,9.5,50.0,47.0,44.01136216933077,267.09174453734056,264.04734423962685,250.0079998720041,235.00851048419503
2919,36,2919,0,97.29999999999704,19.1049731745428,88.14193099768123,14.035668847618199,25.0,25.019992006393608,28.0178514522438,22.20360331117452,80.22468448052632,55.326304774492215,45.5,49.0,54.0,29.5,28.5,1.5,15.5,12.0,12.0,12.0,51.0,47.0,44.0,266.0676605677586,264.0170449043016,250.00199999200007,232.0
2920,36,2920,0,97.33333333333036,19.1049731745428,90.08884503644167,14.035668847618199,25.019992006393608,25.019992006393608,29.017236257093817,22.20360331117452,80.30566605165541,55.326304774492215,45.5,49.0,53.0,29.0,29.0,2.0,15.0,12.041594578792296,12.0,12.0,51.0,47.0,45.0111097397076,267.0674072214728,265.01698058803703,250.0,233.0
2921,36,2921,0,97.36666666666368,18.24828759089466,92.04890004774636,13.0,25.0,26.076809620810597,29.017236257093817,22.20360331117452,78.23042886243178,53.33854141237835,44.0,48.0,51.0,27.5,28.5,2.5,13.5,12.0,13.038404810405298,13.0,50.0,46.0,44.0,267.09174453734056,264.030301291348,251.0019920239678,235.00212764994276
2922,36,2922,0,97.39999999999702,15.132745950421556,94.08506789071261,14.0,25.019992006393608,28.071337695236398,31.064449134018133,22.20360331117452,76.23647421018367,51.24451190127583,43.5,47.0,51.0,27.0,27.0,0.0,12.0,14.0,14.035668847618199,14.0,51.0,47.0,45.0111097397076,266.092089322475,264.04734423962685,250.0079998720041,235.00851048419503
2923,36,2923,0,97.43333333333037,15.297058540778355,97.12878049270464,13.0,22.0,27.018512172212592,30.01666203960727,23.194827009486403,73.24616030891995,51.35172830587107,43.5,45.0,50.0,24.5,25.5,1.5,11.5,15.033296378372908,14.035668847618199,14.5,50.0,46.0,44.01136216933077,265.1207272168662,264.04734423962685,251.00796800101784,235.00212764994276
2924,36,2924,0,97.46666666666368,14.142135623730951,98.08159868191383,14.035668847618199,22.02271554554524,27.073972741361768,30.0,23.08679276123039,73.24616030891995,51.24451190127583,44.0,43.0,47.0,22.0,28.0,4.0,8.0,13.038404810405298,14.0,14.0,50.0,46.0,43.01162633521314,265.1886121235224,263.1216448717209,251.07170290576354,236.05296015936761
2925,36,2925,0,97.49999999999702,14.317821063276353,102.07840124139877,13.038404810405298,23.021728866442675,27.073972741361768,30.0,22.090722034374522,72.3394774656273,49.36598018878993,42.0,41.0,45.0,21.0,29.0,5.0,8.0,14.035668847618199,14.0,14.0,50.0,46.0,43.0,265.1527861441399,265.06791582535976,252.03174403237384,238.01890681204299
2926,36,2926,0,97.53333333333036,14.317821063276353,103.07764064044152,13.038404810405298,22.02271554554524,28.071337695236398,31.016124838541646,22.090722034374522,71.34423592694787,49.36598018878993,42.0,41.0,45.0,21.0,28.0,5.0,8.0,14.035668847618199,14.035668847618199,14.0,50.0,45.0,43.0,265.1527861441399,264.06817301598466,252.03174403237384,237.03375287076733
2927,36,2927,0,97.56666666666368,14.142135623730951,104.12012293500234,13.038404810405298,23.021728866442675,27.073972741361768,30.01666203960727,23.194827009486403,73.33484846919642,50.35871324805669,43.0,41.0,46.0,20.5,29.5,4.5,7.5,14.035668847618199,15.0,14.5,49.0,44.0,44.0,265.1527861441399,264.06817301598466,252.00793638296395,239.0083680543424
2928,36,2928,0,97.599999999997,14.142135623730951,103.12128781197411,13.038404810405298,23.08679276123039,28.071337695236398,30.01666203960727,23.194827009486403,73.43704787094863,50.35871324805669,43.0,42.0,47.0,21.5,28.5,3.5,8.5,15.033296378372908,15.0,15.0,50.0,46.0,44.0,266.092089322475,264.06817301598466,253.03161857759991,239.0188277102873
2929,36,2929,0,97.63333333333034,18.24828759089466,102.12247548899312,12.041594578792296,23.021728866442675,28.071337695236398,31.016124838541646,23.08679276123039,76.32168761236873,53.33854141237835,44.0,42.0,47.0,21.5,31.5,6.5,9.5,14.035668847618199,15.0,15.0,50.0,46.0,44.0,265.1527861441399,264.06817301598466,251.01792764661252,237.00843866833097
2930,36,2930,0,97.66666666666367,19.1049731745428,100.07996802557443,12.041594578792296,25.019992006393608,27.16615541441225,31.064449134018133,23.194827009486403,79.30952023559341,54.3323108288245,44.5,44.0,48.0,23.0,33.0,6.0,10.0,14.035668847618199,15.033296378372908,15.0,50.0,46.0,43.0,264.09278672466615,264.09278672466615,253.03161857759991,237.05273674859777
2931,36,2931,0,97.699999999997,20.09975124224178,100.07996802557443,11.045361017187261,24.020824298928627,28.160255680657446,31.064449134018133,23.08679276123039,78.23042886243178,54.230987451824994,44.0,45.0,49.0,24.0,31.0,5.0,12.0,15.033296378372908,15.033296378372908,15.0,49.0,46.0,45.0,265.1527861441399,265.09243670840556,251.04979585731593,235.07658326596462
2932,36,2932,0,97.73333333333034,19.1049731745428,97.082439194738,11.045361017187261,23.021728866442675,26.1725046566048,30.01666203960727,23.194827009486403,76.32168761236873,53.33854141237835,43.5,44.0,48.0,23.0,30.0,5.0,11.0,15.033296378372908,15.033296378372908,15.5,50.0,47.0,45.0,265.1207272168662,263.0684321616716,252.04959829366916,235.05318547086316
2933,36,2933,0,97.76666666666368,15.132745950421556,93.13431161500041,13.0,24.020824298928627,24.08318915758459,28.071337695236398,22.20360331117452,74.24284477308234,50.24937810560445,42.5,43.0,48.0,23.5,28.5,2.5,10.5,14.0,15.0,15.0,49.0,45.0,44.0,265.1886121235224,263.1216448717209,250.09798079952586,236.07625886564705
2934,36,2934,0,97.799999999997,10.04987562112089,90.08884503644167,14.0,26.019223662515376,23.08679276123039,26.076809620810597,23.345235059857504,73.24616030891995,47.265209192385896,42.0,42.0,46.0,21.0,29.0,1.0,7.0,15.132745950421556,15.0,15.0,50.0,46.0,45.0,265.1886121235224,264.09278672466615,251.04979585731593,236.05296015936761
2935,36,2935,0,97.83333333333032,8.06225774829855,88.09086218218096,16.0312195418814,27.0,23.021728866442675,25.079872407968907,23.194827009486403,74.16872656315464,47.265209192385896,43.0,43.0,47.0,22.0,29.0,0.0,6.0,15.132745950421556,15.033296378372908,15.5,51.0,47.0,45.0,265.09243670840556,264.04734423962685,252.03174403237384,235.03404008781365
2936,36,2936,0,97.86666666666366,7.0710678118654755,87.09190547921202,16.0,27.018512172212592,22.090722034374522,25.079872407968907,24.186773244895647,74.16872656315464,47.16990566028302,43.5,43.0,47.0,21.0,29.0,0.0,5.0,15.033296378372908,15.0,15.0,51.0,47.0,45.0,264.15336454416024,264.12118430750684,251.07170290576354,235.07658326596462
2937,36,2937,0,97.899999999997,8.06225774829855,88.05112151472007,15.033296378372908,27.0,21.02379604162864,25.079872407968907,24.186773244895647,74.16872656315464,47.265209192385896,43.0,43.0,46.0,20.5,29.5,0.5,5.5,15.033296378372908,15.033296378372908,14.5,52.0,47.0,45.0,265.1207272168662,265.09243670840556,252.07141845120006,236.07625886564705
2938,36,2938,0,97.93333333333032,9.055385138137417,90.08884503644167,15.033296378372908,26.019223662515376,22.090722034374522,25.019992006393608,24.186773244895647,74.24284477308234,48.25971404805462,43.5,43.0,47.0,21.0,29.0,1.0,6.0,15.132745950421556,15.033296378372908,14.5,51.0,47.0,45.0,265.1527861441399,265.1207272168662,252.07141845120006,235.10423220350586
2939,36,2939,0,97.96666666666366,9.055385138137417,91.08786966440702,15.033296378372908,26.0,21.02379604162864,24.08318915758459,24.186773244895647,74.16872656315464,48.25971404805462,43.5,43.0,47.0,21.0,29.0,1.0,6.0,15.132745950421556,15.033296378372908,14.5,51.0,47.0,45.0,265.1886121235224,265.1207272168662,252.07141845120006,236.07625886564705
2940,36,2940,0,97.999999999997,13.038404810405298,90.0499861188218,14.0,25.019992006393608,22.090722034374522,26.019223662515376,24.186773244895647,76.16429609731846,51.15662224971465,44.5,44.0,47.0,21.5,30.5,3.5,7.5,15.033296378372908,16.0312195418814,16.0,52.0,47.0,46.010868281309364,265.1527861441399,265.1207272168662,252.07141845120006,236.07625886564705
2941,36,2941,0,98.03333333333032,10.04987562112089,91.0494371207203,15.0,26.019223662515376,21.02379604162864,24.08318915758459,25.317977802344327,76.23647421018367,50.24937810560445,45.0,44.0,47.0,20.5,30.5,3.5,6.5,15.033296378372908,16.0312195418814,16.0,52.0,47.0,46.010868281309364,264.2290672882149,264.18932605235966,253.16002844051033,236.13555429032706
2942,36,2942,0,98.06666666666364,4.123105625617661,95.08417323613851,15.0,24.020824298928627,22.02271554554524,24.08318915758459,29.154759474226502,72.17340230306452,48.16637831516918,46.0,44.0,48.0,17.0,26.0,0.0,3.0,15.132745950421556,16.0,15.5,52.0,46.0,45.0111097397076,263.1900454044567,264.15336454416024,253.12645061312736,236.17154782064668
2943,36,2943,0,98.09999999999698,2.23606797749979,92.13576938409967,14.0,24.020824298928627,20.024984394500787,24.08318915758459,30.265491900843113,70.25667228100119,46.2709412050371,45.0,42.0,47.0,14.5,25.5,0.5,1.5,15.033296378372908,15.0,15.0,51.0,45.0,45.0111097397076,263.1539473388153,265.1207272168662,253.09681941897256,236.10379073619296
2944,36,2944,0,98.13333333333031,3.1622776601683795,95.08417323613851,14.035668847618199,23.021728866442675,22.090722034374522,24.020824298928627,30.14962686336267,70.25667228100119,47.265209192385896,45.5,43.0,47.0,15.0,25.0,0.0,1.0,15.033296378372908,15.033296378372908,15.0,52.0,46.0,45.0111097397076,263.1539473388153,264.12118430750684,253.09681941897256,237.10335299189677
2945,36,2945,0,98.16666666666364,7.0710678118654755,95.08417323613851,14.035668847618199,23.021728866442675,21.02379604162864,24.020824298928627,30.066592756745816,74.16872656315464,51.15662224971465,47.5,44.0,48.0,16.0,28.0,3.0,3.0,14.035668847618199,15.0,15.0,52.0,46.0,44.01136216933077,263.1900454044567,264.15336454416024,253.09681941897256,236.13555429032706
2946,36,2946,0,98.19999999999698,7.0710678118654755,94.13288479590966,15.033296378372908,24.020824298928627,21.02379604162864,24.020824298928627,30.066592756745816,76.16429609731846,52.15361924162119,48.5,45.0,50.0,17.5,28.5,2.5,3.5,15.033296378372908,16.0312195418814,16.0,52.0,46.0,44.01136216933077,263.1900454044567,264.18932605235966,252.1269521491108,235.17227727774377
2947,36,2947,0,98.23333333333032,4.0,94.13288479590966,14.035668847618199,24.020824298928627,21.095023109728988,24.08318915758459,31.064449134018133,73.10950690573696,49.09175083453431,47.0,43.0,48.0,14.5,27.5,0.5,0.5,15.033296378372908,15.033296378372908,15.5,52.0,45.0,45.044422518220834,262.32232081925474,263.2736219221364,250.1619475459847,234.2584043316269
2948,36,2948,0,98.26666666666364,1.4142135623730951,94.13288479590966,15.0,23.021728866442675,20.024984394500787,22.02271554554524,31.064449134018133,70.11419257183242,47.095647357266465,46.5,42.0,47.0,13.5,25.5,0.5,0.5,15.132745950421556,15.033296378372908,15.5,53.0,46.0,44.01136216933077,263.2299375071156,264.18932605235966,252.1606630701942,236.17154782064668
2949,36,2949,0,98.29999999999696,1.4142135623730951,95.1892851112981,16.0312195418814,23.021728866442675,21.02379604162864,24.08318915758459,30.066592756745816,70.178344238091,47.16990566028302,46.5,42.0,48.0,15.0,25.0,0.0,0.0,15.132745950421556,16.0,16.0,53.0,46.0,45.0111097397076,263.1900454044567,264.18932605235966,252.1269521491108,236.17154782064668
2950,36,2950,0,98.3333333333303,2.8284271247461903,94.19129471453293,15.0,24.0,22.090722034374522,25.079872407968907,29.154759474226502,70.178344238091,46.2709412050371,45.0,42.0,48.0,16.0,25.0,1.0,1.0,15.132745950421556,15.0,15.5,53.0,46.0,46.04345773288535,263.2736219221364,262.2746651889961,250.19992006393608,233.21449354617735
2951,36,2951,0,98.36666666666363,16.0312195418814,96.18731725128839,13.038404810405298,23.021728866442675,24.020824298928627,27.018512172212592,24.08318915758459,76.16429609731846,53.150729063673246,45.0,43.0,49.0,22.0,30.0,5.0,9.0,15.132745950421556,15.0,15.0,53.0,46.0,43.01162633521314,265.27155897306443,264.2290672882149,252.1269521491108,235.1361307838504
2952,36,2952,0,98.39999999999696,16.0312195418814,96.18731725128839,13.038404810405298,23.021728866442675,23.08679276123039,27.073972741361768,24.08318915758459,76.16429609731846,53.150729063673246,45.0,43.0,49.0,22.0,30.0,5.0,9.0,16.0312195418814,16.0312195418814,16.0,52.0,46.0,45.0111097397076,265.31867631209076,264.2290672882149,251.19912420229494,233.173754955398
2953,36,2953,0,98.4333333333303,21.02379604162864,96.13012014972206,12.041594578792296,23.021728866442675,25.019992006393608,28.071337695236398,23.194827009486403,79.22752047110903,56.22277118748239,45.5,44.0,49.0,23.5,32.5,7.5,11.5,15.033296378372908,16.0312195418814,16.0,52.0,46.0,43.01162633521314,265.228203628498,264.15336454416024,251.09759058979438,234.10467744152402
2954,36,2954,0,98.46666666666364,21.02379604162864,96.13012014972206,11.045361017187261,22.02271554554524,26.076809620810597,28.0178514522438,23.194827009486403,77.23341245859851,55.226805085936306,44.5,44.0,49.0,23.5,30.5,6.5,11.5,16.1245154965971,17.0,16.5,52.0,46.0,44.01136216933077,266.3174797117155,263.2299375071156,251.16130275183716,234.17301296263838
2955,36,2955,0,98.49999999999696,26.076809620810597,97.18538984847466,11.045361017187261,24.020824298928627,27.073972741361768,30.01666203960727,23.194827009486403,84.29116205154607,60.29925372672534,47.0,45.0,51.0,25.0,36.0,10.0,14.0,16.1245154965971,16.0,16.0,52.0,46.0,43.01162633521314,266.27053911388697,264.2290672882149,250.09798079952586,233.13729860320507
2956,36,2956,0,98.53333333333028,31.064449134018133,97.25224933131366,11.045361017187261,25.019992006393608,27.073972741361768,31.064449134018133,23.345235059857504,90.35485598461214,65.37583651472461,49.5,46.0,53.0,26.5,40.5,13.5,14.5,15.132745950421556,16.0,15.5,52.0,46.0,43.04648650006177,265.31867631209076,263.2736219221364,248.20153101864622,230.21728866442677
2957,36,2957,0,98.56666666666362,33.06055050963308,98.18350166906862,11.045361017187261,25.019992006393608,28.071337695236398,32.01562118716424,23.194827009486403,92.26592003551474,67.26812023536856,50.5,47.0,53.0,27.0,42.0,15.0,15.0,16.1245154965971,16.0,16.0,52.0,46.0,44.01136216933077,265.228203628498,264.18932605235966,252.0972034751675,234.13671220037236
2958,36,2958,0,98.59999999999695,26.076809620810597,103.1746092796091,11.045361017187261,24.020824298928627,30.066592756745816,34.0147027033899,23.194827009486403,84.29116205154607,60.29925372672534,47.0,42.0,48.0,22.0,39.0,13.0,10.0,14.035668847618199,16.0,16.0,52.0,46.0,44.01136216933077,266.2273464541162,264.18932605235966,250.09798079952586,235.1361307838504
2959,36,2959,0,98.63333333333028,18.110770276274835,104.12012293500234,11.045361017187261,23.021728866442675,29.068883707497267,32.01562118716424,24.186773244895647,76.32168761236873,53.33854141237835,44.0,39.0,44.0,17.5,34.5,9.5,6.5,14.035668847618199,15.0,15.0,52.0,45.0,43.01162633521314,265.228203628498,263.1900454044567,252.07141845120006,236.10379073619296
2960,36,2960,0,98.66666666666362,14.142135623730951,105.11898020814318,11.045361017187261,23.021728866442675,28.071337695236398,31.0,24.186773244895647,72.3394774656273,49.36598018878993,42.0,37.0,42.0,15.5,32.5,7.5,4.5,15.033296378372908,15.033296378372908,15.0,52.0,45.0,44.01136216933077,266.2273464541162,264.18932605235966,253.07113624433742,238.05251521460553
2961,36,2961,0,98.69999999999696,14.142135623730951,105.11898020814318,11.045361017187261,23.021728866442675,28.0178514522438,32.0,24.186773244895647,72.3394774656273,49.36598018878993,42.0,37.0,42.0,15.5,32.5,7.5,5.5,14.035668847618199,15.0,15.0,52.0,46.0,44.01136216933077,266.1879035568671,264.15336454416024,253.07113624433742,239.07530194480566
2962,36,2962,0,98.73333333333028,14.035668847618199,107.16809226630845,11.045361017187261,23.08679276123039,29.068883707497267,31.016124838541646,24.08318915758459,72.24956747275377,49.16299421312742,42.0,36.0,42.0,15.0,33.0,8.0,4.0,15.132745950421556,14.035668847618199,14.5,51.0,45.0,43.04648650006177,266.12027356065903,264.12118430750684,253.09681941897256,240.10206163213175
2963,36,2963,0,98.7666666666636,19.1049731745428,104.17293314484334,11.045361017187261,26.019223662515376,29.068883707497267,32.0,23.08679276123039,79.22752047110903,53.23532661682466,43.5,39.0,45.0,19.0,37.0,9.0,8.0,14.035668847618199,13.0,13.5,52.0,46.0,43.04648650006177,266.0676605677586,265.06791582535976,252.07141845120006,237.0759372015642
2964,36,2964,0,98.79999999999694,19.026297590440446,106.1178590059185,11.045361017187261,25.019992006393608,29.068883707497267,32.0,23.08679276123039,78.16009211867653,53.150729063673246,43.5,40.0,45.0,19.5,35.5,8.5,8.5,14.142135623730951,14.0,14.5,52.0,47.0,43.01162633521314,265.09243670840556,264.09278672466615,252.07141845120006,237.0759372015642
2965,36,2965,0,98.83333333333027,23.08679276123039,102.07840124139877,10.0,25.019992006393608,28.071337695236398,32.01562118716424,22.20360331117452,80.22468448052632,55.226805085936306,43.5,43.0,47.0,23.0,35.0,8.0,12.0,13.152946437965905,14.0,14.0,50.0,45.0,42.04759208325728,265.09243670840556,265.06791582535976,252.07141845120006,236.05296015936761
2966,36,2966,0,98.8666666666636,12.165525060596439,98.12746812182611,12.0,22.0,26.076809620810597,29.068883707497267,22.20360331117452,68.18357573492314,46.2709412050371,40.0,41.0,46.0,21.5,24.5,0.5,9.5,15.033296378372908,16.0,16.0,51.0,46.0,44.01136216933077,265.09243670840556,264.04734423962685,252.01785651020842,235.01914815605983
2967,36,2967,0,98.89999999999694,6.082762530298219,97.04638066409278,15.0,22.02271554554524,27.018512172212592,29.017236257093817,23.08679276123039,66.12110101926616,44.10215414239989,41.0,42.0,45.0,20.5,22.5,1.5,5.5,15.132745950421556,15.033296378372908,15.5,50.0,46.0,44.01136216933077,265.06791582535976,264.04734423962685,252.04959829366916,235.05318547086316
2968,36,2968,0,98.93333333333028,7.0710678118654755,95.08417323613851,15.0,23.021728866442675,26.019223662515376,28.0178514522438,22.090722034374522,67.11929677819934,44.10215414239989,40.5,41.0,45.0,21.0,24.0,2.0,7.0,15.033296378372908,15.0,15.5,50.0,45.0,43.04648650006177,266.092089322475,265.06791582535976,252.03174403237384,235.01914815605983
2969,36,2969,0,98.9666666666636,7.0710678118654755,96.04686356149273,14.035668847618199,23.0,24.020824298928627,27.018512172212592,22.090722034374522,66.12110101926616,43.18564576337837,39.5,41.0,44.0,20.5,23.5,1.5,7.5,15.132745950421556,15.0,15.0,50.0,45.0,44.01136216933077,265.09243670840556,265.06791582535976,253.03161857759991,235.01914815605983
2970,36,2970,0,98.99999999999692,11.180339887498949,93.04837451562494,13.0,23.021728866442675,25.079872407968907,28.0178514522438,22.090722034374522,69.18092222571191,46.17358552246078,40.5,42.0,45.0,21.5,25.5,0.5,8.5,15.132745950421556,15.0,15.5,51.0,47.0,42.01190307520001,265.06791582535976,264.030301291348,251.01792764661252,234.00213674238105
2971,36,2971,0,99.03333333333026,13.038404810405298,92.0869154657707,13.038404810405298,24.0,25.019992006393608,27.073972741361768,23.194827009486403,73.17103251970687,49.25444142409901,42.5,43.0,47.0,22.0,28.0,1.0,10.0,15.033296378372908,16.0,15.5,50.0,46.0,43.01162633521314,265.1527861441399,264.09278672466615,250.0319979522621,234.05341270744162
2972,36,2972,0,99.0666666666636,15.033296378372908,93.04837451562494,13.038404810405298,23.021728866442675,25.019992006393608,28.0178514522438,21.095023109728988,72.17340230306452,49.16299421312742,41.5,42.0,45.0,22.5,28.5,3.5,9.5,16.0312195418814,15.033296378372908,15.5,51.0,47.0,44.0,264.12118430750684,264.06817301598466,252.03174403237384,233.01931250435015
2973,36,2973,0,99.09999999999692,17.029386365926403,95.04735661763561,12.041594578792296,24.020824298928627,25.019992006393608,28.0178514522438,21.213203435596427,74.24284477308234,50.24937810560445,41.5,42.0,45.0,22.5,30.5,4.5,10.5,15.033296378372908,15.033296378372908,15.0,50.0,46.0,44.01136216933077,265.1207272168662,264.04734423962685,251.00796800101784,234.00854685246006
2974,36,2974,0,99.13333333333026,25.079872407968907,95.04735661763561,11.0,23.021728866442675,27.018512172212592,30.01666203960727,21.213203435596427,80.22468448052632,57.21887800367987,44.5,43.0,46.0,23.5,35.5,10.5,12.5,16.0312195418814,16.0312195418814,15.5,51.0,46.0,43.0,264.06817301598466,264.06817301598466,250.01799935204664,233.01931250435015
2975,36,2975,0,99.1666666666636,31.064449134018133,96.08329719571451,10.04987562112089,25.019992006393608,29.068883707497267,32.01562118716424,23.08679276123039,89.20201791439474,64.19501538281614,48.5,46.0,50.0,25.0,41.0,14.0,14.0,15.033296378372908,16.0312195418814,15.5,50.0,45.0,44.01136216933077,264.12118430750684,263.0684321616716,249.0180716333656,232.01939574095957
2976,36,2976,0,99.19999999999692,34.132096331752024,97.12878049270464,10.04987562112089,25.0,28.071337695236398,32.01562118716424,23.194827009486403,92.26592003551474,67.36467917239716,50.0,46.0,51.0,25.5,43.5,16.5,14.5,15.132745950421556,16.0,15.5,50.0,46.0,43.01162633521314,267.15164233071823,263.0931394012394,248.03225596683993,231.03462943896528
2977,36,2977,0,99.23333333333024,37.12142238654117,98.12746812182611,10.0,24.020824298928627,28.071337695236398,32.01562118716424,22.360679774997898,93.34345183246653,69.35416353759881,50.5,45.0,50.0,25.5,45.5,19.5,14.5,15.033296378372908,16.0,15.5,51.0,46.0,41.012193308819754,266.2273464541162,262.15453457836657,248.0987706539474,231.10603626906848
2978,36,2978,0,99.26666666666358,35.12833614050059,99.18165152889924,10.04987562112089,24.0,29.068883707497267,34.0,23.194827009486403,92.26592003551474,68.3593446428504,50.5,44.0,50.0,24.0,45.0,18.0,14.0,15.033296378372908,16.0312195418814,15.5,51.0,46.0,40.0,266.1879035568671,264.15336454416024,249.07227866625382,232.13789005675054
2979,36,2979,0,99.29999999999691,34.132096331752024,100.12492197250393,10.04987562112089,25.019992006393608,28.071337695236398,33.015148038438355,22.090722034374522,91.26883367283708,66.27216610312357,49.0,42.0,47.0,22.5,46.5,19.5,12.5,16.1245154965971,16.0312195418814,16.0,50.0,46.0,43.0,266.2273464541162,263.1539473388153,249.09837414162303,232.13789005675054
2980,36,2980,0,99.33333333333024,33.13608305156178,100.12492197250393,8.0,24.020824298928627,28.071337695236398,31.016124838541646,24.331050121192877,89.35882720806042,65.37583651472461,48.5,42.0,47.0,20.5,44.5,18.5,11.5,16.1245154965971,17.0,17.0,51.0,46.0,42.01190307520001,266.1879035568671,264.15336454416024,250.09798079952586,234.13671220037236
2981,36,2981,0,99.36666666666358,28.071337695236398,99.12618221237011,9.055385138137417,25.019992006393608,28.071337695236398,31.016124838541646,24.331050121192877,86.37129152675674,61.40032573203501,47.0,41.0,46.0,19.5,42.5,15.5,10.5,15.132745950421556,16.0312195418814,16.0,51.0,46.0,40.01249804748511,265.09243670840556,263.04752422328556,249.0321264415497,233.03433223454437
2982,36,2982,0,99.39999999999692,27.073972741361768,99.12618221237011,8.0,25.019992006393608,27.073972741361768,31.016124838541646,23.194827009486403,83.21658488546619,58.215118311311535,44.5,40.0,45.0,19.5,40.5,13.5,10.5,17.11724276862369,17.0,16.5,51.0,47.0,43.01162633521314,267.15164233071823,264.09278672466615,251.04979585731593,234.07691043757393
2983,36,2983,0,99.43333333333024,19.1049731745428,97.04638066409278,9.0,23.0,24.020824298928627,27.018512172212592,24.186773244895647,75.16648189186454,52.23983154643591,42.5,41.0,44.0,18.5,32.5,8.5,9.5,15.132745950421556,16.0312195418814,15.5,50.0,46.0,42.01190307520001,264.12118430750684,263.0684321616716,250.0319979522621,234.03418553707064
2984,36,2984,0,99.46666666666356,6.324555320336759,97.082439194738,14.0,23.0,22.02271554554524,26.019223662515376,27.073972741361768,70.11419257183242,47.16990566028302,44.0,40.0,44.0,15.0,28.0,3.0,2.0,17.029386365926403,17.029386365926403,16.5,51.0,46.0,44.04543109109048,264.09278672466615,264.04734423962685,252.01785651020842,236.00847442411893
2985,36,2985,0,99.4999999999969,2.23606797749979,96.08329719571451,15.0,23.0,23.021728866442675,25.019992006393608,28.071337695236398,67.11929677819934,44.181444068749045,43.5,39.0,43.0,13.0,26.0,1.0,1.0,16.1245154965971,16.0312195418814,16.0,49.0,44.0,42.01190307520001,262.1221089492453,263.1216448717209,251.07170290576354,235.07658326596462
2986,36,2986,0,99.53333333333023,2.23606797749979,96.08329719571451,13.038404810405298,22.02271554554524,23.021728866442675,25.019992006393608,29.017236257093817,66.12110101926616,44.10215414239989,43.0,39.0,43.0,12.0,25.0,1.0,0.0,16.1245154965971,16.0312195418814,16.0,49.0,44.0,42.01190307520001,262.0934947685654,262.0686932847951,251.01792764661252,235.01914815605983
2987,36,2987,0,99.56666666666356,1.4142135623730951,96.04686356149273,15.033296378372908,22.0,23.021728866442675,25.019992006393608,28.071337695236398,66.12110101926616,44.181444068749045,43.5,41.0,44.0,14.5,23.5,0.5,0.5,16.0312195418814,16.0312195418814,16.0,50.0,45.0,43.0,264.09278672466615,263.0684321616716,251.01792764661252,235.01914815605983
2988,36,2988,0,99.5999999999969,1.4142135623730951,96.04686356149273,14.0,22.02271554554524,23.021728866442675,25.019992006393608,28.071337695236398,65.12296062065974,43.104524124504614,42.5,40.0,43.0,13.5,23.5,0.5,0.5,16.1245154965971,16.0312195418814,16.0,49.0,44.0,42.01190307520001,262.1221089492453,262.0477055804916,251.01792764661252,234.00854685246006
2989,36,2989,0,99.63333333333024,2.23606797749979,96.13012014972206,16.0,23.0,23.021728866442675,25.019992006393608,27.073972741361768,67.11929677819934,44.181444068749045,43.5,39.0,44.0,14.5,25.5,0.5,0.5,15.033296378372908,16.0,16.0,49.0,45.0,44.01136216933077,263.1539473388153,263.0931394012394,252.03174403237384,236.03389587091087
2990,36,2990,0,99.66666666666356,2.23606797749979,95.04735661763561,15.0,21.02379604162864,22.02271554554524,24.020824298928627,28.071337695236398,66.12110101926616,45.09988913511872,44.0,41.0,44.0,14.5,23.5,0.5,0.5,15.033296378372908,15.033296378372908,15.5,50.0,45.0,45.0111097397076,263.0684321616716,262.03053257206494,250.00199999200007,234.0
2991,36,2991,0,99.69999999999688,2.23606797749979,95.02105029939419,15.0,21.0,22.02271554554524,24.0,28.071337695236398,66.06814663663572,45.09988913511872,44.0,42.0,44.0,15.0,23.0,0.0,1.0,14.035668847618199,14.035668847618199,14.0,48.0,45.0,44.01136216933077,263.0171097096157,264.0075756488817,251.0019920239678,235.00851048419503
2992,36,2992,0,99.73333333333022,3.605551275463989,94.00531899844816,13.0,20.0,23.0,25.0,30.066592756745816,66.12110101926616,46.17358552246078,44.5,43.0,44.0,13.5,22.5,0.5,1.5,9.0,9.0,9.0,48.0,47.0,43.01162633521314,260.0,259.0077218926108,249.07227866625382,236.07625886564705
2993,36,2993,0,99.76666666666355,1.4142135623730951,95.0,14.035668847618199,19.0,22.0,24.0,31.016124838541646,65.06919393998976,46.09772228646444,45.5,44.0,44.0,13.0,21.0,1.0,0.0,9.055385138137417,9.055385138137417,9.0,48.0,49.0,41.048751503547585,259.0019304947359,259.01737393464555,249.09837414162303,236.10379073619296
2994,36,2994,0,99.79999999999688,1.4142135623730951,94.0,15.0,19.0,23.0,25.019992006393608,30.01666203960727,65.03076195155643,46.04345773288535,45.5,44.0,44.0,14.0,21.0,0.0,1.0,8.0,7.0,7.0,46.0,47.0,40.049968789001575,259.01737393464555,260.0307674103201,250.09798079952586,236.07625886564705
2995,36,2995,0,99.83333333333022,1.4142135623730951,96.00520819205592,15.0,20.0,23.0,24.020824298928627,29.017236257093817,65.03076195155643,45.044422518220834,44.5,44.0,43.0,14.5,21.5,0.5,1.5,8.0,9.0,9.0,45.0,48.0,44.10215414239989,261.0938528575501,262.1221089492453,251.24092023394596,236.25621684941964
2996,36,2996,0,99.86666666666356,0.0,97.02061636580135,15.0,21.0,22.02271554554524,24.020824298928627,31.016124838541646,67.00746227100382,46.010868281309364,46.0,45.0,43.0,13.0,23.0,1.0,0.0,10.0,10.04987562112089,10.5,45.0,50.0,43.18564576337837,262.0934947685654,263.1900454044567,251.3364279208249,236.35777964771967
2997,36,2997,0,99.89999999999688,1.4142135623730951,96.08329719571451,16.0,21.0,21.02379604162864,24.020824298928627,31.016124838541646,67.0,46.0,46.5,47.0,43.0,14.0,22.0,0.0,0.0,12.0,12.041594578792296,11.5,45.0,50.0,44.181444068749045,262.23081436017395,263.3723599772763,251.57503850740042,236.6854452643846
2998,36,2998,0,99.9333333333302,1.0,96.08329719571451,15.0,21.0,21.02379604162864,23.021728866442675,31.016124838541646,67.0,46.0,46.0,47.0,43.0,14.0,22.0,0.0,1.0,11.045361017187261,12.041594578792296,12.0,44.0,50.0,44.181444068749045,262.23081436017395,262.37377917772193,251.5094431626773,236.47621444872632
2999,36,2999,0,99.96666666666354,1.0,97.082439194738,15.0,21.02379604162864,22.02271554554524,24.020824298928627,31.016124838541646,67.00746227100382,46.0,46.0,47.0,43.0,14.0,22.0,0.0,1.0,12.0,12.041594578792296,12.0,45.0,51.0,44.181444068749045,261.3235542388018,263.48624252510797,251.7180962902747,236.76359517459605
3000,36,3000,0,99.99999999999687,0.0,97.082439194738,16.0,20.0,21.02379604162864,24.020824298928627,30.01666203960727,66.007575322837,46.010868281309364,46.0,47.0,43.0,15.0,21.0,0.0,1.0,13.038404810405298,13.152946437965905,13.0,43.0,50.0,43.289721643826724,261.5530538915575,262.68802789621,250.88044961694405,234.94041797868667
3001,36,3001,0,100.0333333333302,0.0,96.13012014972206,15.0,19.0,21.02379604162864,22.090722034374522,31.016124838541646,65.00769185258002,46.010868281309364,46.0,48.0,43.0,14.5,19.5,0.5,1.5,13.0,14.142135623730951,13.5,43.0,51.0,43.289721643826724,262.42903802742563,263.6152499382386,251.87695408671274,237.0232056149777
3002,36,3002,0,100.06666666666354,1.0,96.13012014972206,14.035668847618199,20.024984394500787,21.095023109728988,23.08679276123039,31.016124838541646,65.03076195155643,45.0111097397076,45.0,48.0,43.0,14.5,19.5,0.5,2.5,13.038404810405298,14.142135623730951,14.0,42.0,51.0,44.181444068749045,263.68541863364385,262.8402556687236,251.05577069647293,236.1228493814184
3003,36,3003,0,100.09999999999688,11.045361017187261,98.2496819333274,13.038404810405298,21.02379604162864,24.020824298928627,27.073972741361768,29.017236257093817,74.02702209328699,53.009433122794285,47.5,52.0,45.0,19.5,25.5,4.5,8.5,13.038404810405298,13.152946437965905,13.0,42.0,52.0,45.39823785126467,260.9291091465266,262.1945842308723,250.353749722268,234.33736364481018
3004,36,3004,0,100.1333333333302,25.079872407968907,100.31948963187563,12.041594578792296,22.090722034374522,26.076809620810597,29.154759474226502,26.0,85.00588214941364,63.00793600809346,50.5,54.0,46.0,24.0,35.0,13.0,14.0,14.035668847618199,14.142135623730951,14.0,42.0,53.0,43.18564576337837,264.09278672466615,263.28691574022434,251.45377308761942,235.33168082517068
3005,36,3005,0,100.16666666666352,25.019992006393608,100.31948963187563,12.041594578792296,22.02271554554524,25.079872407968907,28.160255680657446,25.0,84.00595217006948,62.0,49.5,53.0,45.0,24.0,35.0,13.0,14.0,14.035668847618199,14.142135623730951,14.0,42.0,53.0,43.18564576337837,265.18107021429716,264.2820463065927,253.33771926027913,236.32604596192948
3006,36,3006,0,100.19999999999686,24.020824298928627,102.3132444994293,11.045361017187261,23.021728866442675,27.018512172212592,30.14962686336267,24.020824298928627,82.02438661763951,59.00847396772772,47.0,52.0,44.0,24.0,34.0,11.0,14.0,13.038404810405298,14.142135623730951,14.0,42.0,54.0,44.28317965096906,264.09278672466615,263.1900454044567,251.24689052802225,236.22235287965447
3007,36,3007,0,100.2333333333302,22.0,100.40418317978589,10.04987562112089,24.020824298928627,26.076809620810597,30.14962686336267,22.0,78.02563681252464,54.00925846556311,43.0,49.0,40.0,22.5,33.5,9.5,13.5,13.0,14.142135623730951,13.5,40.0,52.0,45.27692569068709,263.00760445279906,263.28691574022434,251.45377308761942,235.44001359157284
3008,36,3008,0,100.26666666666353,18.0,90.35485598461214,13.038404810405298,25.019992006393608,26.019223662515376,29.154759474226502,19.026297590440446,75.0066663703967,50.0,41.0,48.0,40.0,25.0,31.0,6.0,13.0,13.038404810405298,13.152946437965905,13.0,41.0,54.0,44.40720662234904,263.1900454044567,264.2820463065927,252.3430205097815,235.33168082517068
3009,36,3009,0,100.29999999999686,18.0,89.45389874119518,14.035668847618199,26.076809620810597,26.019223662515376,29.068883707497267,18.110770276274835,76.00657866263946,50.00999900019995,41.0,49.0,40.0,26.5,31.5,5.5,13.5,13.038404810405298,13.152946437965905,13.5,41.0,54.0,43.41658669218482,263.1900454044567,264.2820463065927,251.24689052802225,235.2275494069519
3010,36,3010,0,100.3333333333302,16.0312195418814,85.37564055396598,16.0312195418814,26.076809620810597,24.08318915758459,28.160255680657446,20.024984394500787,78.05767098754612,52.009614495783374,44.0,51.0,43.0,27.0,31.0,4.0,13.0,14.035668847618199,14.317821063276353,14.0,41.0,54.0,44.40720662234904,264.2820463065927,263.38754716197195,250.4595775769016,234.33736364481018
3011,36,3011,0,100.36666666666352,15.033296378372908,86.37129152675674,16.0312195418814,27.073972741361768,25.019992006393608,28.071337695236398,21.0,79.02531240052139,52.0,44.5,51.0,43.0,26.0,32.0,4.0,12.0,13.038404810405298,14.317821063276353,14.0,41.0,54.0,44.40720662234904,263.38754716197195,263.4919353604584,250.56935167733502,234.44615586526473
3012,36,3012,0,100.39999999999684,18.027756377319946,85.37564055396598,15.033296378372908,26.076809620810597,23.021728866442675,27.073972741361768,22.02271554554524,81.05553651663777,55.00909015790027,46.0,53.0,45.0,27.0,32.0,5.0,13.0,14.035668847618199,14.317821063276353,14.5,41.0,54.0,43.289721643826724,263.38754716197195,264.59402865522117,250.80071770232237,233.68354670365648
3013,36,3013,0,100.43333333333018,22.0,94.64142856064674,13.038404810405298,24.08318915758459,27.073972741361768,31.144823004794873,22.02271554554524,81.09870529176159,57.0350769263968,46.0,55.0,44.0,27.5,31.5,6.5,16.5,14.0,15.132745950421556,15.0,41.0,56.0,44.553338819890925,263.4919353604584,263.60007587252323,250.56935167733502,233.5658365429328
3014,36,3014,0,100.46666666666351,21.0,95.524865872714,13.038404810405298,25.019992006393608,27.073972741361768,30.265491900843113,23.021728866442675,82.05485969764375,57.0350769263968,46.5,55.0,45.0,27.0,32.0,7.0,15.0,14.035668847618199,15.132745950421556,14.5,41.0,55.0,43.56604182158393,264.3822989536175,265.5880268385606,251.56311335328954,234.5591609807641
3015,36,3015,0,100.49999999999685,23.0,96.62815324738438,12.041594578792296,24.020824298928627,27.073972741361768,30.265491900843113,23.021728866442675,82.05485969764375,58.034472514187634,46.5,55.0,44.0,26.5,32.5,8.5,15.5,13.038404810405298,15.132745950421556,14.5,39.0,54.0,44.40720662234904,264.59402865522117,263.8275952208184,251.04780421266383,234.06195760951843
3016,36,3016,0,100.53333333333018,23.021728866442675,97.86725703727473,12.041594578792296,24.08318915758459,26.076809620810597,30.14962686336267,23.08679276123039,82.09750300709517,58.034472514187634,46.5,56.0,43.0,26.5,32.5,9.5,15.5,14.035668847618199,14.142135623730951,14.0,39.0,56.0,44.553338819890925,265.9323222175146,265.06225683789836,252.30140705116966,236.1778990506944
3017,36,3017,0,100.56666666666352,1.0,95.1892851112981,17.11724276862369,23.194827009486403,23.194827009486403,25.317977802344327,29.274562336608895,70.57619995437555,47.38143096192854,46.5,54.0,39.0,17.5,23.5,0.5,3.5,14.142135623730951,15.297058540778355,14.5,36.0,57.0,43.73785545725808,263.89770745499095,264.7413832403238,252.87150887357794,236.60304309116566
3018,36,3018,0,100.59999999999684,2.0,95.03683496413377,15.132745950421556,24.186773244895647,22.20360331117452,24.331050121192877,30.265491900843113,71.56814934033156,47.38143096192854,46.0,53.0,39.0,16.0,25.0,2.0,3.0,14.035668847618199,14.317821063276353,14.5,37.0,58.0,43.73785545725808,263.751777245197,265.73106705840775,254.55844122715712,238.43657437566074
3019,36,3019,0,100.63333333333016,3.1622776601683795,92.57429448826494,16.1245154965971,24.186773244895647,21.37755832643195,24.331050121192877,27.294688127912362,70.71067811865476,46.52956049652737,44.5,54.0,37.0,18.5,24.5,1.5,5.5,14.142135623730951,14.317821063276353,15.0,34.0,58.0,45.12205669071391,263.86549603917524,264.85090145211893,254.32656172724074,239.0397456491284
3020,36,3020,0,100.6666666666635,7.0710678118654755,90.60905032059435,15.132745950421556,24.186773244895647,23.194827009486403,24.515301344262525,25.317977802344327,71.7007670809734,47.51841748206689,43.5,53.0,36.0,19.5,26.5,2.5,7.5,14.142135623730951,14.317821063276353,14.5,34.0,59.0,44.91102314577124,264.76404589747455,266.36065775560775,254.01771591761076,238.72368964977062
3021,36,3021,0,100.69999999999683,7.0710678118654755,87.66413177577246,17.11724276862369,25.317977802344327,22.360679774997898,24.515301344262525,25.179356624028344,74.67261881037788,49.36598018878993,45.5,54.0,37.0,20.5,28.5,4.5,7.5,14.142135623730951,14.317821063276353,14.5,35.0,61.0,45.12205669071391,264.5770209220748,265.37709019431196,254.01771591761076,237.73935307390738
3022,36,3022,0,100.73333333333017,9.0,86.68333173107735,16.1245154965971,27.294688127912362,20.396078054371138,24.515301344262525,25.317977802344327,77.64663547121665,50.35871324805669,45.5,55.0,38.0,21.5,30.5,4.5,8.5,15.033296378372908,15.297058540778355,15.5,35.0,60.0,44.91102314577124,263.78210705049725,264.5770209220748,253.39692184397188,237.11811402758752
3023,36,3023,0,100.7666666666635,12.0,89.05054744357274,15.132745950421556,24.331050121192877,22.360679774997898,25.495097567963924,26.1725046566048,77.52418977325722,53.23532661682466,47.0,58.0,39.0,22.5,28.5,4.5,10.5,15.132745950421556,15.524174696260024,15.0,33.0,59.0,43.174066289845804,262.8802008520231,263.2299375071156,252.41434190631878,235.34230388946224
3024,36,3024,0,100.79999999999684,14.0,93.55746896961247,14.142135623730951,25.179356624028344,23.345235059857504,26.476404589747453,26.30589287593181,79.51100552753688,54.3323108288245,47.0,57.0,40.0,22.5,30.5,6.5,10.5,15.033296378372908,15.524174696260024,15.0,34.0,60.0,42.20189569201838,265.37709019431196,265.55978611228016,252.41434190631878,236.32393023136697
3025,36,3025,0,100.83333333333016,18.0,98.65596788841515,13.152946437965905,23.194827009486403,25.317977802344327,29.614185789921695,24.331050121192877,78.5175139698144,55.326304774492215,46.0,56.0,38.0,23.0,31.0,9.0,13.0,14.142135623730951,15.524174696260024,15.0,33.0,60.0,42.20189569201838,262.8802008520231,264.0378760708395,251.24689052802225,234.7871376374779
3026,36,3026,0,100.86666666666348,20.0,100.44899203078147,12.165525060596439,23.194827009486403,25.317977802344327,29.427877939124322,23.345235059857504,78.5175139698144,55.326304774492215,45.0,54.0,37.0,22.5,32.5,10.5,13.5,15.132745950421556,15.524174696260024,15.0,33.0,59.0,41.23105625617661,263.69679558159214,264.0378760708395,251.0657284457598,233.80333616097099
3027,36,3027,0,100.89999999999682,17.0,102.42070103255493,12.165525060596439,24.331050121192877,27.294688127912362,31.400636936215164,23.194827009486403,76.53103945458993,52.23983154643591,43.5,52.0,35.0,20.5,32.5,10.5,11.5,13.152946437965905,14.560219778561036,14.5,33.0,59.0,41.97618372363071,264.0378760708395,263.0532265531065,252.04959829366916,236.57979626333267
3028,36,3028,0,100.93333333333015,18.0,104.39348638684312,12.165525060596439,23.194827009486403,28.284271247461902,31.575306807693888,23.194827009486403,76.4198926981712,53.23532661682466,44.0,52.0,35.0,20.5,32.5,10.5,11.5,15.033296378372908,15.297058540778355,14.5,34.0,60.0,42.20189569201838,264.6828290615015,262.71086768537003,250.7149776140229,234.26907606425564
3029,36,3029,0,100.96666666666349,17.029386365926403,105.22357150372724,12.041594578792296,23.194827009486403,27.294688127912362,30.4138126514911,23.345235059857504,75.53806987208503,52.3450093132096,43.5,51.0,35.0,20.0,32.0,10.0,11.0,14.142135623730951,15.297058540778355,15.0,34.0,60.0,43.174066289845804,264.85090145211893,263.0532265531065,252.04959829366916,234.7871376374779
3030,36,3030,0,100.99999999999682,16.0,105.38026380684383,11.180339887498949,24.331050121192877,29.427877939124322,32.55764119219941,24.186773244895647,75.53806987208503,51.24451190127583,43.0,50.0,33.0,17.5,33.5,10.5,10.5,14.035668847618199,14.317821063276353,14.5,35.0,60.0,42.95346318982906,264.21392847463585,264.0378760708395,252.85766747322495,237.56472802164888
3031,36,3031,0,101.03333333333016,13.038404810405298,106.53168542738823,12.165525060596439,24.186773244895647,30.4138126514911,33.54101966249684,24.186773244895647,73.55270219373317,49.36598018878993,42.5,50.0,32.0,17.0,32.0,9.0,9.0,14.035668847618199,14.560219778561036,14.0,35.0,60.0,44.91102314577124,264.21392847463585,265.1980392084376,254.82739256210272,238.549785160247
3032,36,3032,0,101.06666666666348,13.038404810405298,106.21205204683694,12.041594578792296,23.194827009486403,28.160255680657446,31.575306807693888,24.186773244895647,72.44308110509934,49.25444142409901,42.5,49.0,33.0,17.0,31.0,9.0,8.0,15.033296378372908,14.317821063276353,14.5,34.0,59.0,41.97618372363071,264.5770209220748,264.39364591457183,253.03359460751452,238.549785160247
3033,36,3033,0,101.0999999999968,13.0,107.20074626605917,12.165525060596439,23.194827009486403,29.274562336608895,32.38826948140329,24.186773244895647,72.44308110509934,49.25444142409901,42.5,48.0,32.0,16.0,32.0,10.0,8.0,14.035668847618199,13.341664064126334,14.0,35.0,60.0,42.95346318982906,263.86549603917524,263.53178176455305,252.3529274646918,237.8949347926517
3034,36,3034,0,101.13333333333014,14.0,105.38026380684383,12.165525060596439,22.20360331117452,29.274562336608895,32.38826948140329,24.08318915758459,72.3394774656273,50.15974481593781,43.0,49.0,32.0,16.5,31.5,10.5,7.5,14.035668847618199,15.132745950421556,15.0,37.0,60.0,42.95346318982906,263.69679558159214,263.3704615176121,253.3396929026322,238.88281646028875
3035,36,3035,0,101.16666666666347,14.035668847618199,105.07616285342742,11.045361017187261,21.213203435596427,28.284271247461902,31.400636936215164,24.186773244895647,70.45565981523414,49.25444142409901,42.0,48.0,33.0,16.5,29.5,9.5,8.5,15.033296378372908,15.297058540778355,15.0,36.0,59.0,43.73785545725808,263.86549603917524,263.69679558159214,252.3529274646918,237.8949347926517
3036,36,3036,0,101.1999999999968,15.0,103.0970416646375,11.180339887498949,23.08679276123039,29.154759474226502,31.400636936215164,24.08318915758459,73.24616030891995,50.15974481593781,42.5,49.0,34.0,17.5,31.5,9.5,9.5,13.038404810405298,13.341664064126334,14.0,36.0,58.0,42.7551166528639,264.35771220072246,262.2250941462315,251.20509548972132,235.76471322061747
3037,36,3037,0,101.23333333333014,16.0,103.0970416646375,10.198039027185569,22.090722034374522,29.274562336608895,32.38826948140329,25.079872407968907,73.24616030891995,51.15662224971465,43.0,50.0,35.0,17.5,30.5,9.5,10.5,14.035668847618199,13.152946437965905,14.0,36.0,58.0,42.579337712087536,264.51843035977663,263.0589287593181,251.04780421266383,236.60304309116566
3038,36,3038,0,101.26666666666348,20.0,100.9752444909147,11.045361017187261,23.08679276123039,28.160255680657446,31.400636936215164,24.186773244895647,78.23042886243178,55.14526271584895,45.0,51.0,37.0,20.0,34.0,11.0,12.0,16.0312195418814,16.278820596099706,16.0,37.0,57.0,40.607881008493905,263.89770745499095,262.90872941003687,250.59928172283335,235.32530675641326
3039,36,3039,0,101.2999999999968,23.0,98.73196037757987,11.045361017187261,23.194827009486403,29.068883707497267,31.144823004794873,24.08318915758459,81.2219182240853,58.077534382926416,46.5,52.0,40.0,22.0,35.0,12.0,13.0,17.029386365926403,16.278820596099706,17.0,37.0,57.0,42.579337712087536,264.5996976566678,263.60955976595386,250.59928172283335,233.3452377915607
3040,36,3040,0,101.33333333333012,26.0,97.62171889492625,11.045361017187261,23.08679276123039,28.0178514522438,31.144823004794873,23.08679276123039,83.15046602394962,60.07495318350236,47.0,53.0,42.0,24.5,35.5,11.5,14.5,16.0312195418814,16.1245154965971,16.5,38.0,55.0,40.44749683231337,264.9396157617807,262.8345487183905,249.80792621532248,232.57256931977167
3041,36,3041,0,101.36666666666346,25.0,97.41663102366043,12.041594578792296,23.08679276123039,27.018512172212592,30.14962686336267,22.02271554554524,82.09750300709517,59.033888572581766,46.5,52.0,43.0,25.5,34.5,10.5,14.5,17.029386365926403,17.26267650163207,17.5,39.0,55.0,41.30375285612676,263.60007587252323,262.60616900598507,250.56935167733502,234.33736364481018
3042,36,3042,0,101.3999999999968,24.0,97.41663102366043,12.041594578792296,23.08679276123039,27.018512172212592,30.14962686336267,22.090722034374522,81.15417426109393,58.077534382926416,46.0,53.0,44.0,26.5,32.5,9.5,15.5,17.029386365926403,16.1245154965971,16.5,39.0,55.0,40.311288741492746,264.48629454094595,263.4919353604584,250.4595775769016,234.23279018958897
3043,36,3043,0,101.43333333333013,25.0,96.33275663033837,12.041594578792296,23.08679276123039,27.018512172212592,30.066592756745816,23.021728866442675,83.09632964216891,60.03332407921454,47.5,54.0,46.0,27.0,33.0,9.0,16.0,17.029386365926403,17.26267650163207,17.5,41.0,55.0,40.311288741492746,263.1900454044567,263.28691574022434,250.353749722268,234.23279018958897
3044,36,3044,0,101.46666666666346,26.0,96.25487000666512,12.041594578792296,23.021728866442675,27.018512172212592,31.064449134018133,22.02271554554524,83.05419917138447,60.03332407921454,47.0,53.0,46.0,27.5,33.5,9.5,15.5,18.027756377319946,17.11724276862369,18.0,40.0,53.0,38.2099463490856,264.09278672466615,264.09278672466615,251.05577069647293,233.94443784796422
3045,36,3045,0,101.4999999999968,25.019992006393608,97.25224933131366,12.041594578792296,23.08679276123039,27.018512172212592,30.066592756745816,22.02271554554524,82.05485969764375,59.00847396772772,46.5,52.0,45.0,26.5,33.5,9.5,15.5,18.0,17.11724276862369,17.5,40.0,52.0,39.20459156782532,264.003787851614,262.1945842308723,249.25689559167665,232.34887561595818
3046,36,3046,0,101.53333333333012,24.0,98.2496819333274,13.0,24.020824298928627,26.019223662515376,30.14962686336267,22.02271554554524,83.02409288875127,59.00847396772772,47.0,53.0,46.0,27.5,33.5,9.5,15.5,18.0,17.11724276862369,18.0,41.0,52.0,41.30375285612676,262.76224995230956,261.92556194461054,249.06424873915566,232.04525420701884
3047,36,3047,0,101.56666666666344,24.0,97.12878049270464,12.0,24.020824298928627,26.0,29.068883707497267,22.0,82.00609733428362,58.0,46.0,52.0,47.0,27.5,32.5,8.5,15.5,17.0,18.110770276274835,18.5,42.0,52.0,39.20459156782532,262.68802789621,261.92556194461054,248.9738942138312,232.04525420701884
3048,36,3048,0,101.59999999999678,24.08318915758459,97.18538984847466,12.041594578792296,23.08679276123039,26.0,30.066592756745816,22.0,81.00617260431454,58.008620049092706,46.0,52.0,46.0,27.0,32.0,8.0,16.0,18.027756377319946,17.11724276862369,17.5,42.0,51.0,39.20459156782532,262.6175927084855,261.76516192954324,247.80839372386077,231.8641843838759
3049,36,3049,0,101.63333333333011,22.090722034374522,98.08159868191383,12.041594578792296,23.021728866442675,28.0178514522438,30.066592756745816,23.021728866442675,80.00624975587844,57.0350769263968,46.0,51.0,47.0,26.0,31.0,7.0,15.0,17.029386365926403,17.11724276862369,18.0,42.0,48.0,39.05124837953327,262.32232081925474,261.43067914841214,247.58432906789557,231.5534495532295
3050,36,3050,0,101.66666666666345,22.02271554554524,97.04638066409278,12.041594578792296,23.0,27.0,30.01666203960727,22.02271554554524,79.00632886041473,56.00892785976178,45.0,49.0,46.0,25.5,31.5,7.5,13.5,19.026297590440446,18.027756377319946,18.5,43.0,49.0,40.11234224026316,261.23169792351007,261.3235542388018,248.45321491178174,231.42385356743154
3051,36,3051,0,101.69999999999678,22.02271554554524,97.082439194738,12.041594578792296,23.021728866442675,27.018512172212592,30.066592756745816,23.021728866442675,80.0,57.0087712549569,46.0,51.0,47.0,26.0,31.0,7.0,15.0,19.026297590440446,18.027756377319946,18.5,43.0,49.0,40.049968789001575,262.23081436017395,261.3235542388018,248.39484696748443,232.48440807933767
3052,36,3052,0,101.73333333333012,19.026297590440446,97.02061636580135,12.0,23.021728866442675,26.019223662515376,29.068883707497267,22.02271554554524,76.00657866263946,53.03772242470448,43.5,47.0,45.0,24.0,30.0,6.0,12.0,18.0,17.029386365926403,18.0,45.0,48.0,41.048751503547585,262.0934947685654,260.1922366251537,247.34186867572583,231.42385356743154
3053,36,3053,0,101.76666666666344,19.026297590440446,97.02061636580135,12.0,23.021728866442675,26.019223662515376,29.068883707497267,22.02271554554524,76.00657866263946,53.03772242470448,43.5,47.0,45.0,24.0,30.0,6.0,12.0,18.0,17.029386365926403,18.0,45.0,48.0,41.048751503547585,262.0934947685654,260.1922366251537,247.34186867572583,231.42385356743154
3054,36,3054,0,101.79999999999676,17.11724276862369,97.02061636580135,12.0,23.021728866442675,27.018512172212592,30.01666203960727,23.021728866442675,75.02666192761077,52.08646657242167,43.5,47.0,45.0,23.0,29.0,5.0,11.0,18.0,17.11724276862369,18.0,45.0,47.0,41.012193308819754,262.0477055804916,260.1230478062257,247.24481794367298,232.26062946612367
3055,36,3055,0,101.8333333333301,16.1245154965971,97.0051545022222,11.0,23.0,27.018512172212592,29.017236257093817,23.08679276123039,73.10950690573696,50.15974481593781,42.0,44.0,43.0,20.5,29.5,5.5,9.5,18.027756377319946,17.029386365926403,18.0,46.0,47.0,41.012193308819754,263.0,261.01724080987447,248.0987706539474,233.13729860320507
3056,36,3056,0,101.86666666666343,16.1245154965971,97.0051545022222,11.0,23.0,27.018512172212592,29.017236257093817,23.08679276123039,73.10950690573696,50.15974481593781,42.0,44.0,43.0,20.5,29.5,5.5,9.5,18.027756377319946,17.029386365926403,18.0,46.0,47.0,41.012193308819754,263.0,261.01724080987447,248.0987706539474,233.13729860320507
3057,36,3057,0,101.89999999999677,15.132745950421556,97.0051545022222,12.0,22.0,26.019223662515376,29.017236257093817,23.021728866442675,72.06247289678588,50.08991914547278,42.5,44.0,43.0,20.5,28.5,5.5,8.5,18.110770276274835,17.11724276862369,18.0,48.0,47.0,42.01190307520001,262.0,261.01724080987447,248.05039810490126,231.07790893982056
3058,36,3058,0,101.9333333333301,14.142135623730951,98.00510190801293,11.0,23.0,27.018512172212592,29.0,23.08679276123039,71.11258679024411,48.16637831516918,41.0,43.0,42.0,19.5,28.5,4.5,8.5,19.1049731745428,18.110770276274835,18.5,47.0,46.0,43.0,262.0019083899963,261.01724080987447,250.04999500099976,233.05364189387817
3059,36,3059,0,101.96666666666344,14.035668847618199,97.0051545022222,11.0,22.0,27.018512172212592,30.01666203960727,23.08679276123039,70.06425622241343,48.093658625644196,41.0,43.0,42.0,19.5,27.5,4.5,8.5,18.027756377319946,17.11724276862369,18.0,47.0,46.0,42.0,263.0019011338131,262.01717500957835,250.04999500099976,234.05341270744162
3060,36,3060,0,101.99999999999676,13.152946437965905,95.04735661763561,10.0,23.0,25.019992006393608,27.018512172212592,23.08679276123039,69.1158447825099,46.17358552246078,39.5,40.0,43.0,18.5,27.5,3.5,8.5,18.110770276274835,17.11724276862369,17.5,48.0,47.0,43.01162633521314,262.0,262.0019083899963,250.0079998720041,233.0085835328819
3061,36,3061,0,102.03333333333008,12.165525060596439,95.04735661763561,12.0,24.020824298928627,24.08318915758459,27.018512172212592,22.20360331117452,70.25667228100119,46.2709412050371,40.0,39.0,42.0,18.5,29.5,3.5,6.5,18.110770276274835,17.029386365926403,18.0,48.0,47.0,41.0,263.0019011338131,262.0019083899963,250.00199999200007,233.00214591286493
3062,36,3062,0,102.06666666666342,12.165525060596439,95.04735661763561,12.0,23.021728866442675,24.020824298928627,27.018512172212592,22.20360331117452,69.26037828369117,46.2709412050371,40.0,39.0,42.0,18.5,28.5,4.5,6.5,17.029386365926403,17.11724276862369,17.5,48.0,46.0,43.0,263.0,262.0019083899963,250.0079998720041,232.0021551624036
3063,36,3063,0,102.09999999999675,8.246211251235321,90.0499861188218,14.0,26.019223662515376,23.021728866442675,26.019223662515376,24.186773244895647,72.24956747275377,46.2709412050371,42.0,40.0,43.0,17.5,30.5,2.5,4.5,18.110770276274835,17.11724276862369,18.0,48.0,46.0,41.0,262.00763347658403,261.0,249.0180716333656,233.01931250435015
3064,36,3064,0,102.13333333333009,9.055385138137417,90.0499861188218,14.035668847618199,25.0,21.02379604162864,25.0,25.179356624028344,73.17103251970687,48.25971404805462,43.5,40.0,43.0,16.5,31.5,4.5,3.5,15.132745950421556,14.0,14.5,49.0,46.0,43.01162633521314,262.0686932847951,261.03064954139006,248.0080643850115,231.00865784641059
3065,36,3065,0,102.16666666666342,11.180339887498949,90.08884503644167,12.0,23.0,23.021728866442675,25.019992006393608,25.317977802344327,71.25307010929424,48.373546489791295,42.5,39.0,43.0,16.0,30.0,4.0,4.0,11.045361017187261,10.0,10.5,49.0,47.0,43.0,263.0684321616716,262.0477055804916,249.00803199896987,232.0086205294967
3066,36,3066,0,102.19999999999676,14.142135623730951,95.04735661763561,12.0,24.0,24.020824298928627,27.018512172212592,24.331050121192877,74.24284477308234,50.35871324805669,43.0,40.0,43.0,17.5,32.5,6.5,5.5,8.0,8.06225774829855,8.0,50.0,48.0,43.01162633521314,262.0477055804916,262.0477055804916,249.0180716333656,233.01931250435015
3067,36,3067,0,102.23333333333008,19.026297590440446,97.082439194738,11.0,23.021728866442675,26.076809620810597,30.01666203960727,23.345235059857504,76.23647421018367,53.23532661682466,43.5,39.0,43.0,18.0,35.0,9.0,7.0,8.0,8.06225774829855,8.0,50.0,47.0,45.0111097397076,264.09278672466615,262.1221089492453,249.07227866625382,233.10512649875378
3068,36,3068,0,102.2666666666634,22.02271554554524,99.12618221237011,10.0,24.020824298928627,27.073972741361768,31.064449134018133,23.345235059857504,79.22752047110903,55.226805085936306,44.0,38.0,43.0,17.5,38.5,12.5,7.5,10.0,9.0,9.0,50.0,47.0,43.0,263.0931394012394,262.0934947685654,249.07227866625382,232.1055794245369
3069,36,3069,0,102.29999999999674,21.095023109728988,99.12618221237011,10.0,24.020824298928627,28.071337695236398,31.016124838541646,23.345235059857504,78.31347265956222,54.3323108288245,43.5,37.0,42.0,16.5,38.5,12.5,6.5,10.04987562112089,10.0,10.0,51.0,47.0,44.0,264.12118430750684,262.1221089492453,249.07227866625382,233.13729860320507
3070,36,3070,0,102.33333333333007,23.08679276123039,99.12618221237011,10.04987562112089,25.0,28.071337695236398,32.0624390837628,23.194827009486403,81.2219182240853,56.32051136131489,44.5,38.0,43.0,17.5,40.5,12.5,7.5,11.180339887498949,12.041594578792296,12.0,50.0,47.0,42.04759208325728,265.09243670840556,263.1216448717209,250.12796724876648,233.21449354617735
3071,36,3071,0,102.3666666666634,20.09975124224178,102.17631819555841,10.0,24.020824298928627,28.071337695236398,32.0624390837628,23.194827009486403,77.23341245859851,53.23532661682466,43.0,36.0,42.0,16.0,38.0,12.0,6.0,14.035668847618199,13.038404810405298,13.5,51.0,47.0,42.01190307520001,265.1207272168662,263.1216448717209,250.12796724876648,233.13729860320507
3072,36,3072,0,102.39999999999674,17.11724276862369,101.1236866416568,10.0,23.021728866442675,28.0178514522438,32.01562118716424,24.08318915758459,74.16872656315464,51.15662224971465,42.5,36.0,41.0,14.5,35.5,10.5,5.5,15.033296378372908,14.0,14.0,51.0,47.0,42.01190307520001,265.1207272168662,263.1216448717209,250.09798079952586,234.13671220037236
3073,36,3073,0,102.43333333333008,18.110770276274835,101.04454463255303,10.0,24.020824298928627,27.073972741361768,31.016124838541646,23.08679276123039,75.16648189186454,51.15662224971465,42.0,36.0,39.0,14.5,37.5,11.5,4.5,14.035668847618199,14.0,14.0,51.0,46.0,42.01190307520001,267.0674072214728,265.09243670840556,252.07141845120006,235.07658326596462
3074,36,3074,0,102.4666666666634,20.09975124224178,101.07917688624102,10.04987562112089,23.021728866442675,28.071337695236398,32.01562118716424,21.095023109728988,74.24284477308234,51.24451190127583,41.0,36.0,40.0,17.0,36.0,11.0,6.0,14.035668847618199,14.0,14.0,51.0,47.0,42.0,265.1886121235224,264.2290672882149,251.16130275183716,234.17301296263838
3075,36,3075,0,102.49999999999672,24.08318915758459,100.12492197250393,10.04987562112089,24.020824298928627,28.071337695236398,31.016124838541646,23.08679276123039,81.2219182240853,57.21887800367987,45.0,40.0,45.0,19.5,38.5,12.5,9.5,16.0312195418814,16.0312195418814,15.5,52.0,47.0,41.012193308819754,265.09243670840556,263.1539473388153,249.09837414162303,233.13729860320507
3076,36,3076,0,102.53333333333006,28.071337695236398,98.08159868191383,11.045361017187261,25.019992006393608,28.071337695236398,32.01562118716424,21.213203435596427,85.28774824088158,60.29925372672534,46.0,43.0,47.0,24.0,40.0,13.0,13.0,16.0312195418814,16.0312195418814,16.0,51.0,47.0,43.01162633521314,266.12027356065903,263.1539473388153,249.12848090894786,232.17450333746814
3077,36,3077,0,102.5666666666634,28.071337695236398,97.12878049270464,10.04987562112089,25.019992006393608,28.071337695236398,32.01562118716424,21.095023109728988,84.2140130857092,59.21148537234985,45.0,42.0,47.0,23.5,39.5,12.5,12.5,16.1245154965971,16.0,16.5,51.0,47.0,43.01162633521314,265.1527861441399,263.1539473388153,249.12848090894786,232.17450333746814
3078,36,3078,0,102.59999999999673,25.179356624028344,97.18538984847466,10.0,25.019992006393608,28.071337695236398,31.064449134018133,20.223748416156685,80.30566605165541,55.326304774492215,42.5,40.0,46.0,23.0,37.0,10.0,12.0,16.0312195418814,16.0312195418814,15.5,50.0,46.0,42.0,265.1527861441399,263.1539473388153,248.12899870833317,231.17525819170183
3079,36,3079,0,102.63333333333006,21.213203435596427,95.25754563287887,10.0,24.0,26.1725046566048,30.066592756745816,20.223748416156685,75.23961722390672,51.35172830587107,40.5,38.0,45.0,21.5,33.5,6.5,10.5,15.132745950421556,15.033296378372908,15.0,51.0,47.0,42.0,264.09278672466615,263.1216448717209,250.0719896349849,233.0772404161333
3080,36,3080,0,102.6666666666634,19.1049731745428,91.35097153287424,11.0,24.020824298928627,26.1725046566048,29.068883707497267,19.4164878389476,73.33484846919642,49.36598018878993,39.5,37.0,45.0,22.0,32.0,5.0,10.0,16.1245154965971,16.0,16.5,51.0,47.0,41.0,265.09243670840556,263.0931394012394,250.0719896349849,233.0772404161333
3081,36,3081,0,102.69999999999672,19.1049731745428,88.2779700718135,13.0,24.020824298928627,25.079872407968907,29.068883707497267,17.72004514666935,73.43704787094863,49.49747468305833,39.5,37.0,44.0,23.5,32.5,5.5,10.5,16.0312195418814,16.0312195418814,16.0,51.0,47.0,43.0,265.1207272168662,264.09278672466615,251.127457678367,233.173754955398
3082,36,3082,0,102.73333333333004,17.11724276862369,85.28774824088158,15.033296378372908,26.0,25.079872407968907,28.071337695236398,16.492422502470642,74.33034373659252,48.507731342539614,39.5,38.0,45.0,25.5,32.5,3.5,10.5,16.0312195418814,16.0312195418814,16.0,52.0,48.0,44.0,264.12118430750684,262.0686932847951,249.07227866625382,232.07757323791543
3083,36,3083,0,102.76666666666338,16.1245154965971,83.15046602394962,15.0,27.018512172212592,25.019992006393608,29.068883707497267,16.492422502470642,74.33034373659252,47.38143096192854,39.0,39.0,44.0,25.5,32.5,2.5,10.5,16.1245154965971,16.0312195418814,16.0,52.0,48.0,43.0,265.09243670840556,264.09278672466615,250.09798079952586,232.1055794245369
3084,36,3084,0,102.79999999999671,16.1245154965971,81.09870529176159,16.0,29.0,24.020824298928627,28.0178514522438,17.46424919657298,78.23042886243178,49.36598018878993,41.0,42.0,46.0,27.0,34.0,3.0,12.0,16.1245154965971,16.0312195418814,16.5,51.0,48.0,42.0,262.0934947685654,262.0477055804916,249.0180716333656,232.01939574095957
3085,36,3085,0,102.83333333333005,20.09975124224178,79.1012010022604,16.0,28.0,22.02271554554524,26.019223662515376,19.4164878389476,83.21658488546619,55.326304774492215,45.0,46.0,50.0,29.0,35.0,5.0,14.0,16.1245154965971,17.029386365926403,17.0,53.0,49.0,42.0,264.15336454416024,263.1216448717209,249.07227866625382,229.10696191953662
3086,36,3086,0,102.86666666666338,23.021728866442675,79.1580697086532,16.0312195418814,27.018512172212592,23.0,26.0,20.223748416156685,86.20904824900923,59.21148537234985,47.5,48.0,53.0,30.5,35.5,6.5,14.5,17.11724276862369,17.029386365926403,17.0,53.0,48.0,44.04543109109048,264.15336454416024,264.09278672466615,249.09837414162303,229.13969538253298
3087,36,3087,0,102.89999999999672,26.076809620810597,82.09750300709517,13.038404810405298,26.019223662515376,23.021728866442675,27.018512172212592,21.213203435596427,86.28441342444185,60.29925372672534,47.0,48.0,52.0,29.0,36.0,8.0,16.0,16.0312195418814,16.0312195418814,16.0,53.0,48.0,42.01190307520001,265.1207272168662,264.12118430750684,249.07227866625382,231.07790893982056
3088,36,3088,0,102.93333333333004,20.024984394500787,87.05170877128145,14.035668847618199,25.019992006393608,23.08679276123039,26.019223662515376,23.194827009486403,82.21921916437786,57.21887800367987,47.0,47.0,50.0,25.5,33.5,6.5,11.5,16.1245154965971,16.0312195418814,16.5,53.0,48.0,44.01136216933077,265.09243670840556,263.0684321616716,250.0319979522621,231.05410621756974
3089,36,3089,0,102.96666666666336,20.09975124224178,87.09190547921202,14.0,26.019223662515376,23.021728866442675,27.018512172212592,23.194827009486403,83.21658488546619,57.21887800367987,47.0,47.0,51.0,26.0,34.0,6.0,12.0,17.11724276862369,17.029386365926403,17.5,52.0,48.0,43.0,265.09243670840556,263.0931394012394,249.0321264415497,230.07824755939012
3090,36,3090,0,102.9999999999967,4.123105625617661,90.08884503644167,15.0,24.020824298928627,22.0,25.019992006393608,28.160255680657446,71.17583859709698,47.16990566028302,45.0,42.0,46.0,16.0,27.0,1.0,2.0,17.11724276862369,17.029386365926403,17.0,52.0,47.0,43.01162633521314,263.1539473388153,263.1539473388153,251.19912420229494,233.30880823492285
3091,36,3091,0,103.03333333333003,1.0,95.1892851112981,15.0,22.02271554554524,22.02271554554524,25.019992006393608,30.14962686336267,67.1863081289633,45.17742799230607,45.0,40.0,46.0,13.0,24.0,0.0,1.0,17.029386365926403,17.0,17.0,51.0,46.0,42.01190307520001,263.1216448717209,262.1221089492453,250.09798079952586,233.13729860320507
3092,36,3092,0,103.06666666666337,1.4142135623730951,96.18731725128839,14.035668847618199,22.02271554554524,23.08679276123039,25.019992006393608,29.154759474226502,66.27216610312357,44.28317965096906,43.5,39.0,45.0,13.0,24.0,0.0,1.0,16.1245154965971,17.029386365926403,16.5,50.0,45.0,41.012193308819754,262.1221089492453,262.0934947685654,251.09759058979438,234.10467744152402
3093,36,3093,0,103.0999999999967,2.8284271247461903,99.12618221237011,16.0,22.0,24.020824298928627,25.019992006393608,28.160255680657446,68.18357573492314,46.2709412050371,45.0,40.0,45.0,14.5,25.5,0.5,0.5,17.11724276862369,17.0,17.0,51.0,46.0,41.012193308819754,263.1216448717209,262.1221089492453,250.09798079952586,234.10467744152402
3094,36,3094,0,103.13333333333004,12.165525060596439,98.12746812182611,14.0,21.02379604162864,24.08318915758459,27.018512172212592,25.179356624028344,72.24956747275377,51.24451190127583,45.0,40.0,45.0,17.5,29.5,5.5,3.5,17.029386365926403,17.029386365926403,17.0,52.0,46.0,43.01162633521314,263.1539473388153,262.1907702418222,250.1619475459847,234.21357774475842
3095,36,3095,0,103.16666666666336,18.027756377319946,99.12618221237011,11.045361017187261,21.02379604162864,26.076809620810597,29.017236257093817,24.186773244895647,74.24284477308234,53.23532661682466,44.0,40.0,45.0,18.5,31.5,7.5,7.5,17.11724276862369,17.029386365926403,17.0,51.0,46.0,42.01190307520001,262.1221089492453,263.0684321616716,250.04999500099976,234.05341270744162
3096,36,3096,0,103.19999999999668,19.1049731745428,99.18165152889924,10.04987562112089,22.02271554554524,25.079872407968907,29.068883707497267,24.186773244895647,75.32595834106593,53.33854141237835,43.5,39.0,45.0,18.0,33.0,9.0,8.0,17.11724276862369,17.0,17.0,52.0,46.0,42.01190307520001,265.1527861441399,263.1539473388153,250.12796724876648,233.13729860320507
3097,36,3097,0,103.23333333333002,19.1049731745428,99.12618221237011,10.0,22.02271554554524,26.076809620810597,29.068883707497267,24.331050121192877,75.32595834106593,53.33854141237835,43.5,39.0,44.0,17.5,33.5,8.5,7.5,16.0312195418814,17.029386365926403,17.0,52.0,47.0,42.0,263.1539473388153,264.12118430750684,251.09759058979438,234.10467744152402
3098,36,3098,0,103.26666666666335,18.110770276274835,100.17983829094555,11.045361017187261,23.021728866442675,27.16615541441225,31.064449134018133,23.194827009486403,75.32595834106593,52.3450093132096,43.0,38.0,44.0,18.0,34.0,9.0,7.0,17.029386365926403,17.029386365926403,16.5,52.0,47.0,43.01162633521314,265.1207272168662,264.09278672466615,251.04979585731593,235.10423220350586
3099,36,3099,0,103.29999999999669,19.1049731745428,99.12618221237011,10.04987562112089,23.0,28.071337695236398,31.064449134018133,23.345235059857504,75.32595834106593,52.46903848937962,42.5,39.0,44.0,18.5,33.5,8.5,8.5,16.1245154965971,17.0,16.5,51.0,46.0,43.01162633521314,265.09243670840556,263.1216448717209,251.09759058979438,233.10512649875378
3100,36,3100,0,103.33333333333002,21.213203435596427,99.08077512817509,10.04987562112089,23.0,27.073972741361768,30.01666203960727,23.194827009486403,77.31752712031083,54.45181356024793,43.5,40.0,44.0,19.0,35.0,10.0,9.0,16.1245154965971,17.029386365926403,16.5,52.0,47.0,43.01162633521314,264.12118430750684,263.1216448717209,249.07227866625382,233.0772404161333
3101,36,3101,0,103.36666666666336,20.09975124224178,100.07996802557443,10.04987562112089,23.021728866442675,28.071337695236398,31.016124838541646,24.331050121192877,77.41446893184762,54.45181356024793,44.0,40.0,44.0,18.0,35.0,10.0,8.0,16.1245154965971,17.029386365926403,17.0,52.0,47.0,42.01190307520001,263.1539473388153,263.1539473388153,251.09759058979438,234.17301296263838
3102,36,3102,0,103.39999999999668,23.194827009486403,100.04498987955368,10.0,21.0,27.073972741361768,31.0,22.360679774997898,76.32168761236873,55.44366510251645,43.5,39.0,42.0,18.5,35.5,12.5,8.5,16.1245154965971,17.029386365926403,17.0,52.0,47.0,42.01190307520001,264.09278672466615,263.0684321616716,250.01799935204664,233.01931250435015
3103,36,3103,0,103.43333333333,26.1725046566048,98.08159868191383,10.04987562112089,23.021728866442675,28.0178514522438,31.0,23.08679276123039,82.29823813423954,59.30430001273095,46.0,40.0,44.0,19.0,40.0,15.0,9.0,15.132745950421556,16.0312195418814,15.5,51.0,46.0,42.01190307520001,266.12027356065903,262.0934947685654,249.0501957437496,232.0538730553748
3104,36,3104,0,103.46666666666334,25.079872407968907,96.02083107326243,11.045361017187261,24.020824298928627,26.019223662515376,29.017236257093817,25.317977802344327,85.37564055396598,61.40032573203501,48.5,44.0,46.0,20.0,40.0,15.0,9.0,17.029386365926403,16.0312195418814,16.0,52.0,47.0,43.0,266.1522120892479,264.12118430750684,250.04999500099976,232.0538730553748
3105,36,3105,0,103.49999999999667,9.219544457292887,98.04590761474952,13.0,22.0,23.0,26.0,30.265491900843113,74.24284477308234,52.3450093132096,47.5,40.0,43.0,11.5,32.5,9.5,0.5,17.11724276862369,17.029386365926403,17.0,52.0,47.0,43.01162633521314,264.06817301598466,264.04734423962685,251.01792764661252,234.03418553707064
3106,36,3106,0,103.53333333333,2.23606797749979,98.08159868191383,13.038404810405298,20.0,21.02379604162864,24.020824298928627,32.0624390837628,66.18912297349165,46.2709412050371,45.5,39.0,43.0,9.0,25.0,2.0,3.0,16.0312195418814,15.033296378372908,15.0,51.0,46.0,44.0,262.0686932847951,264.030301291348,253.03161857759991,236.03389587091087
3107,36,3107,0,103.56666666666334,5.0990195135927845,95.02105029939419,15.0,25.0,22.0,25.0,27.294688127912362,72.17340230306452,47.265209192385896,44.5,42.0,44.0,16.0,29.0,2.0,2.0,16.1245154965971,16.0312195418814,16.0,51.0,48.0,44.0,263.04752422328556,264.0170449043016,252.00198411917316,235.00212764994276
3108,36,3108,0,103.59999999999668,9.219544457292887,92.04890004774636,13.0,25.0,21.02379604162864,24.020824298928627,25.317977802344327,72.24956747275377,47.38143096192854,42.5,41.0,44.0,17.5,29.5,2.5,4.5,16.0312195418814,15.033296378372908,15.0,52.0,48.0,44.0,264.04734423962685,265.03018695990085,253.00790501484337,234.00854685246006
3109,36,3109,0,103.63333333333,13.152946437965905,92.04890004774636,13.0,24.020824298928627,22.090722034374522,25.019992006393608,22.360679774997898,72.3394774656273,48.373546489791295,41.5,42.0,45.0,21.5,28.5,2.5,8.5,11.045361017187261,12.0,11.5,52.0,48.0,45.0,264.09278672466615,264.06817301598466,252.03174403237384,234.05341270744162
3110,36,3110,0,103.66666666666332,15.132745950421556,94.04786015641186,11.045361017187261,24.0,24.020824298928627,27.018512172212592,22.20360331117452,72.24956747275377,48.373546489791295,40.5,41.0,44.0,20.5,29.5,2.5,9.5,8.0,8.0,7.5,52.0,48.0,43.0,264.030301291348,264.030301291348,252.00198411917316,235.0
3111,36,3111,0,103.69999999999666,18.24828759089466,96.08329719571451,10.0,23.0,25.079872407968907,28.071337695236398,21.37755832643195,72.3394774656273,49.49747468305833,40.0,40.0,44.0,21.0,30.0,5.0,10.0,9.0,8.06225774829855,8.0,52.0,49.0,43.0,264.15336454416024,263.1216448717209,250.0719896349849,234.05341270744162
3112,36,3112,0,103.73333333333,19.235384061671343,98.08159868191383,11.0,24.0,26.1725046566048,29.068883707497267,21.213203435596427,75.23961722390672,51.35172830587107,41.5,40.0,44.0,21.0,33.0,6.0,9.0,9.0,9.0,9.0,51.0,48.0,43.0,265.09243670840556,264.12118430750684,251.04979585731593,234.07691043757393
3113,36,3113,0,103.76666666666333,19.235384061671343,98.08159868191383,11.0,24.0,26.076809620810597,30.01666203960727,22.20360331117452,76.23647421018367,52.3450093132096,42.5,41.0,45.0,21.0,33.0,6.0,10.0,8.0,9.0,9.0,51.0,48.0,43.01162633521314,265.06791582535976,264.09278672466615,251.03187048659777,234.03418553707064
3114,36,3114,0,103.79999999999666,16.1245154965971,101.07917688624102,10.0,23.0,27.073972741361768,30.01666203960727,23.345235059857504,72.24956747275377,49.36598018878993,41.0,41.0,45.0,20.0,29.0,4.0,9.0,12.041594578792296,13.038404810405298,12.5,52.0,47.0,44.0,266.0676605677586,266.04698833100895,252.01785651020842,236.01906702637396
3115,36,3115,0,103.83333333333,18.24828759089466,98.08159868191383,11.0,23.0,28.071337695236398,30.01666203960727,22.360679774997898,74.33034373659252,51.478150704935004,42.0,40.0,44.0,20.0,32.0,7.0,9.0,13.038404810405298,14.035668847618199,13.5,51.0,46.0,43.01162633521314,265.1207272168662,264.09278672466615,251.03187048659777,234.03418553707064
3116,36,3116,0,103.86666666666332,18.110770276274835,99.08077512817509,11.0,23.021728866442675,27.16615541441225,31.064449134018133,21.37755832643195,73.33484846919642,50.35871324805669,41.0,40.0,44.0,21.0,31.0,6.0,10.0,14.035668847618199,14.035668847618199,13.5,51.0,46.0,44.0,265.1207272168662,264.09278672466615,250.04999500099976,233.03433223454437
3117,36,3117,0,103.89999999999664,20.024984394500787,96.08329719571451,10.04987562112089,24.020824298928627,26.076809620810597,30.01666203960727,22.20360331117452,76.23647421018367,52.23983154643591,42.0,41.0,45.0,21.0,33.0,7.0,11.0,14.035668847618199,14.035668847618199,14.0,52.0,47.0,44.01136216933077,264.15336454416024,264.09278672466615,251.03187048659777,233.05364189387817
3118,36,3118,0,103.93333333332998,22.090722034374522,96.08329719571451,10.04987562112089,22.0,26.1725046566048,29.017236257093817,22.20360331117452,76.23647421018367,54.3323108288245,43.0,42.0,46.0,22.0,32.0,7.0,11.0,15.033296378372908,15.0,15.0,51.0,47.0,45.0,265.09243670840556,264.09278672466615,251.04979585731593,233.05364189387817
3119,36,3119,0,103.96666666666331,21.095023109728988,96.08329719571451,11.0,23.0,27.073972741361768,30.066592756745816,21.37755832643195,76.23647421018367,53.33854141237835,42.5,41.0,45.0,22.0,33.0,8.0,11.0,15.132745950421556,15.033296378372908,15.0,51.0,47.0,45.0,265.1207272168662,264.09278672466615,251.04979585731593,233.0772404161333
3120,36,3120,0,103.99999999999665,6.324555320336759,95.08417323613851,15.0,23.0,24.020824298928627,26.019223662515376,28.071337695236398,72.11102550927978,49.16299421312742,46.0,42.0,46.0,16.0,28.0,4.0,2.0,16.1245154965971,16.0,16.0,52.0,46.0,43.01162633521314,264.15336454416024,263.1539473388153,252.0972034751675,235.1361307838504
3121,36,3121,0,104.03333333332998,2.23606797749979,96.08329719571451,15.033296378372908,21.02379604162864,23.021728866442675,25.019992006393608,29.154759474226502,67.26812023536856,46.2709412050371,45.0,40.0,44.0,13.0,25.0,1.0,1.0,16.0312195418814,15.033296378372908,15.0,52.0,46.0,44.01136216933077,264.18932605235966,264.15336454416024,252.1269521491108,235.17227727774377
3122,36,3122,0,104.06666666666332,1.4142135623730951,98.08159868191383,14.035668847618199,21.02379604162864,23.021728866442675,25.079872407968907,30.066592756745816,66.18912297349165,45.17742799230607,44.5,40.0,44.0,12.0,24.0,0.0,1.0,16.1245154965971,16.0,16.0,52.0,46.0,45.0111097397076,264.15336454416024,266.1522120892479,253.12645061312736,234.17301296263838
3123,36,3123,0,104.09999999999664,2.23606797749979,96.08329719571451,13.038404810405298,21.02379604162864,23.08679276123039,26.019223662515376,29.068883707497267,65.19202405202648,44.181444068749045,43.0,39.0,43.0,12.0,24.0,1.0,1.0,16.0312195418814,15.0,15.0,52.0,46.0,43.0,264.18932605235966,265.1886121235224,251.16130275183716,234.17301296263838
3124,36,3124,0,104.13333333332996,2.8284271247461903,98.12746812182611,15.0,23.021728866442675,22.02271554554524,26.019223662515376,28.160255680657446,68.26419266350405,45.27692569068709,44.0,39.0,44.0,13.5,26.5,0.5,0.5,16.0312195418814,15.033296378372908,15.5,51.0,45.0,44.01136216933077,264.2290672882149,264.18932605235966,252.1606630701942,236.13555429032706
3125,36,3125,0,104.1666666666633,9.219544457292887,100.12492197250393,13.038404810405298,23.021728866442675,25.079872407968907,29.068883707497267,25.079872407968907,70.25667228100119,47.265209192385896,42.5,39.0,44.0,16.5,28.5,3.5,3.5,16.0312195418814,16.0,16.0,51.0,46.0,44.01136216933077,264.15336454416024,264.12118430750684,253.07113624433742,235.10423220350586
3126,36,3126,0,104.19999999999663,15.132745950421556,100.07996802557443,11.045361017187261,21.02379604162864,27.073972741361768,29.017236257093817,24.08318915758459,71.25307010929424,50.24937810560445,42.5,39.0,43.0,17.0,30.0,6.0,6.0,16.1245154965971,16.0312195418814,16.0,51.0,46.0,44.0,265.1527861441399,264.09278672466615,251.03187048659777,235.03404008781365
3127,36,3127,0,104.23333333332997,17.11724276862369,99.08077512817509,11.045361017187261,22.02271554554524,27.073972741361768,30.01666203960727,22.20360331117452,72.3394774656273,50.35871324805669,41.5,40.0,44.0,20.0,30.0,6.0,9.0,17.11724276862369,17.029386365926403,17.0,52.0,46.0,45.0111097397076,266.1879035568671,265.1207272168662,252.07141845120006,234.07691043757393
3128,36,3128,0,104.2666666666633,19.1049731745428,100.07996802557443,10.0,23.021728866442675,27.073972741361768,31.016124838541646,23.194827009486403,75.23961722390672,52.23983154643591,42.5,40.0,44.0,19.0,33.0,8.0,8.0,16.1245154965971,16.0312195418814,16.0,52.0,46.0,45.0111097397076,266.1522120892479,265.09243670840556,250.0319979522621,233.03433223454437
3129,36,3129,0,104.29999999999664,19.235384061671343,99.08077512817509,11.0,22.0,27.073972741361768,30.0,22.20360331117452,74.24284477308234,52.3450093132096,42.5,39.0,43.0,19.0,33.0,9.0,8.0,16.0312195418814,17.0,17.0,51.0,46.0,44.01136216933077,265.1886121235224,263.0931394012394,250.04999500099976,233.03433223454437
3130,36,3130,0,104.33333333332996,18.110770276274835,99.08077512817509,11.045361017187261,22.02271554554524,27.073972741361768,31.016124838541646,22.20360331117452,73.33484846919642,51.35172830587107,42.0,39.0,43.0,19.0,32.0,8.0,8.0,16.0312195418814,16.0312195418814,16.0,51.0,46.0,46.010868281309364,266.1522120892479,263.1216448717209,251.04979585731593,233.03433223454437
3131,36,3131,0,104.36666666666328,18.110770276274835,99.08077512817509,11.0,22.02271554554524,27.073972741361768,31.0,22.360679774997898,73.33484846919642,51.35172830587107,42.0,39.0,43.0,19.0,32.0,8.0,8.0,16.0312195418814,16.0312195418814,15.5,52.0,47.0,44.01136216933077,265.1527861441399,264.09278672466615,250.0319979522621,233.03433223454437
3132,36,3132,0,104.39999999999662,19.026297590440446,98.04590761474952,10.04987562112089,23.021728866442675,27.073972741361768,30.01666203960727,23.194827009486403,75.23961722390672,52.23983154643591,42.5,40.0,43.0,18.5,33.5,8.5,8.5,16.1245154965971,16.0,16.0,51.0,46.0,44.04543109109048,265.1527861441399,265.09243670840556,250.04999500099976,234.01922997907673
3133,36,3133,0,104.43333333332995,19.1049731745428,98.04590761474952,11.045361017187261,23.021728866442675,27.073972741361768,30.01666203960727,22.20360331117452,75.32595834106593,52.3450093132096,42.5,40.0,43.0,19.5,33.5,8.5,8.5,16.1245154965971,16.0,16.0,51.0,45.0,44.01136216933077,266.1522120892479,265.1527861441399,252.07141845120006,234.07691043757393
3134,36,3134,0,104.46666666666329,20.09975124224178,97.082439194738,11.045361017187261,23.021728866442675,27.073972741361768,31.016124838541646,23.194827009486403,77.31752712031083,54.3323108288245,44.0,41.0,45.0,20.0,34.0,9.0,9.0,16.0312195418814,16.0312195418814,15.5,51.0,46.0,43.01162633521314,266.12027356065903,264.06817301598466,250.01799935204664,232.01939574095957
3135,36,3135,0,104.49999999999662,21.095023109728988,98.08159868191383,11.045361017187261,23.021728866442675,27.073972741361768,31.016124838541646,22.090722034374522,77.23341245859851,54.230987451824994,43.5,41.0,45.0,21.0,34.0,9.0,10.0,16.1245154965971,16.0312195418814,16.0,51.0,46.0,43.01162633521314,266.1522120892479,264.12118430750684,250.04999500099976,232.0538730553748
3136,36,3136,0,104.53333333332996,25.079872407968907,98.08159868191383,10.04987562112089,23.021728866442675,28.071337695236398,31.016124838541646,22.20360331117452,80.30566605165541,57.3149195236284,44.5,41.0,45.0,21.0,37.0,12.0,10.0,17.029386365926403,16.0,16.5,51.0,46.0,41.012193308819754,266.12027356065903,264.09278672466615,250.0319979522621,231.01947969814148
3137,36,3137,0,104.56666666666328,29.154759474226502,99.04544411531506,11.0,23.021728866442675,28.071337695236398,32.01562118716424,23.345235059857504,86.37129152675674,63.387695966961914,48.5,44.0,47.0,22.5,40.5,15.5,11.5,16.1245154965971,15.0,15.5,51.0,46.0,42.04759208325728,266.12027356065903,263.0931394012394,249.0180716333656,231.01947969814148
3138,36,3138,0,104.5999999999966,32.0624390837628,99.08077512817509,10.04987562112089,24.020824298928627,28.071337695236398,33.015148038438355,23.194827009486403,89.27485648266257,65.27633568147036,49.0,43.0,47.0,22.0,44.0,17.0,11.0,16.1245154965971,16.0312195418814,16.0,52.0,46.0,41.012193308819754,267.1872002922296,266.1522120892479,251.07170290576354,232.1055794245369
3139,36,3139,0,104.63333333332994,35.12833614050059,99.18165152889924,10.04987562112089,24.020824298928627,28.071337695236398,32.01562118716424,23.08679276123039,92.26592003551474,68.26419266350405,50.5,43.0,49.0,23.0,46.0,19.0,12.0,16.1245154965971,16.0,15.5,50.0,46.0,42.01190307520001,265.1527861441399,263.0931394012394,250.04999500099976,230.05434140654683
3140,36,3140,0,104.66666666666328,34.132096331752024,98.18350166906862,10.04987562112089,24.020824298928627,28.071337695236398,33.015148038438355,23.08679276123039,91.26883367283708,67.26812023536856,50.0,43.0,49.0,23.0,45.0,19.0,12.0,15.132745950421556,16.0,16.0,51.0,47.0,42.04759208325728,265.1886121235224,263.1216448717209,249.07227866625382,230.10649708341572
3141,36,3141,0,104.6999999999966,35.12833614050059,100.12492197250393,11.045361017187261,23.021728866442675,29.068883707497267,32.0624390837628,22.20360331117452,91.35097153287424,68.3593446428504,50.5,44.0,49.0,24.5,44.5,18.5,13.5,17.11724276862369,16.0,16.5,50.0,45.0,41.012193308819754,265.31867631209076,263.2299375071156,248.16325271885037,230.21728866442677
3142,36,3142,0,104.73333333332994,35.22782990761707,101.1236866416568,10.0,23.021728866442675,29.154759474226502,33.015148038438355,22.20360331117452,90.35485598461214,67.36467917239716,49.5,44.0,49.0,24.5,43.5,18.5,13.5,19.1049731745428,19.026297590440446,19.0,51.0,46.0,41.048751503547585,266.1879035568671,263.1539473388153,250.0719896349849,232.07757323791543
3143,36,3143,0,104.76666666666328,30.14962686336267,100.12492197250393,9.0,24.020824298928627,28.071337695236398,32.01562118716424,24.186773244895647,87.28115489611719,63.28506932918696,48.0,43.0,48.0,21.5,41.5,15.5,11.5,19.1049731745428,19.026297590440446,19.0,52.0,46.0,42.04759208325728,266.1879035568671,263.1216448717209,250.0719896349849,232.1055794245369
3144,36,3144,0,104.7999999999966,27.073972741361768,100.07996802557443,10.04987562112089,23.021728866442675,28.071337695236398,32.01562118716424,23.345235059857504,83.38465086573187,60.40695324215582,46.5,42.0,46.0,21.0,39.0,14.0,10.0,20.09975124224178,18.027756377319946,18.5,50.0,45.0,43.04648650006177,265.1527861441399,263.0931394012394,250.0719896349849,232.1055794245369
3145,36,3145,0,104.83333333332992,23.194827009486403,101.07917688624102,10.0,24.0,28.071337695236398,31.016124838541646,22.20360331117452,79.22752047110903,55.326304774492215,43.5,40.0,44.0,20.0,37.0,12.0,9.0,20.09975124224178,18.027756377319946,19.0,50.0,45.0,42.01190307520001,266.1522120892479,264.09278672466615,250.01799935204664,232.01939574095957
3146,36,3146,0,104.86666666666326,19.1049731745428,101.07917688624102,11.0,23.021728866442675,28.160255680657446,31.016124838541646,23.08679276123039,76.16429609731846,53.150729063673246,43.5,40.0,44.0,19.0,34.0,9.0,7.0,19.1049731745428,19.0,19.5,51.0,46.0,41.048751503547585,265.09243670840556,265.04716561397146,252.03174403237384,234.03418553707064
3147,36,3147,0,104.8999999999966,17.11724276862369,100.04498987955368,11.045361017187261,23.0,28.071337695236398,30.0,23.08679276123039,74.16872656315464,51.24451190127583,42.5,41.0,44.0,19.5,31.5,6.5,8.5,19.235384061671343,18.027756377319946,19.0,51.0,45.0,41.048751503547585,264.09278672466615,263.04752422328556,251.03187048659777,234.00854685246006
3148,36,3148,0,104.93333333332993,16.1245154965971,99.08077512817509,11.045361017187261,22.02271554554524,28.071337695236398,30.0,23.021728866442675,72.17340230306452,50.15974481593781,42.0,40.0,44.0,19.0,30.0,6.0,8.0,19.1049731745428,18.027756377319946,18.5,50.0,45.0,40.049968789001575,263.04752422328556,264.0170449043016,253.00197627686626,235.0
3149,36,3149,0,104.96666666666326,16.1245154965971,99.04544411531506,11.045361017187261,22.0,28.071337695236398,30.01666203960727,22.090722034374522,71.17583859709698,49.25444142409901,41.0,39.0,42.0,18.5,30.5,6.5,7.5,19.1049731745428,18.0,18.5,50.0,45.0,40.049968789001575,264.09278672466615,263.04752422328556,251.00796800101784,234.00213674238105
3150,36,3150,0,104.9999999999966,16.1245154965971,99.08077512817509,11.045361017187261,22.02271554554524,27.073972741361768,30.01666203960727,23.08679276123039,72.24956747275377,50.24937810560445,42.0,40.0,44.0,19.0,30.0,6.0,8.0,20.223748416156685,19.026297590440446,19.5,50.0,45.0,41.048751503547585,264.09278672466615,264.030301291348,251.00796800101784,234.00213674238105
3151,36,3151,0,105.03333333332992,15.132745950421556,100.04498987955368,11.045361017187261,23.021728866442675,28.160255680657446,30.01666203960727,23.021728866442675,72.17340230306452,49.16299421312742,41.5,41.0,44.0,19.5,29.5,5.5,7.5,19.235384061671343,18.027756377319946,18.5,50.0,44.0,39.05124837953327,263.0931394012394,264.030301291348,252.00793638296395,235.0
3152,36,3152,0,105.06666666666324,13.038404810405298,99.08077512817509,13.038404810405298,23.021728866442675,27.073972741361768,29.0,22.090722034374522,71.17583859709698,48.16637831516918,41.5,40.0,44.0,20.0,29.0,4.0,7.0,20.09975124224178,18.027756377319946,18.5,50.0,45.0,40.01249804748511,263.0931394012394,263.0304164920856,251.00796800101784,235.0
3153,36,3153,0,105.09999999999658,13.152946437965905,99.04544411531506,13.0,22.02271554554524,27.073972741361768,29.017236257093817,22.090722034374522,70.178344238091,48.16637831516918,41.5,40.0,43.0,19.5,28.5,4.5,6.5,18.110770276274835,18.027756377319946,19.0,49.0,44.0,40.01249804748511,263.04752422328556,263.0171097096157,252.00198411917316,236.00211863455803
3154,36,3154,0,105.13333333332992,13.152946437965905,100.04498987955368,12.0,22.02271554554524,27.073972741361768,30.01666203960727,23.08679276123039,70.178344238091,48.16637831516918,41.5,41.0,44.0,19.5,27.5,3.5,7.5,18.110770276274835,18.027756377319946,19.0,48.0,43.0,40.049968789001575,263.04752422328556,262.00763347658403,251.0,236.00847442411893
3155,36,3155,0,105.16666666666325,13.152946437965905,99.04544411531506,12.0,23.0,27.073972741361768,30.01666203960727,23.021728866442675,71.06335201775947,48.093658625644196,41.5,42.0,45.0,20.5,27.5,2.5,8.5,18.24828759089466,18.027756377319946,18.5,49.0,44.0,42.04759208325728,262.0686932847951,262.01717500957835,250.0,235.00212764994276
3156,36,3156,0,105.19999999999658,14.035668847618199,100.04498987955368,12.041594578792296,22.02271554554524,27.018512172212592,30.01666203960727,24.08318915758459,72.17340230306452,50.15974481593781,43.0,43.0,46.0,20.5,27.5,3.5,8.5,19.1049731745428,18.027756377319946,18.5,49.0,45.0,41.012193308819754,264.06817301598466,263.0304164920856,251.0,235.00851048419503
3157,36,3157,0,105.23333333332992,13.152946437965905,100.04498987955368,12.0,23.0,27.018512172212592,30.01666203960727,24.186773244895647,72.17340230306452,49.25444142409901,42.5,43.0,46.0,20.5,27.5,2.5,8.5,19.1049731745428,18.027756377319946,18.5,48.0,43.0,41.048751503547585,264.04734423962685,263.00760445279906,250.0,234.00213674238105
3158,36,3158,0,105.26666666666324,10.198039027185569,99.04544411531506,13.0,23.0,27.018512172212592,29.017236257093817,24.186773244895647,70.178344238091,47.265209192385896,42.0,43.0,46.0,20.5,25.5,1.5,7.5,19.235384061671343,18.027756377319946,18.5,47.0,43.0,40.01249804748511,264.030301291348,263.00760445279906,251.0,234.00854685246006
3159,36,3159,0,105.29999999999656,8.246211251235321,99.08077512817509,13.038404810405298,23.0,26.076809620810597,29.017236257093817,24.020824298928627,68.11754546370561,45.17742799230607,41.0,41.0,45.0,19.0,25.0,0.0,6.0,18.110770276274835,17.029386365926403,18.0,48.0,44.0,42.01190307520001,263.0304164920856,263.0171097096157,251.0019920239678,235.00851048419503
3160,36,3160,0,105.3333333333299,7.280109889280518,98.08159868191383,14.035668847618199,22.0,26.019223662515376,28.0178514522438,23.021728866442675,66.12110101926616,44.181444068749045,40.5,41.0,45.0,20.0,23.0,1.0,6.0,19.1049731745428,18.027756377319946,18.5,48.0,45.0,41.048751503547585,263.0684321616716,262.03053257206494,251.0019920239678,235.00212764994276
3161,36,3161,0,105.36666666666324,6.324555320336759,98.08159868191383,14.0,22.0,27.073972741361768,29.017236257093817,23.08679276123039,65.12296062065974,43.18564576337837,40.0,40.0,44.0,19.0,23.0,1.0,5.0,19.1049731745428,18.110770276274835,18.5,48.0,44.0,41.012193308819754,263.04752422328556,263.00760445279906,250.0,234.00854685246006
3162,36,3162,0,105.39999999999657,7.280109889280518,98.04590761474952,13.0,22.02271554554524,27.073972741361768,29.017236257093817,23.08679276123039,65.19202405202648,43.18564576337837,39.5,41.0,44.0,19.5,22.5,1.5,6.5,19.1049731745428,18.027756377319946,18.5,48.0,44.0,40.01249804748511,263.0304164920856,262.00763347658403,250.00199999200007,233.0085835328819
3163,36,3163,0,105.4333333333299,11.180339887498949,97.04638066409278,12.0,21.02379604162864,26.076809620810597,28.0178514522438,24.08318915758459,68.18357573492314,47.16990566028302,41.5,43.0,46.0,20.5,23.5,1.5,8.5,19.1049731745428,18.0,18.5,49.0,45.0,41.048751503547585,264.04734423962685,262.00763347658403,249.0020080240318,232.0086205294967
3164,36,3164,0,105.46666666666324,19.1049731745428,97.082439194738,11.0,23.021728866442675,27.018512172212592,30.066592756745816,23.08679276123039,76.16429609731846,53.150729063673246,43.5,43.0,47.0,22.0,31.0,6.0,11.0,19.235384061671343,18.027756377319946,18.5,47.0,44.0,41.012193308819754,263.04752422328556,262.01717500957835,249.0,232.0
3165,36,3165,0,105.49999999999656,19.1049731745428,96.08329719571451,11.045361017187261,23.0,27.073972741361768,30.01666203960727,23.08679276123039,76.16429609731846,53.23532661682466,43.5,43.0,47.0,22.0,31.0,6.0,11.0,20.09975124224178,19.026297590440446,19.5,47.0,44.0,42.0,263.0684321616716,262.03053257206494,248.0020161208372,231.0
3166,36,3166,0,105.53333333332988,27.073972741361768,100.07996802557443,11.0,23.021728866442675,30.066592756745816,33.0,20.09975124224178,81.15417426109393,58.137767414994535,44.5,41.0,45.0,23.0,38.0,13.0,12.0,19.1049731745428,19.026297590440446,19.0,49.0,45.0,42.0,264.06817301598466,262.03053257206494,249.0020080240318,232.0
3167,36,3167,0,105.56666666666322,27.073972741361768,101.07917688624102,10.04987562112089,23.0,29.068883707497267,32.0,22.20360331117452,82.21921916437786,59.30430001273095,45.5,42.0,46.0,22.0,38.0,12.0,12.0,20.09975124224178,19.026297590440446,19.5,49.0,45.0,43.01162633521314,265.06791582535976,263.0304164920856,249.0020080240318,231.00216449202375
3168,36,3168,0,105.59999999999656,26.1725046566048,101.04454463255303,11.0,24.0,30.066592756745816,33.015148038438355,21.213203435596427,82.21921916437786,58.309518948453004,45.0,41.0,44.0,21.5,39.5,13.5,10.5,17.11724276862369,16.0312195418814,16.5,49.0,45.0,41.012193308819754,265.04716561397146,263.0304164920856,249.0020080240318,232.0021551624036
3169,36,3169,0,105.63333333332989,28.0178514522438,102.12247548899312,11.045361017187261,24.020824298928627,29.068883707497267,33.0,21.213203435596427,84.2140130857092,60.207972893961475,46.0,39.0,44.0,20.5,42.5,16.5,9.5,10.04987562112089,11.0,11.0,49.0,45.0,43.01162633521314,265.1527861441399,263.1216448717209,250.04999500099976,233.0772404161333
3170,36,3170,0,105.66666666666322,31.064449134018133,101.07917688624102,10.04987562112089,24.0,29.017236257093817,33.015148038438355,22.20360331117452,87.20665112249179,63.28506932918696,47.5,40.0,44.0,20.0,45.0,18.0,11.0,7.0,8.06225774829855,8.0,50.0,47.0,43.0,264.12118430750684,263.0931394012394,251.04979585731593,234.07691043757393
3171,36,3171,0,105.69999999999656,31.064449134018133,101.1236866416568,10.0,24.020824298928627,29.068883707497267,34.0147027033899,22.20360331117452,87.20665112249179,63.198101237299845,47.5,40.0,45.0,20.5,44.5,17.5,10.5,7.0,7.0710678118654755,7.0,49.0,45.0,42.04759208325728,265.1207272168662,264.09278672466615,253.04940229133123,236.10379073619296
3172,36,3172,0,105.73333333332988,32.0624390837628,103.12128781197411,9.0,24.020824298928627,30.01666203960727,34.0147027033899,22.360679774997898,87.28115489611719,63.28506932918696,47.0,39.0,44.0,19.5,45.5,18.5,10.5,7.0710678118654755,8.06225774829855,8.0,50.0,47.0,42.04759208325728,264.06817301598466,264.06817301598466,251.03187048659777,235.05318547086316
3173,36,3173,0,105.7666666666632,26.019223662515376,104.0768946500615,10.04987562112089,23.021728866442675,29.017236257093817,34.058772731852805,21.095023109728988,80.15609770940699,57.14017850864661,44.0,37.0,41.0,18.0,41.0,15.0,8.0,9.055385138137417,9.055385138137417,9.0,51.0,48.0,43.0,267.0674072214728,264.12118430750684,252.0972034751675,236.13555429032706
3174,36,3174,0,105.79999999999654,23.08679276123039,103.07764064044152,10.04987562112089,24.0,29.068883707497267,34.0147027033899,22.090722034374522,79.1580697086532,55.226805085936306,43.5,37.0,41.0,17.0,40.0,13.0,7.0,10.0,10.0,10.0,50.0,46.0,43.01162633521314,267.09174453734056,264.12118430750684,251.09759058979438,236.13555429032706
3175,36,3175,0,105.83333333332988,23.08679276123039,103.07764064044152,11.0,24.020824298928627,29.068883707497267,33.015148038438355,21.213203435596427,79.22752047110903,55.226805085936306,43.5,37.0,41.0,18.0,40.0,14.0,7.0,12.041594578792296,13.038404810405298,12.5,50.0,45.0,44.04543109109048,267.1198233003309,265.1527861441399,253.12645061312736,236.25621684941964
3176,36,3176,0,105.8666666666632,26.076809620810597,103.12128781197411,10.04987562112089,24.020824298928627,31.064449134018133,34.058772731852805,22.090722034374522,82.21921916437786,58.215118311311535,45.0,38.0,43.0,18.5,41.5,14.5,8.5,12.041594578792296,12.0,12.5,50.0,45.0,44.04543109109048,266.1879035568671,263.2299375071156,251.24092023394596,236.35777964771967
3177,36,3177,0,105.89999999999654,25.079872407968907,102.07840124139877,9.0,24.020824298928627,30.14962686336267,34.058772731852805,22.20360331117452,80.22468448052632,56.22277118748239,43.5,38.0,42.0,18.0,40.0,13.0,8.0,13.038404810405298,13.038404810405298,13.5,50.0,45.0,43.01162633521314,266.1879035568671,264.2290672882149,251.19912420229494,234.30749027719963
3178,36,3178,0,105.93333333332988,23.08679276123039,102.07840124139877,9.0,24.020824298928627,30.066592756745816,34.058772731852805,22.20360331117452,78.23042886243178,54.230987451824994,42.5,38.0,42.0,18.0,38.0,11.0,9.0,14.035668847618199,15.0,14.5,50.0,45.0,43.01162633521314,266.092089322475,264.12118430750684,250.0719896349849,234.10467744152402
3179,36,3179,0,105.9666666666632,23.08679276123039,101.07917688624102,9.055385138137417,24.020824298928627,30.066592756745816,33.06055050963308,22.20360331117452,78.31347265956222,54.3323108288245,42.5,38.0,42.0,18.0,38.0,11.0,9.0,14.035668847618199,14.035668847618199,14.0,51.0,46.0,43.04648650006177,266.1879035568671,264.18932605235966,251.16130275183716,234.17301296263838
3180,36,3180,0,105.99999999999652,25.079872407968907,103.04368005850722,9.055385138137417,23.021728866442675,29.068883707497267,33.015148038438355,22.20360331117452,79.30952023559341,56.32051136131489,43.5,40.0,43.0,19.5,37.5,11.5,9.5,15.033296378372908,15.033296378372908,15.0,51.0,45.0,44.01136216933077,266.1522120892479,263.1900454044567,251.127457678367,234.17301296263838
3181,36,3181,0,106.03333333332986,25.079872407968907,100.07996802557443,10.0,24.020824298928627,29.068883707497267,33.015148038438355,21.213203435596427,80.22468448052632,56.22277118748239,43.5,40.0,44.0,21.0,38.0,11.0,11.0,15.033296378372908,15.033296378372908,15.0,52.0,46.0,44.01136216933077,266.12027356065903,264.12118430750684,251.09759058979438,233.10512649875378
3182,36,3182,0,106.0666666666632,25.079872407968907,98.08159868191383,9.0,24.020824298928627,27.018512172212592,31.016124838541646,22.20360331117452,80.22468448052632,56.22277118748239,43.5,41.0,45.0,21.0,37.0,10.0,12.0,16.1245154965971,15.033296378372908,15.0,51.0,46.0,43.01162633521314,267.1198233003309,264.09278672466615,249.0501957437496,232.07757323791543
3183,36,3183,0,106.09999999999653,23.08679276123039,97.02061636580135,9.0,23.021728866442675,26.019223662515376,29.017236257093817,23.194827009486403,78.23042886243178,55.226805085936306,43.5,43.0,45.0,21.0,34.0,9.0,12.0,16.0312195418814,16.0312195418814,16.0,51.0,46.0,44.04543109109048,266.0676605677586,264.09278672466615,249.07227866625382,232.07757323791543
3184,36,3184,0,106.13333333332986,16.0312195418814,97.082439194738,10.0,21.02379604162864,24.020824298928627,26.076809620810597,28.160255680657446,75.16648189186454,54.147945482723536,46.0,42.0,46.0,16.0,31.0,7.0,6.0,16.1245154965971,15.0,15.0,53.0,48.0,42.01190307520001,265.1527861441399,264.12118430750684,252.0972034751675,235.1361307838504
3185,36,3185,0,106.1666666666632,2.23606797749979,96.13012014972206,14.035668847618199,21.0,23.08679276123039,26.076809620810597,30.066592756745816,67.11929677819934,46.17358552246078,45.0,39.0,44.0,11.5,25.5,1.5,1.5,16.1245154965971,16.0312195418814,16.0,52.0,46.0,44.01136216933077,263.1900454044567,263.2299375071156,251.24092023394596,234.30749027719963
3186,36,3186,0,106.19999999999652,1.4142135623730951,94.08506789071261,14.0,20.024984394500787,22.02271554554524,25.019992006393608,29.068883707497267,64.1248781675256,44.10215414239989,43.5,38.0,42.0,11.0,24.0,1.0,2.0,16.0312195418814,16.0,16.0,52.0,46.0,44.0,263.2299375071156,264.27258654654287,252.1983346495373,236.30488780387088
3187,36,3187,0,106.23333333332984,2.23606797749979,96.08329719571451,13.0,21.02379604162864,22.090722034374522,24.020824298928627,30.14962686336267,66.18912297349165,45.17742799230607,44.0,38.0,42.0,10.0,26.0,2.0,3.0,15.132745950421556,15.0,15.0,51.0,46.0,44.01136216933077,263.1216448717209,265.1527861441399,253.16002844051033,236.30488780387088
3188,36,3188,0,106.26666666666318,3.1622776601683795,96.08329719571451,13.0,21.02379604162864,22.090722034374522,24.020824298928627,30.14962686336267,67.1863081289633,46.17358552246078,44.5,39.0,43.0,11.0,26.0,2.0,2.0,16.1245154965971,15.033296378372908,15.0,51.0,45.0,44.01136216933077,265.1527861441399,266.1522120892479,253.16002844051033,235.25730594393875
3189,36,3189,0,106.29999999999652,2.23606797749979,96.13012014972206,14.035668847618199,24.020824298928627,21.02379604162864,24.08318915758459,29.068883707497267,69.18092222571191,45.17742799230607,44.0,38.0,43.0,11.5,28.5,2.5,1.5,16.1245154965971,15.033296378372908,15.0,51.0,46.0,43.0,264.06817301598466,265.09243670840556,253.09681941897256,236.13555429032706
3190,36,3190,0,106.33333333332985,5.0990195135927845,94.13288479590966,13.038404810405298,24.020824298928627,21.02379604162864,24.020824298928627,29.154759474226502,71.25307010929424,47.265209192385896,44.5,38.0,43.0,11.5,30.5,4.5,1.5,15.033296378372908,15.033296378372908,15.0,52.0,47.0,43.01162633521314,265.1207272168662,265.1527861441399,253.12645061312736,235.2126697267815
3191,36,3191,0,106.36666666666318,4.123105625617661,94.19129471453293,15.033296378372908,23.021728866442675,21.095023109728988,24.020824298928627,29.154759474226502,71.25307010929424,48.25971404805462,46.0,38.0,44.0,12.0,30.0,4.0,2.0,15.132745950421556,15.0,15.0,52.0,47.0,43.01162633521314,265.09243670840556,266.12027356065903,254.12595302329905,236.17154782064668
3192,36,3192,0,106.39999999999652,4.123105625617661,94.13288479590966,15.033296378372908,23.021728866442675,21.02379604162864,24.020824298928627,29.068883707497267,71.17583859709698,48.16637831516918,46.0,39.0,44.0,12.5,29.5,3.5,1.5,16.0312195418814,15.0,15.0,52.0,48.0,45.0111097397076,264.12118430750684,265.1527861441399,252.1269521491108,234.17301296263838
3193,36,3193,0,106.43333333332984,4.47213595499958,94.13288479590966,14.0,24.020824298928627,21.02379604162864,24.020824298928627,29.154759474226502,71.25307010929424,47.265209192385896,45.0,38.0,43.0,11.5,30.5,4.5,1.5,16.0312195418814,17.029386365926403,17.0,51.0,46.0,43.01162633521314,264.09278672466615,265.09243670840556,253.09681941897256,235.17227727774377
3194,36,3194,0,106.46666666666316,4.123105625617661,96.13012014972206,15.033296378372908,23.021728866442675,21.02379604162864,23.021728866442675,28.160255680657446,70.25667228100119,47.265209192385896,45.0,39.0,44.0,13.5,28.5,3.5,0.5,17.029386365926403,16.0312195418814,16.0,52.0,47.0,43.0,264.15336454416024,265.1527861441399,253.12645061312736,236.13555429032706
3195,36,3195,0,106.4999999999965,3.605551275463989,95.13148795220224,15.0,24.0,22.02271554554524,25.0,28.160255680657446,70.178344238091,46.2709412050371,44.5,38.0,43.0,12.5,29.5,3.5,1.5,17.11724276862369,16.0312195418814,16.0,51.0,46.0,43.01162633521314,265.1207272168662,265.1527861441399,253.16002844051033,234.21357774475842
3196,36,3196,0,106.53333333332984,3.605551275463989,96.18731725128839,15.033296378372908,24.0,22.02271554554524,25.019992006393608,28.071337695236398,70.178344238091,46.2709412050371,44.5,38.0,44.0,13.0,29.0,3.0,1.0,16.1245154965971,16.0312195418814,16.0,52.0,47.0,43.01162633521314,264.12118430750684,265.1207272168662,253.09681941897256,236.13555429032706
3197,36,3197,0,106.56666666666317,4.47213595499958,95.13148795220224,15.0,23.0,22.02271554554524,25.019992006393608,28.160255680657446,70.178344238091,47.265209192385896,45.0,38.0,43.0,12.5,29.5,3.5,1.5,16.1245154965971,16.0312195418814,16.0,52.0,47.0,42.04759208325728,264.15336454416024,265.1527861441399,253.1975513309716,237.21087664776252
3198,36,3198,0,106.5999999999965,4.123105625617661,95.13148795220224,16.0312195418814,23.021728866442675,21.02379604162864,24.08318915758459,27.073972741361768,70.178344238091,47.16990566028302,45.0,38.0,43.0,13.5,29.5,3.5,1.5,16.1245154965971,16.0312195418814,16.0,52.0,46.0,43.04648650006177,265.1527861441399,265.1527861441399,252.1606630701942,235.2126697267815
3199,36,3199,0,106.63333333332984,4.47213595499958,96.08329719571451,15.0,24.0,22.02271554554524,25.019992006393608,28.160255680657446,71.17583859709698,47.265209192385896,45.0,40.0,44.0,14.0,29.0,3.0,0.0,16.1245154965971,16.0,16.0,52.0,46.0,43.01162633521314,265.1886121235224,266.1522120892479,255.15877409957903,237.17082451262846
3200,36,3200,0,106.66666666666316,5.385164807134504,95.08417323613851,15.0,25.019992006393608,21.02379604162864,25.019992006393608,27.294688127912362,72.3394774656273,47.38143096192854,44.5,40.0,44.0,15.0,30.0,3.0,1.0,16.1245154965971,16.0312195418814,16.0,51.0,47.0,44.0,265.228203628498,264.18932605235966,253.1975513309716,236.21176939348302
3201,36,3201,0,106.69999999999648,6.082762530298219,94.08506789071261,15.0,25.019992006393608,22.02271554554524,24.020824298928627,26.1725046566048,72.17340230306452,47.16990566028302,44.0,39.0,43.0,15.0,31.0,4.0,1.0,16.1245154965971,16.0312195418814,16.0,52.0,47.0,43.0,266.1879035568671,265.1886121235224,253.1975513309716,235.17227727774377
3202,36,3202,0,106.73333333332982,8.246211251235321,94.04786015641186,15.0,24.0,22.0,25.019992006393608,26.1725046566048,73.17103251970687,49.25444142409901,45.0,42.0,45.0,17.5,29.5,3.5,3.5,16.1245154965971,17.029386365926403,16.5,52.0,47.0,44.01136216933077,265.228203628498,265.228203628498,252.1606630701942,235.17227727774377
3203,36,3203,0,106.76666666666316,10.198039027185569,93.08598175880189,14.0,25.0,22.02271554554524,25.019992006393608,26.1725046566048,75.16648189186454,50.24937810560445,45.0,42.0,46.0,18.0,31.0,4.0,4.0,16.1245154965971,17.029386365926403,16.5,52.0,47.0,46.010868281309364,264.27258654654287,265.228203628498,252.1983346495373,235.2126697267815
3204,36,3204,0,106.79999999999649,11.180339887498949,93.13431161500041,13.038404810405298,24.0,23.08679276123039,25.019992006393608,26.1725046566048,74.24284477308234,50.35871324805669,44.5,41.0,46.0,17.5,30.5,4.5,4.5,17.11724276862369,17.029386365926403,17.0,52.0,47.0,43.01162633521314,265.1527861441399,264.15336454416024,252.0972034751675,235.1361307838504
3205,36,3205,0,106.83333333332982,11.180339887498949,93.13431161500041,14.0,24.020824298928627,24.08318915758459,27.073972741361768,24.186773244895647,73.24616030891995,49.25444142409901,43.5,41.0,46.0,19.5,29.5,2.5,5.5,16.1245154965971,17.029386365926403,17.0,53.0,46.0,45.044422518220834,265.27155897306443,265.27155897306443,252.1983346495373,234.21357774475842
3206,36,3206,0,106.86666666666316,11.180339887498949,92.0869154657707,14.0,23.021728866442675,24.08318915758459,27.018512172212592,25.179356624028344,73.24616030891995,50.24937810560445,44.5,43.0,47.0,20.0,28.0,3.0,6.0,17.11724276862369,17.029386365926403,17.0,52.0,46.0,45.044422518220834,265.27155897306443,265.228203628498,252.1606630701942,235.1361307838504
3207,36,3207,0,106.89999999999648,13.152946437965905,94.26027795418386,13.038404810405298,23.021728866442675,24.08318915758459,27.073972741361768,25.079872407968907,74.24284477308234,51.24451190127583,44.5,42.0,49.0,20.5,28.5,2.5,7.5,17.11724276862369,17.029386365926403,16.5,52.0,45.0,45.044422518220834,266.3174797117155,264.27258654654287,251.19912420229494,233.21449354617735
3208,36,3208,0,106.9333333333298,13.152946437965905,94.26027795418386,13.0,23.021728866442675,24.08318915758459,26.019223662515376,24.186773244895647,73.24616030891995,50.24937810560445,43.5,41.0,48.0,20.5,28.5,2.5,7.5,16.1245154965971,16.0,16.0,53.0,45.0,43.104524124504614,266.42259663924904,265.31867631209076,250.2418829852429,233.25951213187426
3209,36,3209,0,106.96666666666314,13.152946437965905,94.26027795418386,13.0,23.021728866442675,24.08318915758459,26.019223662515376,24.186773244895647,73.24616030891995,50.24937810560445,43.5,41.0,48.0,20.5,28.5,2.5,7.5,16.1245154965971,16.0,16.0,53.0,45.0,43.104524124504614,266.42259663924904,265.31867631209076,250.2418829852429,233.25951213187426
3210,36,3210,0,106.99999999999648,13.152946437965905,94.26027795418386,13.0,22.02271554554524,25.079872407968907,28.071337695236398,23.08679276123039,71.17583859709698,49.16299421312742,42.5,40.0,47.0,20.5,27.5,2.5,7.5,17.26267650163207,16.0,16.5,55.0,46.0,42.190046219457976,264.48440407706465,264.42579299304373,253.38705570727168,234.30749027719963
3211,36,3211,0,107.0333333333298,13.038404810405298,96.18731725128839,12.041594578792296,23.08679276123039,25.179356624028344,28.071337695236398,23.08679276123039,71.25307010929424,48.16637831516918,41.5,40.0,46.0,20.0,28.0,3.0,7.0,16.1245154965971,16.0,16.0,54.0,44.0,43.104524124504614,265.3695536417092,264.31988196123274,252.23996511258878,234.21357774475842
3212,36,3212,0,107.06666666666314,14.142135623730951,96.25487000666512,12.041594578792296,22.02271554554524,25.179356624028344,28.071337695236398,24.186773244895647,72.3394774656273,50.35871324805669,43.0,41.0,48.0,20.5,27.5,2.5,7.5,16.1245154965971,15.0,15.5,54.0,44.0,43.104524124504614,265.5447231635379,263.48624252510797,251.44780770569466,233.36237914453991
3213,36,3213,0,107.09999999999648,11.045361017187261,95.33624704172071,13.038404810405298,22.090722034374522,24.186773244895647,26.076809620810597,24.186773244895647,70.34912934784623,48.25971404805462,42.5,39.0,47.0,19.0,27.0,2.0,6.0,16.278820596099706,16.0312195418814,16.0,55.0,44.0,42.190046219457976,264.6828290615015,264.61292485439935,252.57276179350774,234.54637068179076
3214,36,3214,0,107.1333333333298,5.0990195135927845,98.32598842625484,14.035668847618199,22.090722034374522,24.186773244895647,27.073972741361768,27.16615541441225,68.3593446428504,46.2709412050371,43.5,37.0,45.0,14.0,27.0,2.0,0.0,17.26267650163207,15.033296378372908,15.5,56.0,44.0,42.190046219457976,264.8339102154405,264.7564918939666,252.57276179350774,235.47823678633233
3215,36,3215,0,107.16666666666312,2.23606797749979,96.51942809610924,14.035668847618199,21.02379604162864,23.194827009486403,25.079872407968907,30.265491900843113,67.36467917239716,46.389654018972806,45.0,37.0,47.0,12.0,25.0,1.0,2.0,16.278820596099706,16.0312195418814,16.0,55.0,42.0,43.18564576337837,262.9220416777566,263.9185480408681,251.79555198613022,234.85314560380067
3216,36,3216,0,107.19999999999646,1.4142135623730951,97.51410154434076,14.035668847618199,20.09975124224178,22.20360331117452,25.179356624028344,31.25699921617557,66.48308055437865,46.389654018972806,45.5,37.0,47.0,11.0,24.0,1.0,3.0,16.278820596099706,16.0312195418814,16.5,56.0,43.0,44.181444068749045,264.003787851614,264.003787851614,251.87695408671274,233.8567937862828
3217,36,3217,0,107.2333333333298,1.4142135623730951,98.6154146165801,14.035668847618199,20.09975124224178,23.194827009486403,25.179356624028344,30.265491900843113,65.49045732013177,45.39823785126467,44.5,36.0,47.0,11.5,23.5,0.5,2.5,17.26267650163207,16.0,16.5,56.0,42.0,44.28317965096906,263.09694030908076,262.9220416777566,251.79555198613022,233.77339455121918
3218,36,3218,0,107.26666666666311,1.4142135623730951,96.62815324738438,14.035668847618199,21.213203435596427,23.194827009486403,25.179356624028344,30.265491900843113,66.61080993352356,45.39823785126467,44.5,36.0,47.0,11.5,24.5,0.5,2.5,16.278820596099706,15.033296378372908,16.0,57.0,41.0,44.181444068749045,262.497619036821,263.38754716197195,252.24194734421155,234.23279018958897
3219,36,3219,0,107.29999999999646,1.4142135623730951,98.6154146165801,14.142135623730951,20.09975124224178,22.20360331117452,24.186773244895647,30.265491900843113,65.62011886609167,45.5411901469428,44.5,36.0,47.0,11.5,23.5,0.5,2.5,16.278820596099706,16.0312195418814,16.5,58.0,42.0,43.289721643826724,263.4919353604584,263.38754716197195,250.15395259719563,233.0407689654323
3220,36,3220,0,107.3333333333298,1.4142135623730951,97.86725703727473,14.142135623730951,20.09975124224178,23.194827009486403,26.1725046566048,30.265491900843113,65.62011886609167,45.5411901469428,44.5,35.0,48.0,11.5,23.5,0.5,2.5,15.297058540778355,16.0,16.0,57.0,42.0,44.28317965096906,264.48629454094595,265.37709019431196,251.24689052802225,234.23279018958897
3221,36,3221,0,107.36666666666312,2.23606797749979,96.62815324738438,13.038404810405298,20.223748416156685,23.345235059857504,25.317977802344327,29.427877939124322,64.77653896280658,44.553338819890925,43.0,35.0,46.0,11.5,23.5,0.5,2.5,17.26267650163207,17.029386365926403,17.0,57.0,41.0,44.28317965096906,264.59402865522117,264.48629454094595,251.24689052802225,234.33736364481018
3222,36,3222,0,107.39999999999644,1.4142135623730951,97.86725703727473,14.035668847618199,21.095023109728988,23.345235059857504,25.317977802344327,28.635642126552707,64.77653896280658,43.73785545725808,42.5,34.0,47.0,12.5,23.5,0.5,2.5,16.278820596099706,16.1245154965971,16.5,57.0,40.0,43.41658669218482,263.71196408202644,264.70549673174526,252.4480144505003,235.55254190944322
3223,36,3223,0,107.43333333332978,1.0,97.73944955850733,15.033296378372908,19.235384061671343,23.194827009486403,24.331050121192877,28.442925306655784,62.80127387243033,43.56604182158393,43.0,35.0,47.0,13.0,21.0,1.0,2.0,18.24828759089466,17.029386365926403,17.0,58.0,42.0,45.27692569068709,264.59402865522117,264.48629454094595,252.24194734421155,235.2275494069519
3224,36,3224,0,107.46666666666312,1.0,97.01546268507923,14.142135623730951,20.223748416156685,22.20360331117452,24.331050121192877,29.274562336608895,63.788713735268246,43.56604182158393,43.0,34.0,48.0,12.0,22.0,1.0,2.0,17.26267650163207,16.0312195418814,16.5,58.0,42.0,45.27692569068709,264.70549673174526,264.82069405543064,251.67637950352037,234.5591609807641
3225,36,3225,0,107.49999999999643,2.23606797749979,97.86725703727473,15.033296378372908,21.095023109728988,23.345235059857504,25.317977802344327,28.635642126552707,65.92419889539804,44.91102314577124,43.5,35.0,48.0,13.5,23.5,0.5,1.5,16.278820596099706,17.029386365926403,17.5,58.0,41.0,44.40720662234904,265.5880268385606,264.59402865522117,252.4480144505003,234.44615586526473
3226,36,3226,0,107.53333333332978,18.110770276274835,99.98499887483122,13.038404810405298,22.20360331117452,25.179356624028344,30.265491900843113,25.495097567963924,78.77182237323191,56.568542494923804,47.0,36.0,50.0,18.0,35.0,9.0,5.0,16.278820596099706,16.1245154965971,16.5,58.0,40.0,43.41658669218482,265.9323222175146,264.9396157617807,253.6631624812716,235.79016094824652
3227,36,3227,0,107.56666666666312,24.08318915758459,100.9752444909147,12.165525060596439,24.186773244895647,27.294688127912362,31.25699921617557,22.360679774997898,82.73451516749222,58.54912467321779,46.0,36.0,50.0,21.0,39.0,11.0,7.0,16.278820596099706,17.029386365926403,17.0,58.0,42.0,42.2965719651132,266.47513955339247,265.37709019431196,251.3483638299641,234.33736364481018
3228,36,3228,0,107.59999999999644,20.223748416156685,103.0970416646375,11.180339887498949,24.186773244895647,28.284271247461902,32.2490309931942,23.194827009486403,78.77182237323191,54.589376255824725,44.0,32.0,47.0,16.5,38.5,10.5,4.5,16.278820596099706,16.0312195418814,16.5,59.0,42.0,41.30375285612676,264.48629454094595,264.3822989536175,251.3483638299641,234.33736364481018
3229,36,3229,0,107.63333333332976,17.26267650163207,104.08650248711405,11.045361017187261,24.08318915758459,29.427877939124322,32.14031735997639,23.345235059857504,75.66372975210778,51.62363799656123,42.5,30.0,45.0,14.5,37.5,9.5,2.5,16.278820596099706,16.1245154965971,16.5,58.0,41.0,43.41658669218482,265.5880268385606,264.48629454094595,252.55692427648862,237.42788378789885
3230,36,3230,0,107.6666666666631,13.341664064126334,106.21205204683694,11.045361017187261,23.194827009486403,30.4138126514911,33.24154027718932,23.345235059857504,70.8590149522275,47.67598976424087,40.5,27.0,43.0,12.0,35.0,8.0,0.0,15.524174696260024,16.0312195418814,16.0,57.0,40.0,44.40720662234904,266.47513955339247,265.37709019431196,253.33771926027913,239.30942313247925
3231,36,3231,0,107.69999999999644,14.317821063276353,107.05606008068857,11.180339887498949,23.194827009486403,31.400636936215164,34.23448553724738,22.20360331117452,70.8590149522275,47.67598976424087,40.0,27.0,42.0,12.5,35.5,7.5,0.5,15.297058540778355,14.035668847618199,14.5,57.0,40.0,42.42640687119285,267.5761573832766,266.58206991468876,254.4366325826531,240.4100663449848
3232,36,3232,0,107.73333333332975,15.297058540778355,107.20074626605917,11.180339887498949,23.08679276123039,31.400636936215164,34.132096331752024,21.37755832643195,70.8590149522275,47.853944456021594,39.5,26.0,42.0,13.0,36.0,9.0,1.0,16.278820596099706,16.0312195418814,16.0,59.0,42.0,43.41658669218482,267.686383665662,266.58206991468876,254.4366325826531,240.4100663449848
3233,36,3233,0,107.7666666666631,18.24828759089466,107.05606008068857,10.04987562112089,23.194827009486403,30.265491900843113,34.23448553724738,22.360679774997898,73.824115301167,50.635955604688654,41.0,28.0,43.0,13.5,37.5,10.5,2.5,16.278820596099706,16.0312195418814,16.5,59.0,42.0,44.28317965096906,267.5761573832766,265.5880268385606,253.55078386784766,238.53301658261063
3234,36,3234,0,107.79999999999644,20.223748416156685,107.20074626605917,10.04987562112089,23.194827009486403,30.4138126514911,34.23448553724738,22.360679774997898,75.8023746329889,52.61178575186362,42.0,28.0,44.0,14.0,39.0,12.0,2.0,16.278820596099706,16.0312195418814,16.0,57.0,40.0,44.28317965096906,264.70549673174526,264.70549673174526,252.4480144505003,237.42788378789885
3235,36,3235,0,107.83333333332976,18.24828759089466,107.20074626605917,11.045361017187261,24.186773244895647,30.265491900843113,33.24154027718932,22.360679774997898,75.8023746329889,51.62363799656123,42.0,29.0,45.0,15.0,38.0,9.0,3.0,16.278820596099706,15.033296378372908,15.5,57.0,41.0,43.289721643826724,265.5880268385606,265.69907790581436,253.7794317906792,238.76766950322232
3236,36,3236,0,107.8666666666631,18.439088914585774,107.05606008068857,11.045361017187261,24.08318915758459,30.265491900843113,34.23448553724738,22.360679774997898,75.8023746329889,51.78802950489621,42.0,30.0,45.0,15.5,37.5,9.5,3.5,15.297058540778355,16.0312195418814,16.5,58.0,41.0,44.28317965096906,265.69907790581436,265.69907790581436,253.6631624812716,238.53301658261063
3237,36,3237,0,107.89999999999642,17.26267650163207,106.06601717798213,10.04987562112089,24.186773244895647,30.265491900843113,34.23448553724738,23.345235059857504,74.81310045707235,50.635955604688654,41.5,30.0,45.0,14.5,36.5,8.5,3.5,15.297058540778355,15.033296378372908,15.5,57.0,41.0,43.289721643826724,266.3719204420766,265.37709019431196,253.33771926027913,238.2120903732638
3238,36,3238,0,107.93333333332976,18.110770276274835,105.92922165295089,10.198039027185569,23.194827009486403,30.265491900843113,33.24154027718932,23.345235059857504,74.81310045707235,51.62363799656123,42.0,31.0,45.0,15.0,36.0,9.0,4.0,16.278820596099706,16.0312195418814,16.5,57.0,40.0,44.40720662234904,266.47513955339247,265.4806960967219,253.55078386784766,238.42189496772312
3239,36,3239,0,107.96666666666307,17.26267650163207,105.07616285342742,10.04987562112089,24.186773244895647,29.274562336608895,32.2490309931942,23.345235059857504,74.81310045707235,50.635955604688654,41.5,30.0,45.0,14.5,36.5,9.5,3.5,15.297058540778355,15.033296378372908,15.5,57.0,40.0,44.40720662234904,266.3719204420766,266.47513955339247,254.4366325826531,239.4159560263267
3240,36,3240,0,107.99999999999642,14.142135623730951,105.92922165295089,11.180339887498949,24.186773244895647,29.274562336608895,32.2490309931942,23.194827009486403,72.69112738154499,48.507731342539614,41.0,29.0,43.0,13.0,36.0,8.0,1.0,16.278820596099706,16.0312195418814,16.5,57.0,41.0,44.28317965096906,267.1722290957651,264.18554086096384,252.05158202241066,238.01890681204299
3241,36,3241,0,108.03333333332976,14.317821063276353,105.92922165295089,11.045361017187261,24.186773244895647,30.4138126514911,33.24154027718932,24.331050121192877,73.824115301167,49.64876634922564,42.0,30.0,44.0,13.0,36.0,8.0,1.0,15.297058540778355,16.0312195418814,16.0,57.0,41.0,44.28317965096906,266.2724168966812,265.18107021429716,252.14479966876175,238.1134183535233
3242,36,3242,0,108.06666666666308,15.297058540778355,106.7941945987702,11.045361017187261,24.186773244895647,30.265491900843113,33.24154027718932,23.194827009486403,73.68174807915459,49.49747468305833,41.5,31.0,44.0,14.5,35.5,7.5,2.5,15.132745950421556,15.033296378372908,15.5,56.0,41.0,42.190046219457976,266.0845730214362,265.08866441249427,253.04742638485774,239.01464390283704
3243,36,3243,0,108.0999999999964,17.26267650163207,105.80170130957252,11.045361017187261,25.079872407968907,29.274562336608895,32.2490309931942,24.331050121192877,77.64663547121665,52.61178575186362,43.5,33.0,46.0,15.5,37.5,9.5,3.5,15.297058540778355,15.033296378372908,15.5,56.0,41.0,44.28317965096906,265.9962405749375,265.0,251.87695408671274,235.8495283014151
3244,36,3244,0,108.13333333332974,23.08679276123039,104.6900186264192,10.04987562112089,25.079872407968907,30.265491900843113,34.132096331752024,24.331050121192877,82.49242389456137,57.42821606144492,45.5,35.0,47.0,17.0,41.0,12.0,6.0,15.132745950421556,15.0,15.5,56.0,43.0,43.289721643826724,266.9082239272518,264.9150807334305,251.79555198613022,235.76683396949622
3245,36,3245,0,108.16666666666308,21.213203435596427,104.58011283222064,10.04987562112089,23.08679276123039,29.274562336608895,33.24154027718932,24.186773244895647,78.5175139698144,55.44366510251645,44.5,35.0,46.0,16.5,37.5,11.5,5.5,16.1245154965971,16.0312195418814,16.0,56.0,43.0,43.289721643826724,266.82765973564284,264.8339102154405,251.87695408671274,235.9364321167886
3246,36,3246,0,108.1999999999964,22.20360331117452,104.58011283222064,10.04987562112089,22.090722034374522,30.265491900843113,33.13608305156178,24.186773244895647,78.5175139698144,56.43580423808985,45.0,34.0,45.0,15.5,38.5,12.5,4.5,16.1245154965971,15.033296378372908,15.5,55.0,42.0,43.289721643826724,266.7508200549719,264.7564918939666,252.7152547829276,236.8459414893994
3247,36,3247,0,108.23333333332974,24.186773244895647,104.47966309287182,9.055385138137417,22.090722034374522,29.274562336608895,32.14031735997639,25.079872407968907,80.39900496896712,58.309518948453004,46.0,35.0,45.0,15.0,40.0,14.0,5.0,17.11724276862369,16.0,16.5,54.0,42.0,41.30375285612676,265.68025895801895,264.7564918939666,251.6445906432324,236.76359517459605
3248,36,3248,0,108.26666666666308,24.08318915758459,105.47511554864494,10.04987562112089,22.090722034374522,29.154759474226502,32.14031735997639,24.08318915758459,80.30566605165541,58.215118311311535,46.0,35.0,45.0,16.0,40.0,15.0,5.0,16.278820596099706,16.0,16.5,54.0,42.0,42.2965719651132,266.60832695172894,265.68025895801895,253.57050301641948,236.5417510715603
3249,36,3249,0,108.2999999999964,25.079872407968907,102.48902380255166,9.055385138137417,23.08679276123039,27.16615541441225,31.064449134018133,24.186773244895647,81.39410298049853,58.309518948453004,45.5,36.0,46.0,17.0,40.0,14.0,7.0,20.223748416156685,19.0,20.0,54.0,44.0,42.190046219457976,265.6106172576691,263.6152499382386,250.51147678300092,235.47823678633233
3250,36,3250,0,108.33333333332972,23.08679276123039,101.31633629380802,9.055385138137417,24.08318915758459,28.160255680657446,32.0624390837628,22.20360331117452,78.40918313565064,54.3323108288245,42.5,37.0,45.0,19.0,37.0,11.0,9.0,20.223748416156685,20.0,20.5,53.0,44.0,41.10960958218893,264.42579299304373,262.37377917772193,250.28783430282823,233.25951213187426
3251,36,3251,0,108.36666666666306,22.090722034374522,102.3132444994293,10.04987562112089,23.08679276123039,29.274562336608895,33.015148038438355,21.213203435596427,76.4198926981712,53.33854141237835,42.0,37.0,45.0,20.0,35.0,9.0,9.0,21.213203435596427,19.0,20.0,52.0,43.0,42.190046219457976,264.31988196123274,263.32109676210905,251.24092023394596,234.2584043316269
3252,36,3252,0,108.3999999999964,20.024984394500787,102.23991392797629,9.055385138137417,24.08318915758459,29.154759474226502,32.0624390837628,22.20360331117452,75.32595834106593,51.24451190127583,41.0,38.0,45.0,19.5,33.5,6.5,9.5,20.223748416156685,19.0,19.5,51.0,42.0,40.19950248448356,265.31867631209076,264.31988196123274,251.24092023394596,235.2126697267815
3253,36,3253,0,108.43333333332971,19.1049731745428,98.2496819333274,10.0,25.079872407968907,27.16615541441225,31.064449134018133,21.37755832643195,75.4254598925323,50.35871324805669,40.5,38.0,45.0,20.5,33.5,5.5,9.5,19.1049731745428,19.026297590440446,19.5,50.0,42.0,41.19465984809196,265.27155897306443,263.2299375071156,250.19992006393608,233.173754955398
3254,36,3254,0,108.46666666666306,7.280109889280518,96.25487000666512,13.0,23.021728866442675,23.08679276123039,26.019223662515376,26.076809620810597,69.18092222571191,46.17358552246078,42.5,37.0,44.0,14.5,28.5,3.5,1.5,20.223748416156685,20.024984394500787,20.5,52.0,44.0,43.104524124504614,263.2299375071156,262.23081436017395,251.16130275183716,234.13671220037236
3255,36,3255,0,108.4999999999964,1.4142135623730951,94.19129471453293,14.035668847618199,23.0,21.095023109728988,23.08679276123039,29.068883707497267,67.11929677819934,44.181444068749045,43.5,39.0,45.0,13.0,25.0,1.0,1.0,19.235384061671343,19.0,20.0,50.0,43.0,42.04759208325728,262.1907702418222,262.15453457836657,250.12796724876648,234.10467744152402
3256,36,3256,0,108.53333333332972,1.0,94.13288479590966,14.035668847618199,23.021728866442675,22.090722034374522,24.08318915758459,28.071337695236398,65.19202405202648,42.190046219457976,42.0,38.0,43.0,12.5,24.5,0.5,0.5,20.223748416156685,19.026297590440446,20.0,50.0,44.0,42.04759208325728,262.15453457836657,262.15453457836657,250.12796724876648,232.1055794245369
3257,36,3257,0,108.56666666666304,3.605551275463989,96.18731725128839,14.0,22.0,24.020824298928627,26.019223662515376,27.073972741361768,66.12110101926616,44.181444068749045,42.5,38.0,44.0,14.0,25.0,0.0,1.0,20.223748416156685,19.0,19.5,49.0,43.0,43.04648650006177,263.1216448717209,263.0684321616716,251.04979585731593,234.03418553707064
3258,36,3258,0,108.59999999999638,13.152946437965905,98.12746812182611,12.0,22.02271554554524,24.08318915758459,27.073972741361768,24.08318915758459,71.17583859709698,49.16299421312742,42.5,40.0,45.0,18.5,28.5,4.5,6.5,20.223748416156685,19.026297590440446,19.5,50.0,45.0,43.04648650006177,263.04752422328556,262.00763347658403,249.0020080240318,232.0
3259,36,3259,0,108.63333333332972,19.026297590440446,99.08077512817509,10.0,22.02271554554524,27.073972741361768,30.066592756745816,21.213203435596427,72.17340230306452,50.15974481593781,40.5,40.0,44.0,21.0,30.0,5.0,11.0,21.213203435596427,20.09975124224178,20.5,49.0,44.0,44.01136216933077,263.1216448717209,262.0686932847951,249.0321264415497,231.03462943896528
3260,36,3260,0,108.66666666666303,21.095023109728988,98.12746812182611,10.0,23.021728866442675,27.073972741361768,31.064449134018133,21.213203435596427,75.23961722390672,52.23983154643591,41.5,40.0,45.0,21.5,32.5,6.5,10.5,22.090722034374522,21.02379604162864,21.0,50.0,45.0,43.01162633521314,264.09278672466615,262.0686932847951,249.0321264415497,231.03462943896528
3261,36,3261,0,108.69999999999638,23.08679276123039,100.12492197250393,10.0,23.021728866442675,28.071337695236398,32.0624390837628,22.20360331117452,78.23042886243178,55.226805085936306,43.5,40.0,45.0,20.5,35.5,9.5,10.5,21.213203435596427,21.095023109728988,21.0,49.0,45.0,43.01162633521314,264.15336454416024,262.0934947685654,248.05039810490126,230.05434140654683
3262,36,3262,0,108.73333333332972,21.213203435596427,98.12746812182611,9.0,23.0,29.068883707497267,32.0624390837628,22.20360331117452,75.23961722390672,52.3450093132096,41.5,39.0,44.0,19.5,33.5,7.5,10.5,21.213203435596427,20.09975124224178,20.5,49.0,45.0,42.01190307520001,264.12118430750684,261.1225765804252,248.07257002740147,231.05410621756974
3263,36,3263,0,108.76666666666304,21.095023109728988,100.07996802557443,10.04987562112089,23.0,29.068883707497267,33.06055050963308,21.213203435596427,75.23961722390672,52.3450093132096,41.5,39.0,43.0,20.0,34.0,8.0,10.0,20.09975124224178,19.1049731745428,19.5,48.0,44.0,44.04543109109048,262.0934947685654,261.0689564080724,248.03225596683993,231.03462943896528
3264,36,3264,0,108.79999999999636,18.24828759089466,99.12618221237011,9.0,22.0,28.160255680657446,31.064449134018133,22.090722034374522,71.17583859709698,49.25444142409901,40.0,37.0,42.0,17.5,31.5,6.5,7.5,20.09975124224178,19.1049731745428,19.5,48.0,44.0,43.01162633521314,264.030301291348,261.01724080987447,248.0020161208372,232.0021551624036
3265,36,3265,0,108.8333333333297,17.11724276862369,100.12492197250393,9.055385138137417,21.0,29.068883707497267,32.0624390837628,22.20360331117452,69.26037828369117,48.373546489791295,39.5,36.0,41.0,16.5,30.5,7.5,7.5,21.213203435596427,20.09975124224178,20.0,48.0,45.0,43.0,263.04752422328556,262.03053257206494,250.0079998720041,234.00854685246006
3266,36,3266,0,108.86666666666304,17.11724276862369,100.12492197250393,9.055385138137417,21.0,29.068883707497267,32.01562118716424,21.213203435596427,68.26419266350405,47.38143096192854,38.5,35.0,40.0,16.5,30.5,6.5,7.5,20.09975124224178,19.1049731745428,19.5,48.0,44.0,43.01162633521314,264.04734423962685,262.03053257206494,249.0020080240318,233.0
3267,36,3267,0,108.89999999999635,15.132745950421556,99.08077512817509,10.04987562112089,21.0,29.068883707497267,32.01562118716424,21.213203435596427,67.26812023536856,46.389654018972806,38.5,36.0,40.0,17.0,29.0,6.0,7.0,20.09975124224178,20.09975124224178,20.0,48.0,44.0,43.0,263.0684321616716,263.04752422328556,250.01799935204664,233.0085835328819
3268,36,3268,0,108.9333333333297,15.297058540778355,100.12492197250393,11.0,22.0,28.071337695236398,31.016124838541646,21.213203435596427,69.26037828369117,47.38143096192854,39.5,36.0,41.0,17.5,30.5,6.5,6.5,20.09975124224178,20.09975124224178,20.0,48.0,44.0,42.0,264.04734423962685,263.0304164920856,250.0079998720041,234.00854685246006
3269,36,3269,0,108.96666666666304,16.1245154965971,100.04498987955368,11.045361017187261,21.02379604162864,27.073972741361768,31.016124838541646,22.20360331117452,70.34912934784623,49.36598018878993,41.0,38.0,41.0,17.5,30.5,6.5,6.5,20.09975124224178,20.09975124224178,20.0,49.0,45.0,43.01162633521314,263.0684321616716,261.04788832702707,248.0181444975347,233.01931250435015
3270,36,3270,0,108.99999999999636,16.1245154965971,99.04544411531506,10.0,21.02379604162864,29.068883707497267,32.01562118716424,22.20360331117452,69.26037828369117,48.25971404805462,40.0,38.0,41.0,17.5,29.5,6.5,7.5,20.09975124224178,19.1049731745428,19.5,48.0,45.0,42.01190307520001,262.0477055804916,262.03053257206494,249.00803199896987,233.0085835328819
3271,36,3271,0,109.0333333333297,15.132745950421556,99.08077512817509,10.0,21.0,28.071337695236398,31.016124838541646,22.20360331117452,68.18357573492314,47.265209192385896,39.5,37.0,41.0,17.0,29.0,6.0,7.0,21.095023109728988,19.026297590440446,19.5,48.0,45.0,42.0,264.030301291348,262.01717500957835,249.0020080240318,232.0086205294967
3272,36,3272,0,109.06666666666302,14.035668847618199,98.08159868191383,10.04987562112089,21.02379604162864,29.017236257093817,31.016124838541646,22.090722034374522,67.1863081289633,46.17358552246078,39.0,36.0,40.0,16.0,29.0,6.0,7.0,20.09975124224178,19.1049731745428,19.0,48.0,45.0,43.0,265.03018695990085,263.0304164920856,250.0079998720041,233.01931250435015
3273,36,3273,0,109.09999999999636,13.038404810405298,98.08159868191383,11.045361017187261,22.02271554554524,29.017236257093817,32.01562118716424,21.213203435596427,67.26812023536856,45.27692569068709,38.5,35.0,39.0,16.0,30.0,6.0,6.0,19.1049731745428,18.027756377319946,18.5,48.0,45.0,42.0,264.0075756488817,262.0019083899963,250.00199999200007,235.0
3274,36,3274,0,109.13333333332967,14.142135623730951,96.08329719571451,10.04987562112089,21.0,29.017236257093817,32.01562118716424,22.090722034374522,67.1863081289633,46.2709412050371,39.0,35.0,39.0,15.0,30.0,7.0,6.0,14.142135623730951,13.038404810405298,13.0,48.0,45.0,42.0,264.030301291348,261.01724080987447,250.00199999200007,234.00854685246006
3275,36,3275,0,109.16666666666302,15.297058540778355,99.02019995940222,10.0,21.0,29.017236257093817,32.0,21.213203435596427,67.26812023536856,46.389654018972806,38.5,36.0,38.0,16.0,30.0,7.0,7.0,9.055385138137417,9.055385138137417,9.0,49.0,48.0,43.0,264.0075756488817,261.00766272276377,250.00199999200007,235.00212764994276
3276,36,3276,0,109.19999999999636,14.142135623730951,98.04590761474952,10.0,22.02271554554524,28.0178514522438,31.0,22.360679774997898,68.3593446428504,46.389654018972806,39.0,36.0,39.0,15.5,30.5,6.5,6.5,10.04987562112089,10.0,10.0,49.0,48.0,41.012193308819754,264.0170449043016,262.03053257206494,251.00796800101784,236.01906702637396
3277,36,3277,0,109.23333333332968,14.142135623730951,96.04686356149273,11.045361017187261,22.0,28.071337695236398,31.0,21.213203435596427,68.26419266350405,46.389654018972806,39.0,37.0,40.0,17.5,29.5,5.5,6.5,9.0,10.0,9.5,49.0,48.0,42.0,263.0171097096157,261.03064954139006,250.0079998720041,235.01914815605983
3278,36,3278,0,109.266666666663,11.045361017187261,95.04735661763561,12.0,22.02271554554524,25.079872407968907,29.017236257093817,24.186773244895647,69.18092222571191,47.16990566028302,41.5,38.0,41.0,15.5,29.5,5.5,3.5,11.0,12.0,12.0,50.0,47.0,43.0,264.0170449043016,263.0171097096157,252.00793638296395,235.00851048419503
3279,36,3279,0,109.29999999999634,5.0990195135927845,95.08417323613851,14.0,21.0,23.021728866442675,26.019223662515376,27.16615541441225,67.11929677819934,46.17358552246078,43.5,39.0,43.0,14.0,26.0,2.0,1.0,15.033296378372908,15.033296378372908,14.5,48.0,46.0,43.0,265.06791582535976,264.04734423962685,251.03187048659777,235.03404008781365
3280,36,3280,0,109.33333333332968,2.23606797749979,95.13148795220224,14.0,20.024984394500787,23.021728866442675,25.019992006393608,29.068883707497267,65.12296062065974,45.09988913511872,44.0,39.0,44.0,12.5,23.5,0.5,0.5,15.033296378372908,14.035668847618199,14.5,49.0,47.0,43.01162633521314,264.030301291348,264.04734423962685,252.03174403237384,235.05318547086316
3281,36,3281,0,109.366666666663,1.0,96.08329719571451,14.035668847618199,20.0,21.02379604162864,24.020824298928627,30.066592756745816,64.1248781675256,44.181444068749045,44.0,40.0,44.0,12.0,22.0,0.0,1.0,16.1245154965971,15.0,15.5,48.0,47.0,43.0,263.0304164920856,264.04734423962685,252.03174403237384,234.05341270744162
3282,36,3282,0,109.39999999999634,2.23606797749979,96.04686356149273,14.0,21.0,23.0,26.019223662515376,30.066592756745816,67.06713054842886,46.09772228646444,45.0,43.0,46.0,14.5,22.5,0.5,1.5,15.033296378372908,16.0312195418814,16.0,47.0,47.0,45.0111097397076,263.0019011338131,263.00760445279906,250.0079998720041,234.03418553707064
3283,36,3283,0,109.43333333332968,15.033296378372908,96.02083107326243,13.038404810405298,22.0,23.021728866442675,27.018512172212592,27.018512172212592,77.05841939723393,55.08175741568164,47.5,45.0,47.0,19.0,31.0,7.0,7.0,15.033296378372908,16.0312195418814,16.0,49.0,48.0,44.01136216933077,264.0075756488817,264.0075756488817,252.00793638296395,234.01922997907673
3284,36,3284,0,109.466666666663,31.016124838541646,94.0,10.0,24.0,23.021728866442675,28.0,25.079872407968907,90.0499861188218,66.06814663663572,50.5,50.0,50.0,25.0,40.0,15.0,15.0,15.033296378372908,16.0312195418814,16.0,50.0,49.0,42.01190307520001,266.0,265.0,251.00796800101784,233.0
3285,36,3285,0,109.49999999999632,33.06055050963308,91.0,11.045361017187261,24.020824298928627,22.02271554554524,26.019223662515376,23.194827009486403,91.0494371207203,67.11929677819934,50.5,51.0,51.0,28.0,40.0,14.0,17.0,15.033296378372908,16.0312195418814,16.5,49.0,50.0,43.0,266.0,264.0018939326004,251.00796800101784,232.0086205294967
3286,36,3286,0,109.53333333332968,35.014282800023196,85.0,11.0,25.0,22.02271554554524,27.0,22.090722034374522,93.04837451562494,68.06614430096654,50.5,52.0,52.0,30.0,41.0,15.0,18.0,16.0312195418814,16.0312195418814,16.0,49.0,50.0,44.0,268.00746258266764,265.01698058803703,250.04999500099976,231.03462943896528
3287,36,3287,0,109.566666666663,35.014282800023196,82.00609733428362,13.0,26.0,21.02379604162864,26.0,22.090722034374522,96.04686356149273,70.06425622241343,52.5,54.0,55.0,32.5,41.5,13.5,18.5,16.0312195418814,17.029386365926403,17.0,50.0,51.0,44.01136216933077,265.03018695990085,264.030301291348,249.0321264415497,229.01964981197574
3288,36,3288,0,109.59999999999631,32.01562118716424,77.0,15.0,29.0,20.0,25.0,22.090722034374522,98.04590761474952,69.06518659932803,53.0,57.0,57.0,35.0,41.0,11.0,20.0,17.029386365926403,17.029386365926403,17.5,49.0,50.0,46.010868281309364,266.01691675530714,265.03018695990085,250.0319979522621,230.0195643852931
3289,36,3289,0,109.63333333332966,33.015148038438355,75.0,13.0,27.0,20.0,24.0,22.02271554554524,95.02105029939419,68.0294054067798,51.5,55.0,55.0,33.0,40.0,12.0,20.0,17.0,17.029386365926403,17.0,48.0,50.0,43.01162633521314,264.06817301598466,264.09278672466615,250.09798079952586,230.05434140654683
3290,36,3290,0,109.666666666663,20.024984394500787,79.02531240052139,15.0,27.0,20.0,23.0,25.019992006393608,87.02298546935747,60.03332407921454,50.0,53.0,51.0,27.0,35.0,7.0,12.0,17.029386365926403,17.029386365926403,17.0,49.0,50.0,44.01136216933077,265.04716561397146,265.06791582535976,251.09759058979438,232.07757323791543
3291,36,3291,0,109.69999999999632,7.0710678118654755,88.0056816347672,15.0,24.020824298928627,22.0,25.0,30.0,76.0,52.009614495783374,48.5,50.0,49.0,19.5,26.5,0.5,5.5,16.0,16.0312195418814,16.5,47.0,49.0,45.0111097397076,263.1216448717209,263.1539473388153,250.19992006393608,232.17450333746814
3292,36,3292,0,109.73333333332964,2.0,93.00537618869137,15.0,23.0,21.02379604162864,24.020824298928627,31.016124838541646,71.00704190430693,48.010415536631214,47.0,47.0,46.0,15.5,24.5,0.5,2.5,16.0312195418814,16.0312195418814,16.0,47.0,49.0,43.04648650006177,264.06817301598466,264.09278672466615,253.12645061312736,235.10423220350586
3293,36,3293,0,109.766666666663,3.1622776601683795,93.00537618869137,15.0,22.02271554554524,21.0,24.0,29.017236257093817,69.00724599634447,47.042533945356304,45.5,47.0,46.0,17.5,22.5,0.5,3.5,15.0,15.132745950421556,15.0,46.0,48.0,44.04543109109048,265.09243670840556,264.09278672466615,253.09681941897256,236.07625886564705
3294,36,3294,0,109.79999999999632,10.0,97.0051545022222,14.0,23.0,25.0,28.0,26.019223662515376,73.00684899377592,50.00999900019995,45.0,46.0,45.0,19.5,27.5,3.5,6.5,16.0,16.0312195418814,16.0,47.0,50.0,44.0,264.12118430750684,264.15336454416024,251.19912420229494,236.17154782064668
3295,36,3295,0,109.83333333332963,17.029386365926403,101.01980003939822,13.0,23.021728866442675,27.0,31.016124838541646,23.021728866442675,76.00657866263946,53.03772242470448,44.5,46.0,44.0,22.0,31.0,7.0,10.0,15.033296378372908,15.033296378372908,15.5,46.0,49.0,44.10215414239989,266.092089322475,264.15336454416024,252.1606630701942,235.2126697267815
3296,36,3296,0,109.86666666666298,15.033296378372908,103.01941564578979,12.041594578792296,23.0,28.0178514522438,31.016124838541646,24.08318915758459,74.02702209328699,51.03920062069938,43.5,44.0,42.0,19.0,31.0,7.0,9.0,15.0,16.1245154965971,15.5,46.0,50.0,45.044422518220834,265.09243670840556,266.1522120892479,254.19677417308034,238.17010727629108
3297,36,3297,0,109.89999999999633,16.0312195418814,104.04326023342406,12.0,23.0,29.0,32.0624390837628,22.0,73.00684899377592,50.00999900019995,42.0,43.0,40.0,19.5,31.5,7.5,8.5,15.0,15.132745950421556,15.5,44.0,49.0,41.10960958218893,266.1522120892479,264.18932605235966,253.1975513309716,238.17010727629108
3298,36,3298,0,109.93333333332964,17.029386365926403,103.04368005850722,12.0,25.019992006393608,28.0,31.016124838541646,22.02271554554524,76.00657866263946,51.03920062069938,42.5,43.0,40.0,19.5,34.5,8.5,8.5,14.0,16.0312195418814,16.0,45.0,50.0,42.04759208325728,265.228203628498,265.27155897306443,254.33245958783948,238.3547775900454
3299,36,3299,0,109.96666666666296,18.027756377319946,103.01941564578979,11.045361017187261,25.0,28.0178514522438,32.0624390837628,22.02271554554524,76.00657866263946,51.0098029794274,42.0,43.0,41.0,20.0,34.0,8.0,10.0,15.033296378372908,15.033296378372908,15.0,45.0,50.0,41.10960958218893,266.2273464541162,265.31867631209076,253.33377192944488,237.30360300678117
3300,36,3300,0,109.9999999999963,28.0178514522438,102.12247548899312,11.0,26.019223662515376,29.017236257093817,33.06055050963308,22.02271554554524,87.00574693662483,61.032778078668514,47.0,48.0,43.0,23.5,41.5,15.5,13.5,15.0,16.1245154965971,16.0,45.0,51.0,43.104524124504614,267.2695268825086,265.31867631209076,252.38858928247924,235.35929979501554
3301,36,3301,0,110.03333333332964,29.017236257093817,101.1236866416568,11.0,26.019223662515376,29.017236257093817,33.06055050963308,23.021728866442675,89.00561780022652,63.0317380372777,48.5,50.0,45.0,24.5,41.5,15.5,14.5,15.0,15.132745950421556,15.0,44.0,51.0,43.104524124504614,266.3174797117155,264.3709515056448,251.44780770569466,234.3608329051593
3302,36,3302,0,110.06666666666295,28.0178514522438,102.12247548899312,11.0,24.020824298928627,28.0178514522438,31.016124838541646,21.02379604162864,84.00595217006948,60.03332407921454,46.0,47.0,42.0,23.5,39.5,14.5,13.5,16.0312195418814,16.0312195418814,15.5,43.0,52.0,44.181444068749045,266.36816626616627,265.42418879973997,251.5094431626773,234.4184293096428
3303,36,3303,0,110.0999999999963,22.090722034374522,101.24228365658294,11.045361017187261,23.08679276123039,29.017236257093817,32.0624390837628,23.0,79.00632886041473,56.00892785976178,45.0,46.0,39.0,19.5,36.5,13.5,10.5,15.0,16.1245154965971,16.0,42.0,51.0,43.289721643826724,267.4210163767986,265.48257946614876,252.57276179350774,236.47621444872632
3304,36,3304,0,110.13333333332965,26.019223662515376,102.3132444994293,10.0,23.021728866442675,29.017236257093817,32.0624390837628,23.0,82.0,59.00847396772772,46.0,47.0,39.0,20.0,39.0,15.0,11.0,15.0,15.132745950421556,15.0,43.0,52.0,42.1070065428546,266.54267950930483,264.61292485439935,251.6445906432324,236.5417510715603
3305,36,3305,0,110.16666666666296,26.019223662515376,101.24228365658294,10.0,23.08679276123039,28.0178514522438,32.0624390837628,23.0,82.00609733428362,59.00847396772772,46.0,47.0,40.0,20.5,38.5,15.5,11.5,15.0,15.132745950421556,15.5,43.0,52.0,44.10215414239989,267.54065111679756,264.5467822522134,250.57733337235433,234.48027635602958
3306,36,3306,0,110.1999999999963,33.015148038438355,98.41239759298622,10.04987562112089,24.020824298928627,29.017236257093817,32.14031735997639,23.021728866442675,90.0,66.007575322837,49.5,51.0,42.0,23.5,43.5,19.5,14.5,16.0,16.1245154965971,16.0,43.0,52.0,42.190046219457976,267.54065111679756,264.6828290615015,251.7180962902747,233.6193485137736
3307,36,3307,0,110.23333333332964,34.0147027033899,98.32598842625484,10.0,23.021728866442675,28.0178514522438,32.14031735997639,22.0,89.0,66.007575322837,49.0,50.0,42.0,24.0,43.0,20.0,15.0,16.0,16.1245154965971,16.0,43.0,52.0,44.181444068749045,266.54267950930483,264.61292485439935,251.7180962902747,233.54871012274933
3308,36,3308,0,110.26666666666296,22.0,98.2496819333274,11.0,22.02271554554524,28.0178514522438,32.14031735997639,22.0,77.00649323271382,55.0,44.0,45.0,38.0,19.5,35.5,12.5,10.5,16.0312195418814,16.1245154965971,16.5,42.0,53.0,42.1070065428546,266.60832695172894,264.7564918939666,250.79872407968904,234.7701003109212
3309,36,3309,0,110.29999999999627,23.0,100.24470060806208,10.0,23.021728866442675,28.0178514522438,32.0624390837628,22.0,78.00640999302557,55.0,43.5,45.0,38.0,19.5,36.5,12.5,10.5,15.0,16.1245154965971,15.5,43.0,52.0,42.1070065428546,266.60832695172894,264.61292485439935,251.6445906432324,234.69128658729537
3310,36,3310,0,110.33333333332962,13.038404810405298,101.31633629380802,11.045361017187261,21.02379604162864,29.017236257093817,32.14031735997639,22.0,67.00746227100382,46.0,39.5,41.0,33.0,15.0,30.0,9.0,6.0,16.0312195418814,16.1245154965971,16.0,44.0,53.0,41.10960958218893,266.54267950930483,265.6106172576691,253.71243564319033,238.6063704095094
3311,36,3311,0,110.36666666666297,15.033296378372908,102.23991392797629,11.0,21.02379604162864,29.017236257093817,31.064449134018133,23.0,70.0,49.01020301937138,41.5,41.0,34.0,14.5,32.5,10.5,5.5,15.0,15.132745950421556,15.5,43.0,52.0,43.104524124504614,267.47897113605023,266.60832695172894,253.63950796356627,239.60383970212163
3312,36,3312,0,110.39999999999628,15.033296378372908,103.23759005323593,11.045361017187261,22.02271554554524,29.017236257093817,33.06055050963308,23.0,71.00704190430693,49.0,41.5,42.0,35.0,15.5,32.5,10.5,6.5,15.0,16.278820596099706,15.5,42.0,51.0,43.289721643826724,266.54267950930483,264.5467822522134,252.6420392571276,237.60892239139505
3313,36,3313,0,110.4333333333296,17.029386365926403,102.3132444994293,10.04987562112089,22.02271554554524,29.017236257093817,31.144823004794873,23.021728866442675,72.0,50.00999900019995,41.5,43.0,35.0,16.0,33.0,10.0,7.0,16.0,15.132745950421556,15.0,44.0,52.0,43.18564576337837,266.6777081047458,264.6828290615015,252.79240494919938,237.68256141332708
3314,36,3314,0,110.46666666666296,17.029386365926403,104.23531071570709,10.0,23.021728866442675,30.01666203960727,33.13608305156178,23.0,73.0,50.00999900019995,41.5,43.0,36.0,16.5,33.5,10.5,7.5,16.0,16.1245154965971,16.0,42.0,51.0,44.10215414239989,268.6037974415105,266.54267950930483,253.63950796356627,237.47420912595962
3315,36,3315,0,110.49999999999628,19.026297590440446,103.23759005323593,11.045361017187261,23.021728866442675,29.017236257093817,33.06055050963308,22.02271554554524,75.0,52.009614495783374,42.5,43.0,36.0,17.5,35.5,11.5,8.5,15.0,15.132745950421556,15.5,43.0,53.0,45.17742799230607,265.48257946614876,264.48440407706465,252.44603383693712,237.35627229968034
3316,36,3316,0,110.5333333333296,17.11724276862369,102.23991392797629,11.045361017187261,24.020824298928627,29.017236257093817,32.14031735997639,22.02271554554524,74.00675644831355,50.039984012787215,41.5,43.0,36.0,17.5,34.5,9.5,8.5,15.033296378372908,15.132745950421556,15.5,44.0,53.0,42.1070065428546,266.54267950930483,265.5447231635379,252.50742563338608,238.41140912296962
3317,36,3317,0,110.56666666666294,18.027756377319946,103.23759005323593,11.045361017187261,23.0,29.017236257093817,32.14031735997639,23.021728866442675,75.0066663703967,52.009614495783374,43.0,44.0,37.0,17.5,34.5,10.5,8.5,15.0,15.132745950421556,15.5,44.0,53.0,42.190046219457976,266.42259663924904,264.42579299304373,253.50542400508908,237.41314201197878
3318,36,3318,0,110.59999999999629,17.029386365926403,104.23531071570709,11.0,24.020824298928627,29.017236257093817,33.06055050963308,23.0,75.0,51.0098029794274,42.5,44.0,37.0,17.5,34.5,9.5,8.5,16.0,15.132745950421556,15.5,44.0,52.0,42.1070065428546,267.47897113605023,265.48257946614876,253.50542400508908,236.4148895480147
3319,36,3319,0,110.6333333333296,19.026297590440446,102.23991392797629,11.0,23.021728866442675,28.0178514522438,32.14031735997639,23.021728866442675,76.00657866263946,53.03772242470448,43.5,44.0,37.0,17.5,35.5,11.5,8.5,14.0,15.132745950421556,14.5,44.0,52.0,42.190046219457976,266.54267950930483,265.48257946614876,253.50542400508908,237.41314201197878
3320,36,3320,0,110.66666666666292,27.018512172212592,99.24716620639605,10.04987562112089,24.020824298928627,29.017236257093817,33.06055050963308,23.021728866442675,84.0,60.00833275470999,46.5,46.0,39.0,19.5,41.5,16.5,10.5,17.029386365926403,16.1245154965971,16.5,44.0,51.0,41.10960958218893,268.31511325305553,265.27155897306443,252.28555249954366,235.25730594393875
3321,36,3321,0,110.69999999999628,31.016124838541646,100.12492197250393,10.04987562112089,23.021728866442675,29.0,33.06055050963308,23.021728866442675,87.0,64.00781202322104,48.5,46.0,41.0,20.5,43.5,19.5,11.5,17.0,17.11724276862369,17.5,45.0,51.0,43.01162633521314,269.31394319641157,265.27155897306443,251.2866888635369,233.173754955398
3322,36,3322,0,110.7333333333296,32.01562118716424,99.12618221237011,10.0,24.020824298928627,30.01666203960727,34.058772731852805,23.021728866442675,89.00561780022652,65.03076195155643,49.0,47.0,42.0,21.5,44.5,20.5,12.5,18.027756377319946,17.26267650163207,17.5,44.0,51.0,44.04543109109048,268.26852219371546,264.27258654654287,251.2866888635369,233.25951213187426
3323,36,3323,0,110.76666666666291,32.01562118716424,100.12492197250393,10.0,24.020824298928627,29.0,33.015148038438355,23.021728866442675,89.00561780022652,65.03076195155643,49.0,47.0,42.0,21.5,44.5,19.5,12.5,18.027756377319946,17.11724276862369,17.5,45.0,52.0,41.012193308819754,268.26852219371546,266.3174797117155,252.33509466580347,233.21449354617735
3324,36,3324,0,110.79999999999626,31.064449134018133,100.07996802557443,11.045361017187261,24.020824298928627,29.0,33.015148038438355,23.08679276123039,89.02246907382428,65.06919393998976,49.5,47.0,43.0,22.0,44.0,19.0,12.0,18.0,18.24828759089466,18.0,45.0,50.0,41.012193308819754,267.1872002922296,265.1886121235224,251.24092023394596,233.25951213187426
3325,36,3325,0,110.8333333333296,30.01666203960727,101.04454463255303,10.0,23.021728866442675,28.0178514522438,32.0624390837628,23.08679276123039,86.02325267042627,63.071388124885914,48.0,45.0,42.0,20.5,42.5,18.5,10.5,18.027756377319946,18.110770276274835,18.5,45.0,51.0,42.01190307520001,268.2256512714621,265.27155897306443,252.28555249954366,235.25730594393875
3326,36,3326,0,110.86666666666292,25.019992006393608,101.04454463255303,10.04987562112089,23.0,28.0,33.06055050963308,23.08679276123039,81.02468759581859,58.034472514187634,45.5,43.0,40.0,18.5,39.5,15.5,9.5,18.027756377319946,18.027756377319946,18.5,44.0,50.0,41.10960958218893,267.1872002922296,264.18932605235966,251.24092023394596,235.1361307838504
3327,36,3327,0,110.89999999999624,19.1049731745428,100.07996802557443,11.045361017187261,22.02271554554524,27.0,31.016124838541646,23.021728866442675,75.0066663703967,53.03772242470448,43.5,42.0,38.0,17.0,35.0,12.0,7.0,18.110770276274835,17.11724276862369,17.5,45.0,50.0,42.04759208325728,266.1879035568671,265.228203628498,252.23996511258878,235.2126697267815
3328,36,3328,0,110.9333333333296,14.035668847618199,102.07840124139877,11.0,22.0,28.0,31.016124838541646,23.021728866442675,70.02856560004639,48.041648597857254,41.0,40.0,36.0,15.0,32.0,9.0,5.0,19.026297590440446,18.110770276274835,18.0,44.0,48.0,42.04759208325728,265.1527861441399,264.15336454416024,253.1975513309716,237.1349826575573
3329,36,3329,0,110.96666666666292,15.033296378372908,101.07917688624102,11.0,21.02379604162864,28.0,31.016124838541646,23.021728866442675,70.00714249274856,49.040799340956916,41.5,40.0,36.0,15.0,32.0,9.0,5.0,19.026297590440446,18.110770276274835,18.0,44.0,49.0,42.04759208325728,266.1522120892479,264.18932605235966,253.28442510347926,237.21087664776252
3330,36,3330,0,110.99999999999623,13.152946437965905,102.04410811016969,11.0,21.0,28.0,31.016124838541646,23.021728866442675,68.06614430096654,47.095647357266465,40.5,39.0,36.0,14.5,30.5,7.5,4.5,18.110770276274835,18.110770276274835,18.5,44.0,48.0,42.1070065428546,266.12027356065903,264.18932605235966,253.23901753086943,237.30360300678117
3331,36,3331,0,111.03333333332958,12.041594578792296,101.01980003939822,11.0,22.0,29.017236257093817,31.016124838541646,22.090722034374522,67.06713054842886,45.09988913511872,39.0,39.0,37.0,16.0,29.0,6.0,5.0,19.026297590440446,18.110770276274835,18.5,46.0,49.0,42.01190307520001,266.12027356065903,264.18932605235966,253.23901753086943,237.21087664776252
3332,36,3332,0,111.06666666666293,11.045361017187261,100.0199980003999,12.0,22.0,28.0,30.0,23.021728866442675,68.0294054067798,46.04345773288535,40.5,39.0,37.0,15.0,30.0,7.0,4.0,18.110770276274835,18.110770276274835,18.5,44.0,47.0,42.04759208325728,266.0676605677586,265.06791582535976,254.09643838511394,239.10248848558643
3333,36,3333,0,111.09999999999624,12.165525060596439,100.00499987500625,12.0,22.02271554554524,27.018512172212592,30.0,23.021728866442675,69.02897942168927,47.095647357266465,41.0,39.0,38.0,15.5,30.5,7.5,4.5,18.027756377319946,18.027756377319946,18.5,45.0,48.0,42.04759208325728,266.03007348794233,264.06817301598466,252.04959829366916,237.05273674859777
3334,36,3334,0,111.13333333332956,13.038404810405298,101.00495037373169,12.0,22.0,29.017236257093817,31.0,22.02271554554524,69.02897942168927,47.042533945356304,40.5,38.0,37.0,15.5,31.5,7.5,4.5,18.027756377319946,17.11724276862369,17.5,45.0,47.0,40.01249804748511,265.04716561397146,264.04734423962685,253.04940229133123,237.01898658124415
3335,36,3335,0,111.1666666666629,14.142135623730951,100.00499987500625,10.0,21.0,28.0178514522438,31.016124838541646,23.021728866442675,68.06614430096654,47.095647357266465,40.0,38.0,39.0,15.5,29.5,6.5,5.5,19.1049731745428,18.027756377319946,18.0,46.0,47.0,42.01190307520001,265.01698058803703,264.0075756488817,251.01792764661252,235.00212764994276
3336,36,3336,0,111.19999999999624,11.045361017187261,100.00499987500625,11.045361017187261,21.0,28.0178514522438,30.01666203960727,23.021728866442675,66.06814663663572,45.09988913511872,39.5,37.0,38.0,14.5,28.5,5.5,3.5,18.110770276274835,17.029386365926403,18.0,46.0,46.0,41.012193308819754,264.0018939326004,263.0,251.0019920239678,236.00211863455803
3337,36,3337,0,111.23333333332955,5.0990195135927845,99.04544411531506,13.038404810405298,21.0,25.079872407968907,28.0178514522438,26.019223662515376,65.06919393998976,44.10215414239989,41.5,37.0,40.0,12.5,26.5,3.5,0.5,18.110770276274835,17.029386365926403,17.5,48.0,47.0,42.01190307520001,266.0018796926067,263.0019011338131,253.00197627686626,236.00847442411893
3338,36,3338,0,111.2666666666629,1.4142135623730951,98.08159868191383,13.0,22.02271554554524,24.020824298928627,25.079872407968907,27.018512172212592,63.071388124885914,41.048751503547585,40.5,36.0,40.0,11.0,25.0,1.0,1.0,11.0,11.045361017187261,11.0,49.0,47.0,43.0,262.0477055804916,262.0477055804916,252.04959829366916,238.10291892372928
3339,36,3339,0,111.29999999999625,1.0,99.04544411531506,14.035668847618199,21.0,24.020824298928627,26.019223662515376,26.019223662515376,61.07372593840988,40.11234224026316,40.0,36.0,39.0,11.5,23.5,0.5,1.5,8.0,8.0,8.0,49.0,47.0,45.0,263.04752422328556,263.0684321616716,253.04940229133123,237.0759372015642
3340,36,3340,0,111.33333333332956,2.0,101.07917688624102,13.038404810405298,21.0,23.021728866442675,25.019992006393608,25.019992006393608,61.032778078668514,40.049968789001575,39.0,35.0,39.0,12.0,24.0,1.0,1.0,7.0,7.0710678118654755,7.0,49.0,47.0,45.0,264.030301291348,263.0684321616716,253.03161857759991,238.05251521460553
3341,36,3341,0,111.3666666666629,3.1622776601683795,101.07917688624102,14.0,21.0,22.090722034374522,24.08318915758459,24.08318915758459,62.07253821135398,41.10960958218893,39.5,34.0,38.0,12.0,26.0,3.0,2.0,8.0,9.0,8.5,50.0,47.0,44.0,264.06817301598466,264.06817301598466,253.04940229133123,237.05273674859777
3342,36,3342,0,111.39999999999624,8.06225774829855,100.07996802557443,14.0,21.0,21.02379604162864,24.020824298928627,24.186773244895647,67.11929677819934,46.17358552246078,42.0,35.0,39.0,13.0,30.0,7.0,0.0,10.0,10.0,10.0,50.0,46.0,45.0111097397076,265.1527861441399,263.1539473388153,253.12645061312736,237.1349826575573
3343,36,3343,0,111.43333333332956,8.06225774829855,101.1236866416568,15.0,21.0,22.090722034374522,24.08318915758459,24.186773244895647,68.11754546370561,47.16990566028302,43.0,35.0,40.0,13.5,30.5,6.5,0.5,13.0,12.0,12.0,52.0,48.0,46.010868281309364,266.0676605677586,264.09278672466615,254.12595302329905,238.17010727629108
3344,36,3344,0,111.46666666666287,5.0,98.2496819333274,15.0,22.02271554554524,22.090722034374522,24.08318915758459,24.186773244895647,66.12110101926616,44.10215414239989,41.5,34.0,41.0,13.5,28.5,3.5,1.5,13.038404810405298,13.038404810405298,13.0,51.0,46.0,48.0,266.0676605677586,265.1207272168662,253.09681941897256,236.17154782064668
3345,36,3345,0,111.49999999999622,2.0,95.1892851112981,16.0,25.019992006393608,22.090722034374522,26.076809620810597,23.194827009486403,66.12110101926616,41.10960958218893,40.0,35.0,41.0,15.0,28.0,0.0,0.0,14.035668847618199,13.0,13.5,51.0,47.0,45.0111097397076,264.12118430750684,264.15336454416024,252.1606630701942,236.25621684941964
3346,36,3346,0,111.53333333332957,2.23606797749979,95.1892851112981,15.033296378372908,25.019992006393608,22.20360331117452,26.076809620810597,25.079872407968907,67.1863081289633,42.190046219457976,41.0,37.0,43.0,15.0,27.0,1.0,0.0,14.142135623730951,14.035668847618199,14.0,51.0,46.0,45.0111097397076,265.09243670840556,264.15336454416024,252.1269521491108,235.17227727774377
3347,36,3347,0,111.56666666666288,4.123105625617661,97.18538984847466,14.035668847618199,25.019992006393608,23.08679276123039,26.1725046566048,25.179356624028344,68.26419266350405,43.289721643826724,41.0,37.0,43.0,15.0,28.0,1.0,1.0,16.1245154965971,15.0,15.0,52.0,47.0,43.01162633521314,264.18932605235966,264.2290672882149,252.28555249954366,235.35929979501554
3348,36,3348,0,111.5999999999962,3.1622776601683795,96.18731725128839,14.035668847618199,25.019992006393608,23.08679276123039,26.1725046566048,25.179356624028344,67.26812023536856,42.2965719651132,40.5,37.0,43.0,15.0,27.0,0.0,1.0,16.1245154965971,15.0,15.0,52.0,46.0,43.01162633521314,265.27155897306443,265.31867631209076,252.38858928247924,235.41665191740367
3349,36,3349,0,111.63333333332956,6.324555320336759,96.18731725128839,14.0,25.019992006393608,24.08318915758459,27.16615541441225,25.317977802344327,70.34912934784623,45.39823785126467,42.0,37.0,43.0,15.0,30.0,1.0,2.0,16.1245154965971,16.0312195418814,16.0,52.0,46.0,43.01162633521314,265.228203628498,263.2736219221364,252.28555249954366,234.3608329051593
3350,36,3350,0,111.66666666666288,13.152946437965905,95.1892851112981,12.0,23.021728866442675,25.179356624028344,28.071337695236398,23.345235059857504,71.34423592694787,48.373546489791295,41.5,38.0,44.0,18.0,30.0,4.0,6.0,16.1245154965971,16.0,16.0,52.0,46.0,43.04648650006177,265.1886121235224,263.2299375071156,251.2866888635369,233.30880823492285
3351,36,3351,0,111.6999999999962,15.132745950421556,95.1892851112981,11.045361017187261,23.021728866442675,25.179356624028344,29.154759474226502,24.186773244895647,73.33484846919642,50.35871324805669,42.5,39.0,45.0,18.0,31.0,5.0,7.0,16.1245154965971,16.0312195418814,16.0,52.0,46.0,43.04648650006177,266.3174797117155,263.3723599772763,249.45139807184887,232.55106965997814
3352,36,3352,0,111.73333333332954,17.11724276862369,96.25487000666512,9.055385138137417,22.090722034374522,26.1725046566048,29.068883707497267,24.186773244895647,72.44308110509934,50.35871324805669,41.5,38.0,45.0,17.5,30.5,5.5,7.5,17.11724276862369,16.0,16.0,52.0,45.0,41.012193308819754,265.31867631209076,263.32109676210905,251.3364279208249,233.42022191746798
3353,36,3353,0,111.76666666666289,16.1245154965971,95.25754563287887,9.055385138137417,23.021728866442675,25.179356624028344,28.160255680657446,24.186773244895647,72.3394774656273,49.36598018878993,41.0,37.0,44.0,16.5,31.5,5.5,6.5,17.11724276862369,16.0,16.0,53.0,46.0,41.10960958218893,265.31867631209076,263.32109676210905,248.34049206683954,231.36551169091732
3354,36,3354,0,111.7999999999962,17.26267650163207,94.33981132056604,10.04987562112089,22.02271554554524,26.1725046566048,29.154759474226502,22.090722034374522,71.34423592694787,49.36598018878993,40.5,36.0,44.0,18.0,31.0,6.0,7.0,16.278820596099706,17.029386365926403,16.5,53.0,45.0,42.04759208325728,266.3174797117155,263.3723599772763,249.39326374222702,231.42385356743154
3355,36,3355,0,111.83333333332952,17.11724276862369,94.33981132056604,10.0,23.08679276123039,25.179356624028344,29.068883707497267,22.20360331117452,72.3394774656273,49.25444142409901,40.5,36.0,44.0,18.0,32.0,6.0,8.0,16.1245154965971,17.0,16.5,54.0,46.0,45.09988913511872,267.4210163767986,264.42579299304373,250.44959572736389,232.55106965997814
3356,36,3356,0,111.86666666666288,17.11724276862369,95.33624704172071,10.04987562112089,22.090722034374522,26.30589287593181,29.154759474226502,23.194827009486403,72.44308110509934,50.35871324805669,41.5,36.0,44.0,17.0,32.0,6.0,6.0,17.11724276862369,17.029386365926403,16.5,54.0,45.0,42.1070065428546,266.36816626616627,263.48624252510797,250.51147678300092,232.55106965997814
3357,36,3357,0,111.8999999999962,15.297058540778355,96.33275663033837,10.04987562112089,23.021728866442675,27.16615541441225,30.14962686336267,22.090722034374522,70.34912934784623,47.38143096192854,39.5,34.0,42.0,16.0,32.0,6.0,6.0,17.26267650163207,17.029386365926403,16.5,54.0,45.0,42.1070065428546,266.36816626616627,263.4274093559742,249.45139807184887,232.48440807933767
3358,36,3358,0,111.93333333332951,14.142135623730951,98.2496819333274,10.04987562112089,22.090722034374522,29.154759474226502,31.144823004794873,22.20360331117452,68.46897107449476,46.389654018972806,39.0,34.0,41.0,15.5,30.5,5.5,5.5,17.26267650163207,17.029386365926403,17.0,54.0,46.0,43.104524124504614,267.36678926149375,264.42579299304373,250.39169315294788,233.4823333787805
3359,36,3359,0,111.96666666666286,14.142135623730951,97.32933781753577,10.04987562112089,22.090722034374522,28.160255680657446,31.064449134018133,22.20360331117452,68.46897107449476,46.389654018972806,39.0,33.0,41.0,15.0,31.0,6.0,5.0,17.26267650163207,17.029386365926403,17.0,54.0,46.0,43.104524124504614,267.4210163767986,264.48440407706465,250.44959572736389,233.54871012274933
3360,36,3360,0,111.9999999999962,14.317821063276353,95.25754563287887,10.04987562112089,21.02379604162864,26.1725046566048,30.14962686336267,22.090722034374522,67.36467917239716,46.389654018972806,39.0,33.0,40.0,14.5,30.5,5.5,4.5,17.11724276862369,17.0,17.0,55.0,47.0,42.04759208325728,267.36678926149375,265.42418879973997,252.38858928247924,234.3608329051593
3361,36,3361,0,112.03333333332952,14.317821063276353,95.25754563287887,10.04987562112089,21.02379604162864,26.1725046566048,30.14962686336267,22.090722034374522,67.36467917239716,46.389654018972806,39.0,33.0,40.0,14.5,30.5,5.5,4.5,17.11724276862369,17.0,17.0,55.0,47.0,42.04759208325728,267.36678926149375,265.42418879973997,252.38858928247924,234.3608329051593
3362,36,3362,0,112.06666666666284,18.110770276274835,98.2496819333274,9.055385138137417,22.02271554554524,27.16615541441225,30.14962686336267,23.194827009486403,72.3394774656273,50.35871324805669,41.0,35.0,42.0,15.5,33.5,8.5,5.5,18.24828759089466,17.0,17.0,54.0,46.0,44.10215414239989,266.36816626616627,264.31988196123274,252.28555249954366,234.30749027719963
3363,36,3363,0,112.0999999999962,17.11724276862369,98.2496819333274,10.04987562112089,22.090722034374522,28.160255680657446,31.144823004794873,23.194827009486403,72.44308110509934,50.35871324805669,41.5,34.0,41.0,14.5,34.5,9.5,4.5,18.110770276274835,17.029386365926403,17.5,54.0,46.0,45.044422518220834,266.3174797117155,263.3723599772763,250.28783430282823,232.36393868240398
3364,36,3364,0,112.13333333332952,24.020824298928627,101.24228365658294,8.06225774829855,22.090722034374522,27.16615541441225,31.064449134018133,23.345235059857504,77.41446893184762,55.326304774492215,43.0,35.0,42.0,15.5,38.5,13.5,7.5,17.26267650163207,16.0312195418814,16.5,53.0,45.0,43.104524124504614,266.36816626616627,263.3723599772763,250.39169315294788,232.48440807933767
3365,36,3365,0,112.16666666666283,25.079872407968907,102.23991392797629,8.0,23.08679276123039,26.1725046566048,31.144823004794873,23.345235059857504,79.40403012442127,56.32051136131489,43.5,35.0,42.0,15.5,40.5,14.5,7.5,17.11724276862369,17.029386365926403,16.5,53.0,46.0,44.04543109109048,266.2273464541162,264.31988196123274,250.28783430282823,232.48440807933767
3366,36,3366,0,112.19999999999618,21.095023109728988,97.25224933131366,9.055385138137417,24.020824298928627,25.179356624028344,29.068883707497267,22.20360331117452,76.32168761236873,52.3450093132096,41.5,35.0,42.0,16.5,37.5,10.5,6.5,16.278820596099706,15.033296378372908,15.5,53.0,45.0,45.09988913511872,265.3695536417092,263.4274093559742,250.39169315294788,233.42022191746798
3367,36,3367,0,112.23333333332953,7.280109889280518,95.13148795220224,13.038404810405298,23.021728866442675,24.08318915758459,27.073972741361768,27.073972741361768,70.25667228100119,47.265209192385896,43.5,38.0,43.0,13.5,29.5,3.5,0.5,17.26267650163207,16.0312195418814,16.0,54.0,46.0,47.042533945356304,266.1522120892479,265.1886121235224,252.1606630701942,233.173754955398
3368,36,3368,0,112.26666666666284,2.8284271247461903,92.19544457292888,14.0,22.02271554554524,22.090722034374522,25.019992006393608,28.284271247461902,66.37017402418047,44.40720662234904,43.0,36.0,42.0,11.0,27.0,2.0,2.0,17.11724276862369,17.029386365926403,17.0,54.0,46.0,45.0111097397076,264.3709515056448,264.3709515056448,250.28783430282823,233.30880823492285
3369,36,3369,0,112.29999999999616,1.4142135623730951,88.2779700718135,14.0,23.021728866442675,20.09975124224178,24.08318915758459,27.294688127912362,65.27633568147036,42.2965719651132,41.5,36.0,43.0,12.5,25.5,0.5,0.5,17.11724276862369,17.029386365926403,17.0,55.0,46.0,45.09988913511872,265.48257946614876,265.48257946614876,252.38858928247924,234.4184293096428
3370,36,3370,0,112.3333333333295,3.1622776601683795,89.27485648266257,13.038404810405298,23.021728866442675,21.095023109728988,24.08318915758459,29.154759474226502,68.26419266350405,45.27692569068709,43.5,38.0,45.0,12.5,26.5,0.5,0.5,17.26267650163207,16.0,16.5,55.0,46.0,46.09772228646444,266.36816626616627,265.3695536417092,251.2866888635369,233.25951213187426
3371,36,3371,0,112.36666666666284,5.0990195135927845,88.2779700718135,13.038404810405298,24.020824298928627,21.095023109728988,24.08318915758459,28.160255680657446,70.25667228100119,46.2709412050371,43.5,39.0,46.0,14.5,27.5,0.5,1.5,18.24828759089466,17.0,17.5,56.0,46.0,46.09772228646444,264.3709515056448,265.3695536417092,252.33509466580347,233.30880823492285
3372,36,3372,0,112.39999999999615,6.082762530298219,86.28441342444185,14.035668847618199,24.08318915758459,21.095023109728988,23.08679276123039,27.16615541441225,71.34423592694787,47.265209192385896,44.0,38.0,45.0,14.5,29.5,2.5,0.5,18.24828759089466,17.0,17.5,57.0,47.0,43.104524124504614,265.48257946614876,265.48257946614876,252.38858928247924,232.31013753170566
3373,36,3373,0,112.4333333333295,7.0,88.2779700718135,14.035668847618199,24.08318915758459,21.095023109728988,23.08679276123039,26.30589287593181,71.34423592694787,47.265209192385896,43.5,38.0,45.0,15.5,29.5,2.5,1.5,17.26267650163207,16.0,16.5,56.0,46.0,44.181444068749045,267.6060537431842,266.48076853686837,253.38705570727168,233.30880823492285
3374,36,3374,0,112.46666666666285,6.324555320336759,90.27181176868004,14.0,24.08318915758459,23.08679276123039,25.079872407968907,24.331050121192877,68.46897107449476,44.40720662234904,41.0,36.0,43.0,15.5,28.5,1.5,1.5,17.26267650163207,16.0,16.5,56.0,46.0,45.17742799230607,268.6726632912251,267.54065111679756,254.3855341799136,234.30749027719963
3375,36,3375,0,112.49999999999616,7.280109889280518,97.32933781753577,13.038404810405298,23.021728866442675,26.1725046566048,29.068883707497267,25.179356624028344,68.3593446428504,45.39823785126467,41.5,36.0,44.0,15.0,28.0,2.0,2.0,17.26267650163207,16.0,16.5,56.0,46.0,45.17742799230607,267.67517628648346,266.54267950930483,254.4425278918601,235.35929979501554
3376,36,3376,0,112.5333333333295,10.198039027185569,98.41239759298622,11.045361017187261,21.095023109728988,25.179356624028344,29.154759474226502,24.186773244895647,66.48308055437865,45.39823785126467,40.0,33.0,42.0,13.5,28.5,4.5,2.5,18.24828759089466,17.0,17.5,56.0,45.0,44.181444068749045,268.7452325158532,267.6060537431842,254.568261965234,236.47621444872632
3377,36,3377,0,112.56666666666284,13.152946437965905,100.4987562112089,10.04987562112089,21.095023109728988,27.16615541441225,30.14962686336267,23.194827009486403,67.47592163134935,46.389654018972806,39.5,31.0,41.0,13.0,31.0,6.0,3.0,17.26267650163207,17.0,17.5,57.0,46.0,43.18564576337837,268.6726632912251,267.6060537431842,252.57276179350774,235.54405108174564
3378,36,3378,0,112.59999999999616,14.317821063276353,100.4987562112089,9.055385138137417,21.095023109728988,27.16615541441225,31.144823004794873,23.194827009486403,67.60177512462228,46.52956049652737,39.0,31.0,41.0,13.0,31.0,7.0,3.0,17.26267650163207,16.0,16.5,55.0,45.0,43.18564576337837,268.7452325158532,267.67517628648346,253.57050301641948,236.5417510715603
3379,36,3379,0,112.63333333332947,13.341664064126334,99.40824915468535,10.04987562112089,21.095023109728988,27.294688127912362,31.064449134018133,23.194827009486403,67.60177512462228,46.52956049652737,39.5,32.0,41.0,13.5,30.5,6.5,2.5,18.24828759089466,17.0,17.5,57.0,45.0,44.28317965096906,268.8215021161812,267.67517628648346,254.503438090726,237.41314201197878
3380,36,3380,0,112.66666666666282,13.152946437965905,99.40824915468535,10.04987562112089,20.09975124224178,27.16615541441225,30.14962686336267,23.345235059857504,66.61080993352356,46.52956049652737,39.5,32.0,41.0,13.5,29.5,6.5,3.5,18.24828759089466,17.0,17.5,56.0,46.0,43.18564576337837,267.8245694479877,266.6777081047458,253.57050301641948,235.54405108174564
3381,36,3381,0,112.69999999999617,12.165525060596439,99.32270636667126,10.04987562112089,21.095023109728988,28.160255680657446,31.064449134018133,23.345235059857504,66.61080993352356,45.5411901469428,39.0,32.0,40.0,13.0,30.0,6.0,3.0,17.26267650163207,17.0,17.0,56.0,45.0,45.17742799230607,268.6726632912251,267.6060537431842,253.50542400508908,235.41665191740367
3382,36,3382,0,112.73333333332948,11.180339887498949,99.40824915468535,10.04987562112089,21.095023109728988,26.1725046566048,30.066592756745816,23.345235059857504,65.62011886609167,44.553338819890925,38.5,31.0,40.0,12.5,29.5,5.5,2.5,17.26267650163207,17.0,17.0,56.0,45.0,43.104524124504614,267.7480158656643,266.6777081047458,253.63950796356627,236.5417510715603
3383,36,3383,0,112.7666666666628,11.180339887498949,98.32598842625484,10.04987562112089,21.02379604162864,27.16615541441225,30.066592756745816,23.345235059857504,65.49045732013177,44.553338819890925,38.5,31.0,39.0,12.0,30.0,6.0,2.0,17.26267650163207,17.0,17.0,55.0,45.0,42.1070065428546,268.8215021161812,267.7480158656643,254.568261965234,236.47621444872632
3384,36,3384,0,112.79999999999616,12.165525060596439,98.41239759298622,10.04987562112089,21.095023109728988,27.16615541441225,30.14962686336267,24.186773244895647,67.47592163134935,46.389654018972806,40.0,32.0,41.0,12.5,30.5,6.5,2.5,17.26267650163207,16.0,16.5,56.0,45.0,43.18564576337837,267.67517628648346,265.6106172576691,252.57276179350774,236.47621444872632
3385,36,3385,0,112.83333333332948,15.132745950421556,99.40824915468535,10.04987562112089,21.095023109728988,27.16615541441225,30.066592756745816,23.345235059857504,69.58448102845921,48.507731342539614,40.5,32.0,41.0,13.5,32.5,8.5,3.5,17.26267650163207,16.0312195418814,16.5,55.0,44.0,43.18564576337837,268.6726632912251,266.60832695172894,253.50542400508908,235.47823678633233
3386,36,3386,0,112.8666666666628,20.09975124224178,100.40418317978589,10.04987562112089,23.08679276123039,28.160255680657446,31.144823004794873,24.186773244895647,77.41446893184762,54.3323108288245,44.0,35.0,44.0,15.5,37.5,11.5,4.5,16.1245154965971,14.0,15.0,55.0,45.0,43.18564576337837,269.67016891009655,267.67517628648346,253.63950796356627,235.61409125941512
3387,36,3387,0,112.89999999999614,23.08679276123039,99.32270636667126,9.055385138137417,23.08679276123039,29.154759474226502,32.0624390837628,23.345235059857504,78.5175139698144,55.44366510251645,43.5,35.0,43.0,16.0,39.0,14.0,7.0,9.055385138137417,10.198039027185569,9.5,56.0,47.0,46.09772228646444,268.47718711279737,265.48257946614876,252.57276179350774,235.54405108174564
3388,36,3388,0,112.93333333332949,23.194827009486403,99.24716620639605,8.06225774829855,22.02271554554524,27.16615541441225,30.01666203960727,23.194827009486403,76.4198926981712,54.45181356024793,42.5,35.0,42.0,15.5,37.5,12.5,6.5,6.082762530298219,6.324555320336759,6.5,55.0,47.0,43.18564576337837,267.36678926149375,264.48440407706465,251.44780770569466,236.47621444872632
3389,36,3389,0,112.9666666666628,23.08679276123039,99.18165152889924,8.06225774829855,22.02271554554524,28.284271247461902,32.0624390837628,23.194827009486403,76.32168761236873,54.3323108288245,42.5,36.0,42.0,16.0,37.0,12.0,7.0,7.0710678118654755,7.280109889280518,7.0,56.0,47.0,43.104524124504614,267.31629205867716,265.31867631209076,252.23996511258878,236.21176939348302
3390,36,3390,0,112.99999999999612,20.223748416156685,96.25487000666512,9.0,23.021728866442675,26.1725046566048,29.068883707497267,21.37755832643195,73.43704787094863,50.48762224545735,40.0,38.0,45.0,20.5,31.5,5.5,9.5,9.0,9.055385138137417,8.5,57.0,50.0,44.04543109109048,269.41789101691074,267.36678926149375,253.28442510347926,236.30488780387088
3391,36,3391,0,113.03333333332948,20.09975124224178,95.25754563287887,9.055385138137417,23.021728866442675,27.073972741361768,30.066592756745816,20.396078054371138,72.44308110509934,49.49747468305833,39.0,37.0,44.0,20.5,31.5,5.5,10.5,8.06225774829855,9.219544457292887,9.0,57.0,49.0,44.04543109109048,269.4754163184464,265.42418879973997,253.28442510347926,236.35777964771967
3392,36,3392,0,113.0666666666628,18.24828759089466,93.26306878931231,11.0,24.020824298928627,26.1725046566048,29.068883707497267,20.396078054371138,73.43704787094863,49.49747468305833,40.0,38.0,45.0,21.5,31.5,4.5,9.5,9.055385138137417,10.0,10.0,57.0,49.0,46.010868281309364,267.47897113605023,265.48257946614876,253.4442739538615,236.4148895480147
3393,36,3393,0,113.09999999999611,17.029386365926403,91.35097153287424,12.041594578792296,25.019992006393608,25.079872407968907,28.071337695236398,21.37755832643195,75.32595834106593,50.35871324805669,41.5,40.0,48.0,23.0,31.0,3.0,11.0,11.180339887498949,12.0,12.0,56.0,49.0,46.0,268.5386378158644,267.47897113605023,254.3855341799136,238.41140912296962
3394,36,3394,0,113.13333333332946,16.1245154965971,86.28441342444185,14.0,26.019223662515376,23.08679276123039,27.073972741361768,22.20360331117452,78.23042886243178,52.23983154643591,44.0,43.0,50.0,24.5,31.5,3.5,10.5,13.038404810405298,13.0,13.0,55.0,49.0,48.010415536631214,266.36816626616627,265.3695536417092,251.2866888635369,235.30618351416098
3395,36,3395,0,113.1666666666628,19.026297590440446,83.15046602394962,15.033296378372908,27.018512172212592,22.090722034374522,26.019223662515376,21.095023109728988,82.15229759416349,55.14526271584895,45.5,45.0,50.0,26.5,34.5,5.5,11.5,14.035668847618199,14.0,14.0,56.0,50.0,45.0111097397076,266.1879035568671,264.15336454416024,250.09798079952586,232.1055794245369
3396,36,3396,0,113.19999999999612,21.095023109728988,81.15417426109393,15.0,26.0,22.090722034374522,26.076809620810597,22.20360331117452,84.1486779456457,58.215118311311535,47.5,48.0,53.0,28.5,33.5,4.5,13.5,14.035668847618199,15.0,15.0,55.0,50.0,46.010868281309364,266.27053911388697,264.18932605235966,249.1625975141534,230.17601960239037
3397,36,3397,0,113.23333333332944,23.08679276123039,83.21658488546619,14.0,26.019223662515376,23.021728866442675,27.018512172212592,23.08679276123039,86.14522621712709,60.13318551349163,48.5,48.0,54.0,28.0,35.0,6.0,14.0,15.132745950421556,16.0,15.5,54.0,49.0,44.01136216933077,266.0676605677586,265.04716561397146,250.04999500099976,231.05410621756974
3398,36,3398,0,113.2666666666628,23.021728866442675,81.15417426109393,15.033296378372908,27.0,22.02271554554524,26.019223662515376,22.20360331117452,87.14355971613737,60.207972893961475,48.5,49.0,54.0,29.5,35.5,5.5,14.5,15.033296378372908,15.033296378372908,15.0,54.0,50.0,46.0,266.0676605677586,265.04716561397146,251.04979585731593,230.05434140654683
3399,36,3399,0,113.29999999999612,25.079872407968907,87.05170877128145,14.0,25.019992006393608,24.020824298928627,27.018512172212592,22.090722034374522,86.14522621712709,61.1310068623117,48.5,49.0,52.0,28.5,35.5,8.5,14.5,16.0312195418814,16.0312195418814,16.0,53.0,49.0,45.0111097397076,267.02996086581743,264.0170449043016,250.0079998720041,232.01939574095957
3400,36,3400,0,113.33333333332943,26.019223662515376,90.0222194794152,11.045361017187261,25.0,24.020824298928627,28.0,23.08679276123039,85.09406559801923,60.13318551349163,47.0,49.0,51.0,27.0,35.0,8.0,16.0,16.1245154965971,16.0312195418814,15.5,52.0,49.0,43.01162633521314,267.02996086581743,265.03018695990085,250.0079998720041,232.01939574095957
3401,36,3401,0,113.36666666666278,27.073972741361768,90.0222194794152,11.0,24.0,23.021728866442675,27.018512172212592,23.021728866442675,85.05292469985967,61.07372593840988,47.5,48.0,50.0,26.0,36.0,10.0,15.0,16.0312195418814,16.0312195418814,16.0,50.0,48.0,45.0111097397076,266.01691675530714,264.0170449043016,251.0019920239678,233.0085835328819
3402,36,3402,0,113.39999999999613,18.027756377319946,90.00555538409837,13.0,25.0,22.02271554554524,25.0,27.018512172212592,83.02409288875127,58.034472514187634,49.0,48.0,49.0,21.5,34.5,8.5,8.5,16.0312195418814,17.029386365926403,17.0,50.0,49.0,43.01162633521314,264.0075756488817,263.0019011338131,251.0019920239678,234.00854685246006
3403,36,3403,0,113.43333333332944,3.1622776601683795,92.02173656261873,14.0,23.0,22.02271554554524,25.0,33.0,73.00684899377592,50.00999900019995,48.5,46.0,48.0,14.0,26.0,1.0,1.0,17.11724276862369,17.11724276862369,17.0,49.0,48.0,45.0,263.0,263.0019011338131,250.0,234.00854685246006
3404,36,3404,0,113.46666666666276,1.4142135623730951,92.00543462209176,15.0,23.0,22.0,24.0,33.0,72.00694410957877,49.01020301937138,48.5,46.0,47.0,13.5,25.5,0.5,0.5,16.0312195418814,16.0312195418814,16.5,48.0,47.0,45.0111097397076,263.0019011338131,264.0018939326004,252.00198411917316,235.0
3405,36,3405,0,113.4999999999961,4.123105625617661,91.00549433962765,14.0,23.0,21.0,24.0,33.015148038438355,74.0,51.0,49.0,48.0,49.0,15.5,25.5,0.5,2.5,16.0312195418814,16.0312195418814,16.5,50.0,49.0,45.0,263.00760445279906,264.0075756488817,251.0,235.00212764994276
3406,36,3406,0,113.53333333332944,16.0312195418814,86.0,15.033296378372908,25.0,21.0,26.0,25.079872407968907,81.02468759581859,56.0357029044876,48.0,49.0,49.0,24.0,32.0,5.0,10.0,16.0312195418814,16.0312195418814,16.5,50.0,51.0,44.0,266.03007348794233,265.01698058803703,252.03174403237384,233.0085835328819
3407,36,3407,0,113.56666666666275,13.038404810405298,85.00588214941364,16.0,26.0,22.0,25.0,26.019223662515376,81.02468759581859,55.036351623268054,48.5,49.0,48.0,22.5,32.5,4.5,7.5,16.0312195418814,16.0312195418814,16.5,49.0,50.0,45.0111097397076,264.030301291348,265.04716561397146,252.04959829366916,232.01939574095957
3408,36,3408,0,113.5999999999961,17.029386365926403,87.0,12.0,24.020824298928627,22.02271554554524,25.0,24.08318915758459,77.02596964660685,53.08483775994799,44.5,47.0,47.0,23.0,30.0,5.0,11.0,17.029386365926403,17.11724276862369,17.0,48.0,50.0,46.0,265.06791582535976,264.06817301598466,250.04999500099976,232.01939574095957
3409,36,3409,0,113.63333333332945,18.027756377319946,91.02197536858887,11.0,23.0,24.0,26.019223662515376,22.090722034374522,74.06078584514209,51.088159097779204,42.0,44.0,46.0,23.0,29.0,4.0,12.0,16.0312195418814,15.033296378372908,15.5,49.0,50.0,44.04543109109048,266.03007348794233,264.030301291348,251.03187048659777,234.03418553707064
3410,36,3410,0,113.66666666666276,15.033296378372908,94.00531899844816,10.0,22.0,25.019992006393608,28.0,24.08318915758459,71.06335201775947,49.09175083453431,41.5,43.0,44.0,19.5,27.5,4.5,9.5,16.0312195418814,15.033296378372908,15.5,48.0,50.0,43.0,266.03007348794233,265.01698058803703,252.00793638296395,236.00211863455803
3411,36,3411,0,113.6999999999961,2.23606797749979,96.00520819205592,15.0,23.0,23.021728866442675,26.019223662515376,27.018512172212592,67.02984409947557,44.04543109109048,43.0,41.0,42.0,14.5,25.5,0.5,0.5,16.0312195418814,16.0312195418814,16.5,47.0,48.0,43.01162633521314,263.0019011338131,264.0018939326004,252.00198411917316,236.00211863455803
3412,36,3412,0,113.73333333332944,1.4142135623730951,97.0051545022222,15.0,22.0,24.0,27.018512172212592,28.0178514522438,66.03029607687671,44.04543109109048,43.5,41.0,42.0,13.5,24.5,0.5,0.5,16.0312195418814,16.0312195418814,16.0,46.0,48.0,43.04648650006177,264.0170449043016,265.0075470623431,252.00198411917316,235.0
3413,36,3413,0,113.76666666666276,1.4142135623730951,96.00520819205592,15.0,21.0,24.0,26.019223662515376,27.018512172212592,64.03124237432849,43.04648650006177,42.5,40.0,41.0,13.5,23.5,0.5,0.5,16.1245154965971,16.0312195418814,16.5,47.0,49.0,41.048751503547585,263.0171097096157,264.0018939326004,252.00198411917316,236.00847442411893
3414,36,3414,0,113.79999999999607,8.06225774829855,97.0,13.0,22.0,26.019223662515376,30.01666203960727,25.019992006393608,68.0294054067798,46.04345773288535,42.0,40.0,40.0,15.0,28.0,4.0,3.0,15.033296378372908,15.033296378372908,15.5,46.0,48.0,43.01162633521314,264.0170449043016,265.01698058803703,252.00793638296395,235.0
3415,36,3415,0,113.83333333332942,18.027756377319946,98.0,11.0,23.021728866442675,27.0,30.0,23.08679276123039,75.02666192761077,52.08646657242167,43.0,42.0,42.0,19.0,33.0,9.0,9.0,17.029386365926403,17.029386365926403,16.5,46.0,48.0,43.01162633521314,266.0,264.0,251.0,234.00854685246006
3416,36,3416,0,113.86666666666277,19.026297590440446,98.00510190801293,11.0,23.0,29.0,31.0,22.0,75.0066663703967,52.009614495783374,42.5,41.0,42.0,19.5,33.5,8.5,9.5,16.0312195418814,17.029386365926403,17.0,46.0,48.0,44.01136216933077,264.030301291348,264.0075756488817,251.0019920239678,234.00213674238105
3417,36,3417,0,113.89999999999608,18.027756377319946,101.00495037373169,11.0,23.0,28.0,31.0,22.02271554554524,74.02702209328699,51.03920062069938,42.0,40.0,39.0,17.5,34.5,9.5,7.5,16.0312195418814,16.1245154965971,16.0,45.0,47.0,41.048751503547585,266.01691675530714,264.0170449043016,251.03187048659777,234.01922997907673
3418,36,3418,0,113.9333333333294,15.033296378372908,99.00505037623081,12.0,23.0,28.0,31.0,21.02379604162864,71.02816342831905,48.041648597857254,40.5,39.0,38.0,17.5,32.5,8.5,6.5,15.0,15.033296378372908,15.5,45.0,48.0,41.048751503547585,264.0170449043016,264.030301291348,252.03174403237384,236.00847442411893
3419,36,3419,0,113.96666666666276,15.033296378372908,100.00499987500625,11.0,22.0,28.0,32.01562118716424,22.02271554554524,70.02856560004639,48.041648597857254,40.5,40.0,39.0,17.5,30.5,7.5,7.5,15.033296378372908,15.132745950421556,15.5,45.0,47.0,42.04759208325728,264.04734423962685,264.030301291348,251.04979585731593,236.01906702637396
3420,36,3420,0,113.99999999999608,14.035668847618199,101.01980003939822,11.0,22.0,28.0,31.0,23.021728866442675,70.02856560004639,48.041648597857254,41.0,39.0,37.0,15.0,32.0,8.0,5.0,15.0,15.033296378372908,15.5,45.0,47.0,41.048751503547585,263.04752422328556,262.0686932847951,250.09798079952586,235.07658326596462
3421,36,3421,0,114.0333333333294,14.142135623730951,100.00499987500625,12.0,23.021728866442675,28.0,31.016124838541646,22.02271554554524,71.02816342831905,48.093658625644196,41.0,39.0,38.0,16.5,32.5,8.5,5.5,14.0,15.132745950421556,15.5,44.0,47.0,40.01249804748511,262.0477055804916,263.04752422328556,252.04959829366916,236.03389587091087
3422,36,3422,0,114.06666666666274,18.027756377319946,101.01980003939822,10.0,23.0,30.0,32.01562118716424,23.021728866442675,74.02702209328699,51.03920062069938,42.0,41.0,39.0,17.0,34.0,10.0,8.0,14.035668847618199,14.035668847618199,14.5,44.0,47.0,40.01249804748511,263.0931394012394,263.1216448717209,251.127457678367,234.10467744152402
3423,36,3423,0,114.09999999999609,27.018512172212592,100.07996802557443,11.0,23.021728866442675,28.0,31.064449134018133,23.08679276123039,84.02380615040002,61.07372593840988,47.5,46.0,42.0,21.0,40.0,16.0,11.0,15.0,16.1245154965971,16.0,43.0,48.0,41.10960958218893,263.0931394012394,261.0938528575501,248.16325271885037,232.07757323791543
3424,36,3424,0,114.1333333333294,31.016124838541646,102.04410811016969,10.04987562112089,23.021728866442675,28.0,32.0624390837628,22.090722034374522,86.00581375697809,63.0317380372777,47.5,45.0,42.0,21.5,42.5,18.5,12.5,15.0,16.0312195418814,15.5,43.0,48.0,42.04759208325728,263.1539473388153,262.15453457836657,249.20072231034965,232.1055794245369
3425,36,3425,0,114.16666666666272,29.017236257093817,101.01980003939822,9.0,23.021728866442675,27.0,31.064449134018133,23.08679276123039,84.02380615040002,61.07372593840988,46.5,43.0,41.0,19.0,42.0,18.0,10.0,15.033296378372908,15.132745950421556,15.0,44.0,49.0,42.04759208325728,263.1539473388153,263.1539473388153,250.19992006393608,234.17301296263838
3426,36,3426,0,114.19999999999608,25.019992006393608,99.00505037623081,9.0,23.021728866442675,26.019223662515376,30.01666203960727,22.02271554554524,79.00632886041473,56.0357029044876,43.5,41.0,40.0,18.5,38.5,14.5,9.5,14.0,15.033296378372908,15.0,42.0,48.0,41.048751503547585,262.15453457836657,261.15512631384433,249.12848090894786,233.0772404161333
3427,36,3427,0,114.2333333333294,22.02271554554524,98.02040603874276,9.0,23.021728866442675,26.019223662515376,29.017236257093817,21.095023109728988,75.02666192761077,52.08646657242167,41.0,42.0,40.0,20.0,34.0,10.0,12.0,15.033296378372908,15.132745950421556,15.0,43.0,49.0,43.04648650006177,263.1539473388153,262.1907702418222,250.19992006393608,234.13671220037236
3428,36,3428,0,114.26666666666272,18.027756377319946,95.02105029939419,11.045361017187261,24.020824298928627,26.019223662515376,29.0,19.235384061671343,72.02777242147643,48.093658625644196,39.0,41.0,39.0,21.0,32.0,7.0,11.0,14.0,15.033296378372908,15.0,43.0,49.0,42.1070065428546,263.1539473388153,262.1221089492453,249.20072231034965,233.13729860320507
3429,36,3429,0,114.29999999999606,16.0312195418814,93.02150289046077,11.045361017187261,25.0,26.019223662515376,29.017236257093817,19.235384061671343,71.06335201775947,46.09772228646444,38.0,41.0,39.0,21.0,31.0,5.0,11.0,14.035668847618199,15.033296378372908,15.0,43.0,48.0,41.048751503547585,262.1221089492453,262.1221089492453,251.16130275183716,235.10423220350586
3430,36,3430,0,114.3333333333294,15.0,92.00543462209176,12.0,25.0,26.019223662515376,28.0178514522438,20.09975124224178,72.02777242147643,47.042533945356304,39.5,41.0,40.0,20.5,31.5,5.5,9.5,14.0,15.033296378372908,15.0,43.0,48.0,42.1070065428546,263.1900454044567,262.1907702418222,251.19912420229494,236.17154782064668
3431,36,3431,0,114.36666666666272,14.035668847618199,89.00561780022652,13.0,26.0,24.020824298928627,27.0,20.09975124224178,73.06161783043132,47.095647357266465,40.0,40.0,41.0,20.5,32.5,4.5,7.5,14.0,15.132745950421556,15.0,42.0,47.0,42.04759208325728,262.23081436017395,263.2299375071156,252.23996511258878,235.17227727774377
3432,36,3432,0,114.39999999999606,13.0,86.0,14.0,26.0,22.02271554554524,26.0,20.09975124224178,73.02739212103907,47.042533945356304,40.5,41.0,41.0,21.0,32.0,4.0,7.0,14.0,14.142135623730951,14.0,44.0,48.0,43.04648650006177,262.15453457836657,262.15453457836657,251.127457678367,235.05318547086316
3433,36,3433,0,114.4333333333294,9.0,85.00588214941364,15.0,27.0,20.0,24.020824298928627,22.090722034374522,73.02739212103907,46.04345773288535,41.5,42.0,41.0,19.5,31.5,3.5,5.5,15.0,15.033296378372908,15.5,44.0,48.0,43.04648650006177,262.1221089492453,262.1221089492453,252.1269521491108,235.05318547086316
3434,36,3434,0,114.46666666666272,6.0,85.0,15.0,26.0,21.0,24.0,25.079872407968907,72.02777242147643,46.04345773288535,43.0,43.0,43.0,18.0,29.0,1.0,4.0,16.0,16.0312195418814,16.0,46.0,48.0,43.01162633521314,263.0684321616716,262.0686932847951,251.04979585731593,234.01922997907673
3435,36,3435,0,114.49999999999604,3.1622776601683795,88.0056816347672,14.0,25.0,20.024984394500787,23.021728866442675,27.073972741361768,69.06518659932803,44.10215414239989,42.5,41.0,42.0,14.5,27.5,0.5,1.5,16.0312195418814,15.033296378372908,15.5,46.0,47.0,41.012193308819754,262.01717500957835,262.00763347658403,251.0,233.0085835328819
3436,36,3436,0,114.53333333332938,3.1622776601683795,91.0,14.0,23.0,21.0,24.020824298928627,28.0178514522438,68.0294054067798,45.044422518220834,43.5,42.0,42.0,14.0,26.0,1.0,1.0,15.033296378372908,16.0,15.5,46.0,47.0,42.01190307520001,260.0076921939041,262.00763347658403,250.00199999200007,233.0
3437,36,3437,0,114.56666666666273,8.06225774829855,95.02105029939419,13.0,23.021728866442675,24.020824298928627,26.0,26.019223662515376,70.06425622241343,47.042533945356304,43.0,42.0,44.0,17.0,27.0,2.0,5.0,16.0312195418814,15.033296378372908,15.0,46.0,46.0,44.0,262.01717500957835,262.00763347658403,249.0020080240318,234.0
3438,36,3438,0,114.59999999999604,18.110770276274835,95.04735661763561,10.0,22.0,25.019992006393608,28.0178514522438,22.02271554554524,72.06247289678588,50.08991914547278,41.0,40.0,43.0,19.5,30.5,6.5,9.5,15.033296378372908,15.132745950421556,15.5,46.0,46.0,42.0,261.0019157017818,261.00766272276377,248.0080643850115,231.00216449202375
3439,36,3439,0,114.63333333332938,18.110770276274835,93.04837451562494,9.0,23.0,26.019223662515376,30.01666203960727,21.095023109728988,71.11258679024411,48.16637831516918,39.0,39.0,42.0,19.5,30.5,5.5,10.5,16.1245154965971,16.0312195418814,15.5,47.0,46.0,43.0,262.0,260.0,247.00202428320299,231.00216449202375
3440,36,3440,0,114.6666666666627,18.027756377319946,93.02150289046077,11.0,24.0,27.018512172212592,30.0,18.110770276274835,71.06335201775947,47.095647357266465,38.0,39.0,41.0,22.0,31.0,6.0,12.0,16.0312195418814,16.0312195418814,16.0,47.0,47.0,42.01190307520001,263.0019011338131,261.0,249.0020080240318,232.0086205294967
3441,36,3441,0,114.69999999999604,19.026297590440446,92.04890004774636,10.04987562112089,23.021728866442675,27.018512172212592,30.0,18.027756377319946,70.11419257183242,47.095647357266465,37.5,39.0,42.0,22.5,29.5,4.5,12.5,15.033296378372908,16.0312195418814,16.0,46.0,46.0,43.0,261.0019157017818,260.00192306981114,248.0,231.0
3442,36,3442,0,114.73333333332936,18.027756377319946,92.04890004774636,11.0,23.0,28.0178514522438,31.016124838541646,17.26267650163207,69.1158447825099,46.17358552246078,37.0,38.0,41.0,22.5,29.5,4.5,12.5,16.0312195418814,15.033296378372908,15.0,47.0,47.0,41.012193308819754,263.00760445279906,261.0019157017818,249.0,233.0085835328819
3443,36,3443,0,114.7666666666627,18.027756377319946,94.04786015641186,10.0,24.0,28.0178514522438,31.016124838541646,18.110770276274835,70.06425622241343,46.09772228646444,37.0,38.0,41.0,21.5,30.5,4.5,11.5,15.132745950421556,15.033296378372908,15.0,47.0,47.0,41.0,264.0018939326004,262.0,250.0,233.0
3444,36,3444,0,114.79999999999605,17.11724276862369,92.02173656261873,10.0,23.0,27.073972741361768,30.0,19.1049731745428,69.1158447825099,46.17358552246078,37.5,38.0,40.0,20.0,30.0,5.0,10.0,15.132745950421556,15.033296378372908,15.5,46.0,47.0,42.0,262.0019083899963,261.0019157017818,248.0020161208372,232.0
3445,36,3445,0,114.83333333332936,15.033296378372908,94.02127418834527,10.0,22.0,26.019223662515376,29.017236257093817,20.024984394500787,67.02984409947557,45.044422518220834,37.5,37.0,39.0,18.0,29.0,5.0,8.0,16.1245154965971,16.0312195418814,16.0,47.0,47.0,42.0,263.0171097096157,261.00766272276377,249.0180716333656,232.0086205294967
3446,36,3446,0,114.8666666666627,10.04987562112089,96.04686356149273,11.0,21.0,27.018512172212592,30.01666203960727,21.02379604162864,63.0317380372777,42.04759208325728,37.0,34.0,37.0,14.5,27.5,4.5,3.5,16.0312195418814,15.132745950421556,15.5,47.0,47.0,43.0,262.03053257206494,261.01724080987447,249.0180716333656,233.01931250435015
3447,36,3447,0,114.89999999999604,2.23606797749979,98.02040603874276,13.0,21.0,27.018512172212592,28.0178514522438,24.020824298928627,60.03332407921454,39.05124837953327,38.0,33.0,35.0,10.0,26.0,3.0,2.0,15.033296378372908,15.033296378372908,15.0,47.0,47.0,42.0,262.03053257206494,261.03064954139006,250.01799935204664,235.00851048419503
3448,36,3448,0,114.93333333332936,1.0,99.00505037623081,12.0,19.0,26.019223662515376,28.0178514522438,25.079872407968907,57.0350769263968,38.05259518088089,37.5,33.0,34.0,8.5,23.5,1.5,2.5,16.0312195418814,15.033296378372908,15.5,46.0,47.0,44.0,261.00766272276377,260.00192306981114,247.00809703327542,232.0
3449,36,3449,0,114.96666666666268,1.0,99.00505037623081,12.0,19.0,26.019223662515376,28.0178514522438,25.079872407968907,57.0350769263968,38.05259518088089,37.5,33.0,34.0,8.5,23.5,1.5,2.5,16.0312195418814,15.033296378372908,15.5,46.0,47.0,44.0,261.00766272276377,260.00192306981114,247.00809703327542,232.0
3450,36,3450,0,114.99999999999602,2.0,99.02019995940222,12.0,18.0,26.019223662515376,28.0178514522438,25.019992006393608,55.08175741568164,37.12142238654117,37.0,31.0,33.0,7.0,23.0,2.0,4.0,16.0312195418814,15.132745950421556,15.0,46.0,47.0,43.0,261.0019157017818,260.0,249.0,235.00212764994276
3451,36,3451,0,115.03333333332937,1.0,100.0199980003999,12.041594578792296,18.0,26.019223662515376,28.0178514522438,24.020824298928627,54.08326913195984,36.124783736376884,36.0,30.0,32.0,7.0,23.0,3.0,4.0,15.033296378372908,14.035668847618199,14.5,46.0,47.0,42.0,262.01717500957835,261.0019157017818,251.0019920239678,236.0
3452,36,3452,0,115.06666666666268,2.0,101.01980003939822,12.0,19.0,26.019223662515376,28.0178514522438,24.020824298928627,55.08175741568164,36.124783736376884,36.0,30.0,32.0,7.0,24.0,3.0,4.0,15.033296378372908,14.035668847618199,14.5,47.0,48.0,42.01190307520001,261.03064954139006,261.00766272276377,252.00198411917316,237.0
3453,36,3453,0,115.09999999999602,2.23606797749979,100.00499987500625,13.0,19.0,26.019223662515376,28.0178514522438,24.0,55.036351623268054,36.05551275463989,36.5,30.0,31.0,6.5,24.5,2.5,4.5,15.033296378372908,14.035668847618199,14.0,47.0,48.0,42.0,262.01717500957835,262.0019083899963,252.00198411917316,238.00840321299583
3454,36,3454,0,115.13333333332936,2.23606797749979,100.0199980003999,13.038404810405298,19.0,26.019223662515376,27.073972741361768,24.0,54.037024344425184,35.05709628591621,36.0,29.0,31.0,6.0,24.0,3.0,5.0,14.035668847618199,14.035668847618199,14.5,47.0,48.0,44.0,263.0304164920856,264.0170449043016,254.01771591761076,239.00209204105306
3455,36,3455,0,115.16666666666268,2.8284271247461903,101.01980003939822,13.0,19.026297590440446,26.019223662515376,28.0178514522438,24.0,54.08326913195984,35.05709628591621,36.0,29.0,31.0,6.0,24.0,3.0,5.0,15.033296378372908,14.035668847618199,14.5,47.0,48.0,43.0,263.0304164920856,263.00760445279906,254.00787389370433,239.0
